// Generated by InstanceGenerator.py v0.1
// Juan Francisco Martinez Vera
// AMMM - MIRI, FIB UPC
//
// RAND_SEED=1484787332

bigM=100000;

nLocations=50;
startLocation=5;
distances=[   [   0,
        70,
        162,
        164,
        60,
        94,
        163,
        189,
        161,
        220,
        300,
        76,
        191,
        326,
        35,
        260,
        312,
        301,
        300,
        53,
        192,
        144,
        279,
        234,
        150,
        343,
        134,
        156,
        147,
        104,
        312,
        126,
        180,
        226,
        114,
        89,
        92,
        84,
        195,
        160,
        124,
        122,
        240,
        150,
        198,
        259,
        330,
        339,
        222,
        74],
    [   70,
        0,
        129,
        234,
        102,
        74,
        234,
        168,
        134,
        176,
        316,
        146,
        232,
        369,
        95,
        232,
        344,
        300,
        317,
        69,
        161,
        142,
        347,
        189,
        101,
        391,
        105,
        226,
        80,
        53,
        275,
        63,
        244,
        195,
        44,
        133,
        49,
        139,
        201,
        230,
        165,
        180,
        194,
        92,
        194,
        207,
        375,
        377,
        169,
        138],
    [   162,
        129,
        0,
        307,
        217,
        68,
        293,
        293,
        258,
        284,
        445,
        228,
        352,
        488,
        156,
        103,
        469,
        428,
        446,
        192,
        280,
        65,
        426,
        75,
        212,
        505,
        229,
        274,
        167,
        173,
        382,
        167,
        338,
        66,
        112,
        249,
        175,
        166,
        109,
        279,
        284,
        284,
        81,
        64,
        87,
        299,
        493,
        499,
        78,
        236],
    [   164,
        234,
        307,
        0,
        151,
        244,
        34,
        285,
        273,
        343,
        300,
        87,
        159,
        246,
        153,
        387,
        268,
        337,
        295,
        184,
        303,
        262,
        119,
        382,
        290,
        244,
        258,
        61,
        304,
        255,
        415,
        281,
        64,
        361,
        278,
        137,
        240,
        145,
        288,
        58,
        141,
        92,
        389,
        311,
        306,
        390,
        246,
        271,
        378,
        103],
    [   60,
        102,
        217,
        151,
        0,
        150,
        163,
        148,
        127,
        195,
        241,
        74,
        134,
        270,
        88,
        317,
        253,
        246,
        240,
        36,
        159,
        204,
        254,
        286,
        138,
        290,
        108,
        166,
        156,
        106,
        278,
        133,
        146,
        283,
        145,
        31,
        91,
        131,
        255,
        169,
        66,
        79,
        292,
        194,
        259,
        240,
        275,
        281,
        270,
        48],
    [   94,
        74,
        68,
        244,
        150,
        0,
        233,
        243,
        208,
        247,
        383,
        162,
        285,
        420,
        90,
        167,
        403,
        372,
        384,
        127,
        235,
        68,
        363,
        141,
        172,
        437,
        179,
        217,
        138,
        126,
        347,
        129,
        271,
        132,
        81,
        181,
        123,
        111,
        127,
        222,
        217,
        216,
        147,
        74,
        119,
        273,
        425,
        432,
        134,
        168],
    [   163,
        234,
        293,
        34,
        163,
        233,
        0,
        305,
        290,
        358,
        332,
        91,
        191,
        280,
        145,
        367,
        302,
        367,
        328,
        193,
        320,
        243,
        138,
        368,
        301,
        277,
        271,
        27,
        309,
        262,
        435,
        286,
        99,
        343,
        277,
        155,
        247,
        127,
        263,
        23,
        166,
        117,
        375,
        304,
        283,
        404,
        280,
        305,
        367,
        115],
    [   189,
        168,
        293,
        285,
        148,
        243,
        305,
        0,
        35,
        71,
        176,
        221,
        174,
        284,
        224,
        395,
        233,
        138,
        181,
        136,
        29,
        310,
        361,
        340,
        88,
        317,
        64,
        312,
        141,
        119,
        130,
        129,
        253,
        357,
        182,
        149,
        119,
        272,
        368,
        314,
        146,
        194,
        343,
        240,
        363,
        120,
        292,
        278,
        310,
        192],
    [   161,
        134,
        258,
        273,
        127,
        208,
        290,
        35,
        0,
        69,
        206,
        202,
        182,
        302,
        196,
        360,
        256,
        172,
        210,
        109,
        31,
        276,
        359,
        305,
        55,
        334,
        29,
        294,
        108,
        84,
        152,
        95,
        249,
        322,
        147,
        135,
        84,
        245,
        335,
        297,
        141,
        185,
        308,
        205,
        328,
        118,
        310,
        300,
        276,
        174],
    [   220,
        176,
        284,
        343,
        195,
        247,
        358,
        71,
        69,
        0,
        237,
        270,
        245,
        354,
        255,
        380,
        301,
        185,
        243,
        172,
        43,
        316,
        428,
        316,
        75,
        389,
        88,
        362,
        117,
        123,
        99,
        118,
        318,
        342,
        172,
        205,
        131,
        304,
        374,
        364,
        210,
        255,
        317,
        223,
        363,
        49,
        363,
        348,
        283,
        243],
    [   300,
        316,
        445,
        300,
        241,
        383,
        332,
        176,
        206,
        237,
        0,
        286,
        140,
        147,
        328,
        548,
        79,
        72,
        8,
        256,
        203,
        444,
        316,
        503,
        261,
        186,
        226,
        352,
        313,
        279,
        227,
        297,
        240,
        511,
        343,
        217,
        272,
        366,
        496,
        352,
        185,
        222,
        506,
        402,
        498,
        277,
        156,
        127,
        477,
        256],
    [   76,
        146,
        228,
        87,
        74,
        162,
        91,
        221,
        202,
        270,
        286,
        0,
        154,
        277,
        71,
        317,
        278,
        305,
        283,
        101,
        234,
        193,
        203,
        302,
        209,
        287,
        182,
        91,
        218,
        170,
        352,
        195,
        110,
        287,
        191,
        76,
        156,
        86,
        231,
        94,
        101,
        69,
        309,
        225,
        243,
        314,
        280,
        295,
        295,
        31],
    [   191,
        232,
        352,
        159,
        134,
        285,
        191,
        174,
        182,
        245,
        140,
        154,
        0,
        136,
        210,
        451,
        124,
        182,
        136,
        163,
        202,
        334,
        196,
        420,
        226,
        159,
        185,
        212,
        265,
        217,
        289,
        243,
        102,
        417,
        272,
        103,
        205,
        239,
        380,
        211,
        68,
        85,
        425,
        325,
        388,
        294,
        142,
        147,
        402,
        128],
    [   326,
        369,
        488,
        246,
        270,
        420,
        280,
        284,
        302,
        354,
        147,
        277,
        136,
        0,
        341,
        586,
        67,
        219,
        138,
        300,
        313,
        467,
        207,
        557,
        352,
        39,
        311,
        307,
        396,
        351,
        367,
        375,
        183,
        552,
        408,
        239,
        339,
        363,
        509,
        304,
        204,
        209,
        562,
        462,
        519,
        400,
        9,
        30,
        539,
        257],
    [   35,
        95,
        156,
        153,
        88,
        90,
        145,
        224,
        196,
        255,
        328,
        71,
        210,
        341,
        0,
        246,
        334,
        333,
        327,
        87,
        227,
        125,
        272,
        231,
        183,
        355,
        169,
        133,
        175,
        136,
        348,
        155,
        182,
        216,
        134,
        112,
        125,
        49,
        170,
        138,
        146,
        132,
        237,
        158,
        177,
        292,
        345,
        357,
        224,
        84],
    [   260,
        232,
        103,
        387,
        317,
        167,
        367,
        395,
        360,
        380,
        548,
        317,
        451,
        586,
        246,
        0,
        570,
        531,
        549,
        294,
        380,
        124,
        504,
        73,
        312,
        601,
        332,
        343,
        262,
        276,
        476,
        267,
        427,
        37,
        213,
        348,
        278,
        241,
        114,
        349,
        383,
        379,
        76,
        157,
        87,
        388,
        590,
        599,
        109,
        330],
    [   312,
        344,
        469,
        268,
        253,
        403,
        302,
        233,
        256,
        301,
        79,
        278,
        124,
        67,
        334,
        570,
        0,
        152,
        71,
        277,
        262,
        457,
        257,
        533,
        310,
        107,
        271,
        326,
        358,
        317,
        304,
        339,
        204,
        535,
        378,
        223,
        307,
        363,
        504,
        324,
        188,
        209,
        538,
        435,
        510,
        345,
        77,
        48,
        512,
        252],
    [   301,
        300,
        428,
        337,
        246,
        372,
        367,
        138,
        172,
        185,
        72,
        305,
        182,
        219,
        333,
        531,
        152,
        0,
        81,
        251,
        160,
        437,
        373,
        478,
        226,
        258,
        199,
        383,
        279,
        255,
        157,
        267,
        284,
        493,
        319,
        230,
        252,
        377,
        493,
        383,
        205,
        250,
        481,
        377,
        491,
        217,
        228,
        200,
        449,
        273],
    [   300,
        317,
        446,
        295,
        240,
        384,
        328,
        181,
        210,
        243,
        8,
        283,
        136,
        138,
        327,
        549,
        71,
        81,
        0,
        256,
        209,
        444,
        309,
        505,
        265,
        178,
        230,
        348,
        317,
        282,
        235,
        300,
        235,
        513,
        346,
        216,
        275,
        364,
        496,
        347,
        183,
        218,
        509,
        404,
        498,
        283,
        148,
        119,
        480,
        254],
    [   53,
        69,
        192,
        184,
        36,
        127,
        193,
        136,
        109,
        172,
        256,
        101,
        163,
        300,
        87,
        294,
        277,
        251,
        256,
        0,
        141,
        188,
        289,
        257,
        108,
        322,
        84,
        192,
        121,
        71,
        261,
        97,
        182,
        258,
        110,
        65,
        56,
        136,
        243,
        195,
        96,
        115,
        262,
        161,
        242,
        214,
        305,
        309,
        238,
        81],
    [   192,
        161,
        280,
        303,
        159,
        235,
        320,
        29,
        31,
        43,
        203,
        234,
        202,
        313,
        227,
        380,
        262,
        160,
        209,
        141,
        0,
        303,
        385,
        322,
        68,
        347,
        58,
        325,
        121,
        108,
        120,
        113,
        276,
        342,
        167,
        165,
        112,
        277,
        362,
        328,
        167,
        213,
        324,
        224,
        354,
        93,
        321,
        308,
        291,
        206],
    [   144,
        142,
        65,
        262,
        204,
        68,
        243,
        310,
        276,
        316,
        444,
        193,
        334,
        467,
        125,
        124,
        457,
        437,
        444,
        188,
        303,
        0,
        380,
        131,
        240,
        479,
        247,
        221,
        204,
        195,
        415,
        197,
        303,
        100,
        146,
        233,
        192,
        117,
        58,
        226,
        268,
        257,
        138,
        118,
        54,
        339,
        470,
        482,
        142,
        209],
    [   279,
        347,
        426,
        119,
        254,
        363,
        138,
        361,
        359,
        428,
        316,
        203,
        196,
        207,
        272,
        504,
        257,
        373,
        309,
        289,
        385,
        380,
        0,
        501,
        388,
        186,
        351,
        163,
        411,
        360,
        483,
        387,
        110,
        479,
        392,
        230,
        345,
        263,
        401,
        158,
        218,
        177,
        508,
        428,
        421,
        477,
        203,
        238,
        497,
        210],
    [   234,
        189,
        75,
        382,
        286,
        141,
        368,
        340,
        305,
        316,
        503,
        302,
        420,
        557,
        231,
        73,
        533,
        478,
        505,
        257,
        322,
        131,
        501,
        0,
        253,
        576,
        279,
        348,
        202,
        224,
        410,
        210,
        413,
        48,
        159,
        318,
        230,
        241,
        152,
        353,
        352,
        356,
        7,
        101,
        124,
        320,
        562,
        566,
        36,
        309],
    [   150,
        101,
        212,
        290,
        138,
        172,
        301,
        88,
        55,
        75,
        261,
        209,
        226,
        352,
        183,
        312,
        310,
        226,
        265,
        108,
        68,
        240,
        388,
        253,
        0,
        382,
        41,
        300,
        53,
        48,
        174,
        45,
        277,
        274,
        99,
        157,
        58,
        232,
        299,
        303,
        173,
        210,
        255,
        155,
        289,
        109,
        360,
        352,
        222,
        187],
    [   343,
        391,
        505,
        244,
        290,
        437,
        277,
        317,
        334,
        389,
        186,
        287,
        159,
        39,
        355,
        601,
        107,
        258,
        178,
        322,
        347,
        479,
        186,
        576,
        382,
        0,
        341,
        305,
        424,
        377,
        406,
        402,
        184,
        569,
        431,
        258,
        365,
        371,
        518,
        301,
        225,
        222,
        582,
        483,
        530,
        436,
        30,
        65,
        560,
        271],
    [   134,
        105,
        229,
        258,
        108,
        179,
        271,
        64,
        29,
        88,
        226,
        182,
        185,
        311,
        169,
        332,
        271,
        199,
        230,
        84,
        58,
        247,
        351,
        279,
        41,
        341,
        0,
        274,
        87,
        55,
        178,
        70,
        240,
        294,
        120,
        122,
        55,
        218,
        305,
        277,
        134,
        174,
        282,
        178,
        299,
        132,
        319,
        312,
        251,
        156],
    [   156,
        226,
        274,
        61,
        166,
        217,
        27,
        312,
        294,
        362,
        352,
        91,
        212,
        307,
        133,
        343,
        326,
        383,
        348,
        192,
        325,
        221,
        163,
        348,
        300,
        305,
        274,
        0,
        303,
        258,
        443,
        281,
        124,
        321,
        267,
        163,
        244,
        107,
        238,
        5,
        179,
        133,
        355,
        289,
        258,
        406,
        307,
        331,
        349,
        120],
    [   147,
        80,
        167,
        304,
        156,
        138,
        309,
        141,
        108,
        117,
        313,
        218,
        265,
        396,
        175,
        262,
        358,
        279,
        317,
        121,
        121,
        204,
        411,
        202,
        53,
        424,
        87,
        303,
        0,
        50,
        215,
        23,
        302,
        225,
        57,
        182,
        65,
        220,
        262,
        307,
        206,
        235,
        203,
        105,
        248,
        135,
        403,
        399,
        170,
        202],
    [   104,
        53,
        173,
        255,
        106,
        126,
        262,
        119,
        84,
        123,
        279,
        170,
        217,
        351,
        136,
        276,
        317,
        255,
        282,
        71,
        108,
        195,
        360,
        224,
        48,
        377,
        55,
        258,
        50,
        0,
        222,
        26,
        252,
        238,
        64,
        132,
        14,
        185,
        253,
        262,
        156,
        184,
        227,
        123,
        245,
        156,
        358,
        355,
        197,
        152],
    [   312,
        275,
        382,
        415,
        278,
        347,
        435,
        130,
        152,
        99,
        227,
        352,
        289,
        367,
        348,
        476,
        304,
        157,
        235,
        261,
        120,
        415,
        483,
        410,
        174,
        406,
        178,
        443,
        215,
        222,
        0,
        218,
        378,
        439,
        271,
        280,
        228,
        397,
        474,
        445,
        274,
        323,
        411,
        320,
        463,
        92,
        376,
        353,
        375,
        322],
    [   126,
        63,
        167,
        281,
        133,
        129,
        286,
        129,
        95,
        118,
        297,
        195,
        243,
        375,
        155,
        267,
        339,
        267,
        300,
        97,
        113,
        197,
        387,
        210,
        45,
        402,
        70,
        281,
        23,
        26,
        218,
        0,
        278,
        229,
        54,
        158,
        41,
        202,
        256,
        285,
        182,
        211,
        213,
        110,
        245,
        144,
        382,
        378,
        181,
        178],
    [   180,
        244,
        338,
        64,
        146,
        271,
        99,
        253,
        249,
        318,
        240,
        110,
        102,
        183,
        182,
        427,
        204,
        284,
        235,
        182,
        276,
        303,
        110,
        413,
        277,
        184,
        240,
        124,
        302,
        252,
        378,
        278,
        0,
        398,
        289,
        120,
        237,
        190,
        337,
        122,
        108,
        67,
        419,
        331,
        351,
        367,
        183,
        207,
        403,
        106],
    [   226,
        195,
        66,
        361,
        283,
        132,
        343,
        357,
        322,
        342,
        511,
        287,
        417,
        552,
        216,
        37,
        535,
        493,
        513,
        258,
        342,
        100,
        479,
        48,
        274,
        569,
        294,
        321,
        225,
        238,
        439,
        229,
        398,
        0,
        175,
        314,
        241,
        216,
        107,
        326,
        349,
        347,
        54,
        119,
        78,
        352,
        557,
        565,
        80,
        298],
    [   114,
        44,
        112,
        278,
        145,
        81,
        277,
        182,
        147,
        172,
        343,
        191,
        272,
        408,
        134,
        213,
        378,
        319,
        346,
        110,
        167,
        146,
        392,
        159,
        99,
        431,
        120,
        267,
        57,
        64,
        271,
        54,
        289,
        175,
        0,
        176,
        71,
        174,
        204,
        272,
        206,
        224,
        163,
        58,
        191,
        192,
        414,
        414,
        134,
        183],
    [   89,
        133,
        249,
        137,
        31,
        181,
        155,
        149,
        135,
        205,
        217,
        76,
        103,
        239,
        112,
        348,
        223,
        230,
        216,
        65,
        165,
        233,
        230,
        318,
        157,
        258,
        122,
        163,
        182,
        132,
        280,
        158,
        120,
        314,
        176,
        0,
        117,
        149,
        281,
        165,
        35,
        53,
        323,
        225,
        287,
        253,
        243,
        250,
        302,
        44],
    [   92,
        49,
        175,
        240,
        91,
        123,
        247,
        119,
        84,
        131,
        272,
        156,
        205,
        339,
        125,
        278,
        307,
        252,
        275,
        56,
        112,
        192,
        345,
        230,
        58,
        365,
        55,
        244,
        65,
        14,
        228,
        41,
        237,
        241,
        71,
        117,
        0,
        174,
        250,
        248,
        142,
        169,
        234,
        129,
        243,
        167,
        346,
        344,
        205,
        138],
    [   84,
        139,
        166,
        145,
        131,
        111,
        127,
        272,
        245,
        304,
        366,
        86,
        239,
        363,
        49,
        241,
        363,
        377,
        364,
        136,
        277,
        117,
        263,
        241,
        232,
        371,
        218,
        107,
        220,
        185,
        397,
        202,
        190,
        216,
        174,
        149,
        174,
        0,
        146,
        112,
        181,
        155,
        248,
        186,
        161,
        341,
        365,
        381,
        242,
        111],
    [   195,
        201,
        109,
        288,
        255,
        127,
        263,
        368,
        335,
        374,
        496,
        231,
        380,
        509,
        170,
        114,
        504,
        493,
        496,
        243,
        362,
        58,
        401,
        152,
        299,
        518,
        305,
        238,
        262,
        253,
        474,
        256,
        337,
        107,
        204,
        281,
        250,
        146,
        0,
        243,
        316,
        299,
        159,
        170,
        28,
        397,
        511,
        526,
        175,
        252],
    [   160,
        230,
        279,
        58,
        169,
        222,
        23,
        314,
        297,
        364,
        352,
        94,
        211,
        304,
        138,
        349,
        324,
        383,
        347,
        195,
        328,
        226,
        158,
        353,
        303,
        301,
        277,
        5,
        307,
        262,
        445,
        285,
        122,
        326,
        272,
        165,
        248,
        112,
        243,
        0,
        180,
        133,
        360,
        294,
        264,
        409,
        304,
        329,
        354,
        122],
    [   124,
        165,
        284,
        141,
        66,
        217,
        166,
        146,
        141,
        210,
        185,
        101,
        68,
        204,
        146,
        383,
        188,
        205,
        183,
        96,
        167,
        268,
        218,
        352,
        173,
        225,
        134,
        179,
        206,
        156,
        274,
        182,
        108,
        349,
        206,
        35,
        142,
        181,
        316,
        180,
        0,
        49,
        357,
        258,
        322,
        259,
        209,
        215,
        334,
        70],
    [   122,
        180,
        284,
        92,
        79,
        216,
        117,
        194,
        185,
        255,
        222,
        69,
        85,
        209,
        132,
        379,
        209,
        250,
        218,
        115,
        213,
        257,
        177,
        356,
        210,
        222,
        174,
        133,
        235,
        184,
        323,
        211,
        67,
        347,
        224,
        53,
        169,
        155,
        299,
        133,
        49,
        0,
        362,
        269,
        309,
        303,
        212,
        226,
        343,
        48],
    [   240,
        194,
        81,
        389,
        292,
        147,
        375,
        343,
        308,
        317,
        506,
        309,
        425,
        562,
        237,
        76,
        538,
        481,
        509,
        262,
        324,
        138,
        508,
        7,
        255,
        582,
        282,
        355,
        203,
        227,
        411,
        213,
        419,
        54,
        163,
        323,
        234,
        248,
        159,
        360,
        357,
        362,
        0,
        104,
        131,
        320,
        567,
        571,
        35,
        315],
    [   150,
        92,
        64,
        311,
        194,
        74,
        304,
        240,
        205,
        223,
        402,
        225,
        325,
        462,
        158,
        157,
        435,
        377,
        404,
        161,
        224,
        118,
        428,
        101,
        155,
        483,
        178,
        289,
        105,
        123,
        320,
        110,
        331,
        119,
        58,
        225,
        129,
        186,
        170,
        294,
        258,
        269,
        104,
        0,
        151,
        235,
        467,
        469,
        77,
        224],
    [   198,
        194,
        87,
        306,
        259,
        119,
        283,
        363,
        328,
        363,
        498,
        243,
        388,
        519,
        177,
        87,
        510,
        491,
        498,
        242,
        354,
        54,
        421,
        124,
        289,
        530,
        299,
        258,
        248,
        245,
        463,
        245,
        351,
        78,
        191,
        287,
        243,
        161,
        28,
        264,
        322,
        309,
        131,
        151,
        0,
        383,
        522,
        534,
        148,
        261],
    [   259,
        207,
        299,
        390,
        240,
        273,
        404,
        120,
        118,
        49,
        277,
        314,
        294,
        400,
        292,
        388,
        345,
        217,
        283,
        214,
        93,
        339,
        477,
        320,
        109,
        436,
        132,
        406,
        135,
        156,
        92,
        144,
        367,
        352,
        192,
        253,
        167,
        341,
        397,
        409,
        259,
        303,
        320,
        235,
        383,
        0,
        409,
        392,
        285,
        289],
    [   330,
        375,
        493,
        246,
        275,
        425,
        280,
        292,
        310,
        363,
        156,
        280,
        142,
        9,
        345,
        590,
        77,
        228,
        148,
        305,
        321,
        470,
        203,
        562,
        360,
        30,
        319,
        307,
        403,
        358,
        376,
        382,
        183,
        557,
        414,
        243,
        346,
        365,
        511,
        304,
        209,
        212,
        567,
        467,
        522,
        409,
        0,
        37,
        544,
        261],
    [   339,
        377,
        499,
        271,
        281,
        432,
        305,
        278,
        300,
        348,
        127,
        295,
        147,
        30,
        357,
        599,
        48,
        200,
        119,
        309,
        308,
        482,
        238,
        566,
        352,
        65,
        312,
        331,
        399,
        355,
        353,
        378,
        207,
        565,
        414,
        250,
        344,
        381,
        526,
        329,
        215,
        226,
        571,
        469,
        534,
        392,
        37,
        0,
        547,
        273],
    [   222,
        169,
        78,
        378,
        270,
        134,
        367,
        310,
        276,
        283,
        477,
        295,
        402,
        539,
        224,
        109,
        512,
        449,
        480,
        238,
        291,
        142,
        497,
        36,
        222,
        560,
        251,
        349,
        170,
        197,
        375,
        181,
        403,
        80,
        134,
        302,
        205,
        242,
        175,
        354,
        334,
        343,
        35,
        77,
        148,
        285,
        544,
        547,
        0,
        297],
    [   74,
        138,
        236,
        103,
        48,
        168,
        115,
        192,
        174,
        243,
        256,
        31,
        128,
        257,
        84,
        330,
        252,
        273,
        254,
        81,
        206,
        209,
        210,
        309,
        187,
        271,
        156,
        120,
        202,
        152,
        322,
        178,
        106,
        298,
        183,
        44,
        138,
        111,
        252,
        122,
        70,
        48,
        315,
        224,
        261,
        289,
        261,
        273,
        297,
        0]]
;
task=[   479,
    472,
    131,
    347,
    0,
    396,
    86,
    110,
    60,
    279,
    225,
    65,
    203,
    88,
    456,
    49,
    56,
    37,
    152,
    407,
    184,
    43,
    150,
    55,
    243,
    23,
    141,
    283,
    113,
    232,
    50,
    178,
    293,
    80,
    103,
    283,
    91,
    113,
    178,
    173,
    402,
    85,
    67,
    28,
    45,
    22,
    87,
    16,
    176,
    265]
;
minW=[   0,
    0,
    17,
    0,
    0,
    0,
    0,
    0,
    0,
    0,
    41,
    0,
    0,
    70,
    0,
    117,
    53,
    46,
    40,
    0,
    0,
    4,
    54,
    86,
    0,
    90,
    0,
    0,
    0,
    0,
    78,
    0,
    0,
    83,
    0,
    0,
    0,
    0,
    55,
    0,
    0,
    0,
    92,
    0,
    59,
    40,
    75,
    81,
    70,
    0]
;
maxW=[   260,
    302,
    417,
    351,
    720,
    350,
    363,
    348,
    327,
    395,
    441,
    274,
    334,
    470,
    288,
    517,
    453,
    446,
    440,
    236,
    359,
    404,
    454,
    486,
    338,
    490,
    308,
    366,
    356,
    306,
    478,
    333,
    346,
    483,
    345,
    231,
    291,
    331,
    455,
    369,
    266,
    279,
    492,
    394,
    459,
    440,
    475,
    481,
    470,
    248]
;