// Generated by InstanceGenerator.py v0.1
// Juan Francisco Martinez Vera
// AMMM - MIRI, FIB UPC
//
// RAND_SEED=1484782636

bigM=100000;

nLocations=70;
startLocation=3;
distances=[   [   0,
        92,
        85,
        246,
        202,
        64,
        179,
        220,
        24,
        163,
        133,
        164,
        169,
        137,
        200,
        138,
        248,
        159,
        99,
        74,
        213,
        256,
        93,
        65,
        149,
        213,
        181,
        188,
        253,
        182,
        212,
        155,
        70,
        190,
        155,
        173,
        86,
        17,
        77,
        165,
        81,
        99,
        219,
        279,
        91,
        91,
        273,
        176,
        223,
        121,
        152,
        133,
        200,
        31,
        94,
        168,
        226,
        142,
        116,
        234,
        220,
        174,
        228,
        19,
        234,
        164,
        101,
        244,
        134,
        110],
    [   92,
        0,
        9,
        227,
        244,
        155,
        183,
        193,
        107,
        93,
        111,
        145,
        223,
        146,
        136,
        69,
        217,
        202,
        100,
        156,
        200,
        229,
        114,
        156,
        66,
        174,
        120,
        207,
        237,
        194,
        220,
        100,
        24,
        142,
        178,
        211,
        148,
        100,
        16,
        128,
        142,
        118,
        271,
        253,
        116,
        30,
        247,
        200,
        176,
        178,
        199,
        207,
        182,
        69,
        108,
        129,
        248,
        208,
        116,
        191,
        270,
        138,
        179,
        77,
        232,
        86,
        158,
        226,
        53,
        18],
    [   85,
        9,
        0,
        234,
        246,
        148,
        187,
        200,
        99,
        102,
        117,
        151,
        223,
        150,
        145,
        78,
        225,
        203,
        103,
        152,
        207,
        236,
        116,
        150,
        75,
        182,
        129,
        210,
        244,
        198,
        225,
        108,
        15,
        151,
        180,
        213,
        146,
        92,
        14,
        136,
        140,
        120,
        271,
        260,
        117,
        36,
        254,
        203,
        185,
        177,
        199,
        205,
        188,
        64,
        110,
        137,
        251,
        207,
        120,
        200,
        271,
        145,
        188,
        72,
        238,
        96,
        157,
        233,
        62,
        25],
    [   246,
        227,
        234,
        0,
        154,
        287,
        75,
        38,
        270,
        158,
        118,
        84,
        179,
        111,
        132,
        169,
        34,
        149,
        146,
        233,
        34,
        26,
        154,
        262,
        192,
        66,
        130,
        97,
        11,
        84,
        67,
        135,
        239,
        98,
        114,
        138,
        193,
        263,
        223,
        100,
        193,
        148,
        186,
        37,
        157,
        198,
        32,
        110,
        80,
        181,
        158,
        225,
        46,
        219,
        152,
        100,
        102,
        205,
        129,
        66,
        181,
        91,
        83,
        229,
        41,
        175,
        182,
        1,
        193,
        229],
    [   202,
        244,
        246,
        154,
        0,
        206,
        98,
        165,
        219,
        231,
        156,
        145,
        41,
        108,
        234,
        224,
        183,
        43,
        146,
        144,
        131,
        179,
        129,
        176,
        251,
        185,
        219,
        62,
        150,
        81,
        87,
        204,
        240,
        196,
        73,
        33,
        115,
        216,
        231,
        174,
        120,
        126,
        34,
        188,
        128,
        217,
        184,
        55,
        206,
        82,
        49,
        101,
        142,
        193,
        136,
        178,
        58,
        79,
        135,
        201,
        30,
        174,
        211,
        195,
        114,
        247,
        100,
        154,
        242,
        257],
    [   64,
        155,
        148,
        287,
        206,
        0,
        214,
        267,
        50,
        225,
        185,
        212,
        167,
        175,
        261,
        201,
        295,
        170,
        148,
        62,
        253,
        301,
        134,
        30,
        213,
        264,
        241,
        212,
        292,
        212,
        241,
        215,
        132,
        245,
        181,
        186,
        98,
        56,
        141,
        218,
        96,
        139,
        214,
        322,
        130,
        155,
        317,
        197,
        277,
        126,
        160,
        114,
        244,
        94,
        138,
        223,
        245,
        131,
        162,
        286,
        217,
        227,
        282,
        82,
        267,
        228,
        113,
        286,
        198,
        173],
    [   179,
        183,
        187,
        75,
        98,
        214,
        0,
        70,
        203,
        142,
        74,
        50,
        111,
        41,
        138,
        141,
        94,
        78,
        86,
        158,
        42,
        95,
        85,
        187,
        168,
        87,
        125,
        37,
        78,
        17,
        37,
        115,
        187,
        99,
        40,
        72,
        118,
        196,
        174,
        80,
        119,
        80,
        132,
        112,
        88,
        152,
        107,
        43,
        108,
        106,
        87,
        151,
        45,
        157,
        86,
        83,
        70,
        132,
        68,
        105,
        128,
        78,
        113,
        164,
        55,
        159,
        107,
        74,
        163,
        190],
    [   220,
        193,
        200,
        38,
        165,
        267,
        70,
        0,
        245,
        120,
        88,
        55,
        182,
        95,
        95,
        131,
        28,
        149,
        120,
        218,
        35,
        36,
        132,
        244,
        154,
        28,
        92,
        103,
        49,
        85,
        81,
        98,
        206,
        59,
        109,
        142,
        178,
        238,
        189,
        64,
        178,
        127,
        199,
        60,
        137,
        164,
        54,
        113,
        46,
        173,
        157,
        219,
        25,
        192,
        128,
        63,
        121,
        202,
        105,
        37,
        194,
        55,
        51,
        202,
        66,
        137,
        170,
        36,
        155,
        193],
    [   24,
        107,
        99,
        270,
        219,
        50,
        203,
        245,
        0,
        185,
        158,
        189,
        184,
        161,
        224,
        159,
        273,
        178,
        124,
        82,
        237,
        281,
        117,
        63,
        168,
        237,
        204,
        209,
        277,
        205,
        235,
        178,
        83,
        214,
        176,
        192,
        103,
        8,
        93,
        189,
        98,
        123,
        233,
        304,
        114,
        111,
        298,
        197,
        247,
        137,
        169,
        142,
        225,
        55,
        118,
        193,
        247,
        153,
        141,
        258,
        235,
        199,
        252,
        43,
        258,
        185,
        119,
        269,
        154,
        125],
    [   163,
        93,
        102,
        158,
        231,
        225,
        142,
        120,
        185,
        0,
        74,
        92,
        226,
        123,
        43,
        25,
        138,
        196,
        98,
        201,
        140,
        151,
        121,
        215,
        35,
        94,
        30,
        176,
        169,
        158,
        175,
        27,
        114,
        60,
        158,
        199,
        175,
        176,
        98,
        63,
        171,
        120,
        264,
        174,
        126,
        74,
        169,
        177,
        90,
        192,
        198,
        234,
        119,
        131,
        113,
        61,
        212,
        227,
        101,
        106,
        261,
        68,
        91,
        143,
        176,
        18,
        177,
        156,
        42,
        85],
    [   133,
        111,
        117,
        118,
        156,
        185,
        74,
        88,
        158,
        74,
        0,
        34,
        152,
        49,
        88,
        68,
        115,
        121,
        37,
        145,
        89,
        124,
        56,
        166,
        95,
        79,
        69,
        105,
        127,
        88,
        111,
        49,
        120,
        61,
        83,
        124,
        111,
        150,
        105,
        33,
        108,
        53,
        189,
        148,
        61,
        81,
        142,
        103,
        92,
        121,
        123,
        166,
        72,
        104,
        49,
        38,
        143,
        156,
        29,
        100,
        186,
        41,
        97,
        115,
        121,
        90,
        109,
        117,
        89,
        116],
    [   164,
        145,
        151,
        84,
        145,
        212,
        50,
        55,
        189,
        92,
        34,
        0,
        149,
        47,
        89,
        94,
        83,
        116,
        65,
        165,
        55,
        91,
        78,
        190,
        120,
        54,
        75,
        86,
        93,
        67,
        83,
        65,
        154,
        52,
        75,
        115,
        128,
        182,
        139,
        30,
        126,
        73,
        179,
        115,
        82,
        115,
        109,
        89,
        72,
        129,
        122,
        176,
        37,
        136,
        73,
        33,
        120,
        161,
        49,
        76,
        175,
        29,
        77,
        147,
        88,
        110,
        122,
        82,
        117,
        149],
    [   169,
        223,
        223,
        179,
        41,
        167,
        111,
        182,
        184,
        226,
        152,
        149,
        0,
        104,
        237,
        214,
        204,
        33,
        132,
        105,
        150,
        203,
        111,
        136,
        240,
        197,
        220,
        82,
        178,
        96,
        113,
        201,
        215,
        202,
        74,
        40,
        82,
        181,
        209,
        176,
        88,
        110,
        50,
        215,
        108,
        199,
        211,
        69,
        218,
        48,
        28,
        59,
        157,
        165,
        119,
        181,
        94,
        38,
        125,
        216,
        51,
        178,
        223,
        165,
        143,
        240,
        68,
        179,
        230,
        238],
    [   137,
        146,
        150,
        111,
        108,
        175,
        41,
        95,
        161,
        123,
        49,
        47,
        104,
        0,
        132,
        116,
        122,
        72,
        46,
        123,
        77,
        127,
        44,
        150,
        143,
        101,
        115,
        60,
        117,
        48,
        77,
        97,
        148,
        98,
        34,
        75,
        83,
        155,
        136,
        71,
        83,
        38,
        140,
        147,
        47,
        117,
        141,
        56,
        119,
        81,
        76,
        128,
        70,
        115,
        44,
        76,
        101,
        114,
        30,
        122,
        137,
        75,
        125,
        123,
        96,
        139,
        75,
        110,
        135,
        155],
    [   200,
        136,
        145,
        132,
        234,
        261,
        138,
        95,
        224,
        43,
        88,
        89,
        237,
        132,
        0,
        67,
        106,
        204,
        121,
        230,
        123,
        120,
        144,
        247,
        76,
        66,
        20,
        175,
        144,
        155,
        165,
        46,
        157,
        39,
        164,
        204,
        199,
        215,
        140,
        61,
        195,
        141,
        268,
        141,
        149,
        116,
        137,
        178,
        54,
        210,
        209,
        255,
        103,
        169,
        136,
        56,
        205,
        244,
        118,
        71,
        265,
        60,
        54,
        181,
        159,
        54,
        198,
        130,
        85,
        128],
    [   138,
        69,
        78,
        169,
        224,
        201,
        141,
        131,
        159,
        25,
        68,
        94,
        214,
        116,
        67,
        0,
        153,
        186,
        83,
        180,
        147,
        165,
        105,
        191,
        27,
        109,
        51,
        173,
        179,
        156,
        177,
        34,
        89,
        76,
        151,
        190,
        156,
        151,
        73,
        69,
        152,
        105,
        255,
        189,
        110,
        49,
        184,
        171,
        108,
        177,
        186,
        217,
        126,
        106,
        97,
        68,
        211,
        211,
        89,
        124,
        253,
        77,
        111,
        118,
        182,
        28,
        160,
        167,
        24,
        64],
    [   248,
        217,
        225,
        34,
        183,
        295,
        94,
        28,
        273,
        138,
        115,
        83,
        204,
        122,
        106,
        153,
        0,
        172,
        148,
        245,
        53,
        13,
        160,
        272,
        173,
        43,
        108,
        123,
        44,
        107,
        96,
        119,
        231,
        77,
        134,
        164,
        206,
        265,
        215,
        89,
        205,
        155,
        216,
        36,
        165,
        189,
        31,
        135,
        51,
        199,
        181,
        245,
        51,
        219,
        157,
        87,
        134,
        227,
        133,
        35,
        211,
        79,
        53,
        230,
        74,
        154,
        197,
        32,
        176,
        216],
    [   159,
        202,
        203,
        149,
        43,
        170,
        78,
        149,
        178,
        196,
        121,
        116,
        33,
        72,
        204,
        186,
        172,
        0,
        105,
        108,
        119,
        172,
        87,
        140,
        212,
        164,
        188,
        52,
        148,
        64,
        85,
        170,
        196,
        169,
        41,
        15,
        74,
        174,
        188,
        143,
        79,
        84,
        69,
        185,
        85,
        175,
        181,
        38,
        184,
        44,
        11,
        78,
        124,
        150,
        94,
        148,
        76,
        57,
        96,
        183,
        68,
        145,
        190,
        152,
        115,
        211,
        59,
        148,
        203,
        215],
    [   99,
        100,
        103,
        146,
        146,
        148,
        86,
        120,
        124,
        98,
        37,
        65,
        132,
        46,
        121,
        83,
        148,
        105,
        0,
        109,
        114,
        156,
        23,
        129,
        108,
        115,
        101,
        106,
        154,
        94,
        122,
        77,
        102,
        98,
        77,
        113,
        77,
        117,
        89,
        70,
        74,
        22,
        175,
        179,
        27,
        72,
        173,
        100,
        129,
        94,
        105,
        136,
        100,
        73,
        14,
        75,
        147,
        128,
        18,
        137,
        173,
        78,
        134,
        82,
        140,
        110,
        78,
        145,
        98,
        111],
    [   74,
        156,
        152,
        233,
        144,
        62,
        158,
        218,
        82,
        201,
        145,
        165,
        105,
        123,
        230,
        180,
        245,
        108,
        109,
        0,
        199,
        250,
        89,
        32,
        199,
        220,
        210,
        151,
        236,
        153,
        182,
        184,
        139,
        207,
        122,
        123,
        40,
        82,
        140,
        179,
        39,
        93,
        154,
        269,
        84,
        143,
        264,
        137,
        235,
        63,
        97,
        59,
        193,
        87,
        95,
        183,
        183,
        72,
        118,
        241,
        156,
        186,
        241,
        81,
        209,
        209,
        52,
        232,
        185,
        174],
    [   213,
        200,
        207,
        34,
        131,
        253,
        42,
        35,
        237,
        140,
        89,
        55,
        150,
        77,
        123,
        147,
        53,
        119,
        114,
        199,
        0,
        53,
        120,
        227,
        172,
        60,
        116,
        69,
        39,
        54,
        46,
        115,
        210,
        85,
        82,
        110,
        159,
        230,
        194,
        78,
        159,
        114,
        164,
        70,
        124,
        170,
        65,
        81,
        80,
        148,
        128,
        193,
        21,
        187,
        118,
        79,
        86,
        174,
        96,
        72,
        159,
        71,
        85,
        196,
        36,
        158,
        148,
        33,
        171,
        204],
    [   256,
        229,
        236,
        26,
        179,
        301,
        95,
        36,
        281,
        151,
        124,
        91,
        203,
        127,
        120,
        165,
        13,
        172,
        156,
        250,
        53,
        0,
        167,
        278,
        186,
        56,
        121,
        121,
        34,
        107,
        92,
        131,
        242,
        90,
        135,
        162,
        210,
        274,
        226,
        100,
        210,
        161,
        212,
        24,
        171,
        200,
        18,
        134,
        65,
        201,
        181,
        246,
        57,
        228,
        164,
        99,
        128,
        228,
        140,
        49,
        207,
        90,
        67,
        239,
        67,
        168,
        201,
        25,
        189,
        228],
    [   93,
        114,
        116,
        154,
        129,
        134,
        85,
        132,
        117,
        121,
        56,
        78,
        111,
        44,
        144,
        105,
        160,
        87,
        23,
        89,
        120,
        167,
        0,
        112,
        130,
        131,
        124,
        98,
        160,
        90,
        119,
        100,
        111,
        118,
        66,
        96,
        55,
        111,
        101,
        90,
        52,
        5,
        156,
        188,
        5,
        88,
        183,
        89,
        146,
        71,
        85,
        113,
        110,
        72,
        8,
        94,
        138,
        105,
        29,
        153,
        155,
        97,
        152,
        79,
        141,
        133,
        55,
        153,
        119,
        127],
    [   65,
        156,
        150,
        262,
        176,
        30,
        187,
        244,
        63,
        215,
        166,
        190,
        136,
        150,
        247,
        191,
        272,
        140,
        129,
        32,
        227,
        278,
        112,
        0,
        208,
        244,
        227,
        183,
        266,
        184,
        213,
        201,
        135,
        228,
        153,
        155,
        70,
        66,
        140,
        200,
        68,
        117,
        183,
        298,
        107,
        149,
        292,
        168,
        258,
        96,
        129,
        85,
        221,
        88,
        117,
        205,
        215,
        101,
        141,
        266,
        186,
        208,
        263,
        79,
        240,
        220,
        84,
        261,
        193,
        174],
    [   149,
        66,
        75,
        192,
        251,
        213,
        168,
        154,
        168,
        35,
        95,
        120,
        240,
        143,
        76,
        27,
        173,
        212,
        108,
        199,
        172,
        186,
        130,
        208,
        0,
        129,
        65,
        201,
        203,
        183,
        203,
        57,
        90,
        95,
        178,
        217,
        179,
        160,
        76,
        94,
        174,
        131,
        282,
        210,
        134,
        58,
        204,
        199,
        125,
        201,
        213,
        240,
        151,
        120,
        122,
        92,
        238,
        235,
        116,
        142,
        280,
        101,
        127,
        131,
        207,
        21,
        184,
        190,
        14,
        54],
    [   213,
        174,
        182,
        66,
        185,
        264,
        87,
        28,
        237,
        94,
        79,
        54,
        197,
        101,
        66,
        109,
        43,
        164,
        115,
        220,
        60,
        56,
        131,
        244,
        129,
        0,
        65,
        123,
        77,
        104,
        106,
        75,
        189,
        33,
        123,
        159,
        182,
        229,
        173,
        48,
        181,
        127,
        220,
        80,
        136,
        147,
        75,
        131,
        20,
        182,
        171,
        229,
        43,
        182,
        126,
        45,
        146,
        214,
        102,
        21,
        215,
        38,
        26,
        194,
        94,
        111,
        176,
        64,
        132,
        173],
    [   181,
        120,
        129,
        130,
        219,
        241,
        125,
        92,
        204,
        30,
        69,
        75,
        220,
        115,
        20,
        51,
        108,
        188,
        101,
        210,
        116,
        121,
        124,
        227,
        65,
        65,
        0,
        161,
        141,
        142,
        155,
        26,
        140,
        32,
        148,
        188,
        179,
        196,
        123,
        45,
        176,
        121,
        253,
        144,
        129,
        98,
        139,
        164,
        59,
        191,
        192,
        236,
        95,
        149,
        116,
        41,
        194,
        225,
        98,
        76,
        250,
        47,
        61,
        161,
        152,
        46,
        178,
        128,
        72,
        114],
    [   188,
        207,
        210,
        97,
        62,
        212,
        37,
        103,
        209,
        176,
        105,
        86,
        82,
        60,
        175,
        173,
        123,
        52,
        106,
        151,
        69,
        121,
        98,
        183,
        201,
        123,
        161,
        0,
        96,
        19,
        32,
        149,
        208,
        136,
        33,
        41,
        113,
        204,
        196,
        116,
        115,
        93,
        96,
        133,
        99,
        178,
        128,
        15,
        144,
        91,
        63,
        131,
        80,
        170,
        102,
        120,
        40,
        110,
        91,
        139,
        92,
        115,
        149,
        176,
        62,
        194,
        99,
        97,
        194,
        216],
    [   253,
        237,
        244,
        11,
        150,
        292,
        78,
        49,
        277,
        169,
        127,
        93,
        178,
        117,
        144,
        179,
        44,
        148,
        154,
        236,
        39,
        34,
        160,
        266,
        203,
        77,
        141,
        96,
        0,
        85,
        64,
        146,
        248,
        109,
        116,
        137,
        196,
        270,
        232,
        110,
        197,
        154,
        182,
        37,
        163,
        208,
        33,
        110,
        92,
        182,
        158,
        225,
        55,
        227,
        158,
        111,
        96,
        206,
        136,
        77,
        176,
        102,
        95,
        236,
        36,
        187,
        185,
        13,
        203,
        240],
    [   182,
        194,
        198,
        84,
        81,
        212,
        17,
        85,
        205,
        158,
        88,
        67,
        96,
        48,
        155,
        156,
        107,
        64,
        94,
        153,
        54,
        107,
        90,
        184,
        183,
        104,
        142,
        19,
        85,
        0,
        30,
        131,
        196,
        116,
        31,
        56,
        114,
        199,
        184,
        97,
        115,
        84,
        115,
        121,
        91,
        164,
        116,
        27,
        125,
        97,
        74,
        140,
        62,
        162,
        92,
        101,
        55,
        121,
        77,
        121,
        111,
        95,
        130,
        169,
        56,
        175,
        101,
        84,
        178,
        202],
    [   212,
        220,
        225,
        67,
        87,
        241,
        37,
        81,
        235,
        175,
        111,
        83,
        113,
        77,
        165,
        177,
        96,
        85,
        122,
        182,
        46,
        92,
        119,
        213,
        203,
        106,
        155,
        32,
        64,
        30,
        0,
        148,
        224,
        126,
        60,
        73,
        143,
        229,
        211,
        112,
        145,
        114,
        120,
        102,
        121,
        190,
        98,
        47,
        126,
        123,
        96,
        163,
        63,
        192,
        121,
        115,
        40,
        143,
        105,
        118,
        114,
        108,
        131,
        199,
        29,
        193,
        129,
        67,
        199,
        227],
    [   155,
        100,
        108,
        135,
        204,
        215,
        115,
        98,
        178,
        27,
        49,
        65,
        201,
        97,
        46,
        34,
        119,
        170,
        77,
        184,
        115,
        131,
        100,
        201,
        57,
        75,
        26,
        149,
        146,
        131,
        148,
        0,
        118,
        42,
        131,
        172,
        155,
        170,
        101,
        37,
        151,
        98,
        237,
        155,
        105,
        75,
        150,
        150,
        76,
        169,
        173,
        213,
        94,
        123,
        92,
        35,
        185,
        204,
        76,
        91,
        234,
        44,
        79,
        135,
        150,
        44,
        155,
        133,
        57,
        97],
    [   70,
        24,
        15,
        239,
        240,
        132,
        187,
        206,
        83,
        114,
        120,
        154,
        215,
        148,
        157,
        89,
        231,
        196,
        102,
        139,
        210,
        242,
        111,
        135,
        90,
        189,
        140,
        208,
        248,
        196,
        224,
        118,
        0,
        159,
        177,
        207,
        136,
        76,
        16,
        142,
        130,
        116,
        264,
        266,
        112,
        42,
        260,
        200,
        194,
        168,
        192,
        193,
        192,
        52,
        106,
        144,
        249,
        196,
        119,
        208,
        264,
        152,
        197,
        58,
        239,
        109,
        148,
        237,
        76,
        41],
    [   190,
        142,
        151,
        98,
        196,
        245,
        99,
        59,
        214,
        60,
        61,
        52,
        202,
        98,
        39,
        76,
        77,
        169,
        98,
        207,
        85,
        90,
        118,
        228,
        95,
        33,
        32,
        136,
        109,
        116,
        126,
        42,
        159,
        0,
        127,
        167,
        172,
        206,
        143,
        28,
        170,
        114,
        230,
        114,
        123,
        117,
        109,
        140,
        34,
        179,
        174,
        225,
        64,
        158,
        111,
        23,
        165,
        212,
        90,
        48,
        227,
        23,
        38,
        170,
        121,
        78,
        169,
        96,
        99,
        140],
    [   155,
        178,
        180,
        114,
        73,
        181,
        40,
        109,
        176,
        158,
        83,
        75,
        74,
        34,
        164,
        151,
        134,
        41,
        77,
        122,
        82,
        135,
        66,
        153,
        178,
        123,
        148,
        33,
        116,
        31,
        60,
        131,
        177,
        127,
        0,
        40,
        82,
        171,
        166,
        103,
        84,
        61,
        105,
        151,
        66,
        149,
        146,
        22,
        143,
        66,
        48,
        111,
        84,
        137,
        70,
        107,
        72,
        93,
        63,
        142,
        102,
        104,
        148,
        143,
        87,
        174,
        69,
        114,
        170,
        188],
    [   173,
        211,
        213,
        138,
        33,
        186,
        72,
        142,
        192,
        199,
        124,
        115,
        40,
        75,
        204,
        190,
        164,
        15,
        113,
        123,
        110,
        162,
        96,
        155,
        217,
        159,
        188,
        41,
        137,
        56,
        73,
        172,
        207,
        167,
        40,
        0,
        89,
        188,
        198,
        143,
        93,
        93,
        64,
        174,
        95,
        184,
        170,
        29,
        180,
        59,
        26,
        92,
        118,
        162,
        103,
        148,
        60,
        71,
        101,
        177,
        62,
        144,
        186,
        165,
        102,
        214,
        74,
        138,
        209,
        223],
    [   86,
        148,
        146,
        193,
        115,
        98,
        118,
        178,
        103,
        175,
        111,
        128,
        82,
        83,
        199,
        156,
        206,
        74,
        77,
        40,
        159,
        210,
        55,
        70,
        179,
        182,
        179,
        113,
        196,
        114,
        143,
        155,
        136,
        172,
        82,
        89,
        0,
        100,
        132,
        144,
        5,
        58,
        132,
        229,
        50,
        128,
        224,
        99,
        199,
        34,
        66,
        61,
        154,
        84,
        63,
        149,
        147,
        60,
        82,
        204,
        133,
        150,
        205,
        83,
        170,
        185,
        15,
        192,
        166,
        164],
    [   17,
        100,
        92,
        263,
        216,
        56,
        196,
        238,
        8,
        176,
        150,
        182,
        181,
        155,
        215,
        151,
        265,
        174,
        117,
        82,
        230,
        274,
        111,
        66,
        160,
        229,
        196,
        204,
        270,
        199,
        229,
        170,
        76,
        206,
        171,
        188,
        100,
        0,
        85,
        181,
        95,
        116,
        231,
        297,
        108,
        103,
        291,
        192,
        240,
        134,
        166,
        142,
        218,
        47,
        111,
        185,
        242,
        152,
        134,
        250,
        233,
        191,
        244,
        35,
        252,
        177,
        115,
        262,
        146,
        117],
    [   77,
        16,
        14,
        223,
        231,
        141,
        174,
        189,
        93,
        98,
        105,
        139,
        209,
        136,
        140,
        73,
        215,
        188,
        89,
        140,
        194,
        226,
        101,
        140,
        76,
        173,
        123,
        196,
        232,
        184,
        211,
        101,
        16,
        143,
        166,
        198,
        132,
        85,
        0,
        125,
        126,
        105,
        256,
        250,
        103,
        26,
        244,
        189,
        177,
        163,
        185,
        191,
        176,
        52,
        95,
        127,
        237,
        193,
        106,
        191,
        256,
        135,
        180,
        61,
        225,
        94,
        142,
        221,
        61,
        34],
    [   165,
        128,
        136,
        100,
        174,
        218,
        80,
        64,
        189,
        63,
        33,
        30,
        176,
        71,
        61,
        69,
        89,
        143,
        70,
        179,
        78,
        100,
        90,
        200,
        94,
        48,
        45,
        116,
        110,
        97,
        112,
        37,
        142,
        28,
        103,
        143,
        144,
        181,
        125,
        0,
        141,
        86,
        208,
        124,
        95,
        100,
        118,
        118,
        58,
        151,
        148,
        197,
        57,
        134,
        83,
        4,
        149,
        184,
        61,
        69,
        204,
        9,
        63,
        146,
        113,
        81,
        141,
        98,
        93,
        129],
    [   81,
        142,
        140,
        193,
        120,
        96,
        119,
        178,
        98,
        171,
        108,
        126,
        88,
        83,
        195,
        152,
        205,
        79,
        74,
        39,
        159,
        210,
        52,
        68,
        174,
        181,
        176,
        115,
        197,
        115,
        145,
        151,
        130,
        170,
        84,
        93,
        5,
        95,
        126,
        141,
        0,
        55,
        138,
        230,
        46,
        123,
        224,
        101,
        197,
        39,
        70,
        66,
        154,
        78,
        59,
        146,
        150,
        66,
        80,
        202,
        139,
        148,
        203,
        78,
        171,
        180,
        20,
        192,
        161,
        158],
    [   99,
        118,
        120,
        148,
        126,
        139,
        80,
        127,
        123,
        120,
        53,
        73,
        110,
        38,
        141,
        105,
        155,
        84,
        22,
        93,
        114,
        161,
        5,
        117,
        131,
        127,
        121,
        93,
        154,
        84,
        114,
        98,
        116,
        114,
        61,
        93,
        58,
        116,
        105,
        86,
        55,
        0,
        154,
        183,
        9,
        91,
        177,
        84,
        142,
        71,
        83,
        114,
        104,
        77,
        9,
        91,
        133,
        106,
        24,
        148,
        153,
        93,
        148,
        84,
        135,
        133,
        57,
        147,
        120,
        130],
    [   219,
        271,
        271,
        186,
        34,
        214,
        132,
        199,
        233,
        264,
        189,
        179,
        50,
        140,
        268,
        255,
        216,
        69,
        175,
        154,
        164,
        212,
        156,
        183,
        282,
        220,
        253,
        96,
        182,
        115,
        120,
        237,
        264,
        230,
        105,
        64,
        132,
        231,
        256,
        208,
        138,
        154,
        0,
        219,
        154,
        245,
        216,
        89,
        240,
        98,
        71,
        101,
        176,
        215,
        164,
        212,
        86,
        82,
        165,
        235,
        6,
        208,
        246,
        215,
        146,
        279,
        118,
        187,
        273,
        284],
    [   279,
        253,
        260,
        37,
        188,
        322,
        112,
        60,
        304,
        174,
        148,
        115,
        215,
        147,
        141,
        189,
        36,
        185,
        179,
        269,
        70,
        24,
        188,
        298,
        210,
        80,
        144,
        133,
        37,
        121,
        102,
        155,
        266,
        114,
        151,
        174,
        229,
        297,
        250,
        124,
        230,
        183,
        219,
        0,
        192,
        224,
        5,
        147,
        87,
        218,
        195,
        262,
        78,
        251,
        186,
        123,
        133,
        242,
        162,
        70,
        213,
        115,
        87,
        261,
        73,
        191,
        219,
        37,
        213,
        252],
    [   91,
        116,
        117,
        157,
        128,
        130,
        88,
        137,
        114,
        126,
        61,
        82,
        108,
        47,
        149,
        110,
        165,
        85,
        27,
        84,
        124,
        171,
        5,
        107,
        134,
        136,
        129,
        99,
        163,
        91,
        121,
        105,
        112,
        123,
        66,
        95,
        50,
        108,
        103,
        95,
        46,
        9,
        154,
        192,
        0,
        91,
        187,
        89,
        151,
        67,
        82,
        108,
        114,
        71,
        13,
        99,
        139,
        101,
        34,
        158,
        153,
        102,
        157,
        77,
        143,
        137,
        50,
        156,
        123,
        130],
    [   91,
        30,
        36,
        198,
        217,
        155,
        152,
        164,
        111,
        74,
        81,
        115,
        199,
        117,
        116,
        49,
        189,
        175,
        72,
        143,
        170,
        200,
        88,
        149,
        58,
        147,
        98,
        178,
        208,
        164,
        190,
        75,
        42,
        117,
        149,
        184,
        128,
        103,
        26,
        100,
        123,
        91,
        245,
        224,
        91,
        0,
        219,
        172,
        151,
        155,
        173,
        189,
        152,
        61,
        81,
        101,
        218,
        188,
        87,
        165,
        244,
        109,
        154,
        72,
        202,
        74,
        136,
        196,
        43,
        39],
    [   273,
        247,
        254,
        32,
        184,
        317,
        107,
        54,
        298,
        169,
        142,
        109,
        211,
        141,
        137,
        184,
        31,
        181,
        173,
        264,
        65,
        18,
        183,
        292,
        204,
        75,
        139,
        128,
        33,
        116,
        98,
        150,
        260,
        109,
        146,
        170,
        224,
        291,
        244,
        118,
        224,
        177,
        216,
        5,
        187,
        219,
        0,
        142,
        82,
        213,
        191,
        257,
        72,
        245,
        180,
        117,
        130,
        237,
        156,
        65,
        210,
        109,
        83,
        256,
        70,
        186,
        213,
        32,
        207,
        247],
    [   176,
        200,
        203,
        110,
        55,
        197,
        43,
        113,
        197,
        177,
        103,
        89,
        69,
        56,
        178,
        171,
        135,
        38,
        100,
        137,
        81,
        134,
        89,
        168,
        199,
        131,
        164,
        15,
        110,
        27,
        47,
        150,
        200,
        140,
        22,
        29,
        99,
        192,
        189,
        118,
        101,
        84,
        89,
        147,
        89,
        172,
        142,
        0,
        152,
        76,
        48,
        116,
        89,
        160,
        93,
        122,
        50,
        96,
        85,
        148,
        86,
        118,
        157,
        165,
        77,
        193,
        84,
        110,
        191,
        211],
    [   223,
        176,
        185,
        80,
        206,
        277,
        108,
        46,
        247,
        90,
        92,
        72,
        218,
        119,
        54,
        108,
        51,
        184,
        129,
        235,
        80,
        65,
        146,
        258,
        125,
        20,
        59,
        144,
        92,
        125,
        126,
        76,
        194,
        34,
        143,
        180,
        199,
        240,
        177,
        58,
        197,
        142,
        240,
        87,
        151,
        151,
        82,
        152,
        0,
        201,
        191,
        248,
        64,
        192,
        140,
        54,
        166,
        233,
        117,
        17,
        236,
        50,
        5,
        204,
        113,
        105,
        194,
        79,
        130,
        173],
    [   121,
        178,
        177,
        181,
        82,
        126,
        106,
        173,
        137,
        192,
        121,
        129,
        48,
        81,
        210,
        177,
        199,
        44,
        94,
        63,
        148,
        201,
        71,
        96,
        201,
        182,
        191,
        91,
        182,
        97,
        123,
        169,
        168,
        179,
        66,
        59,
        34,
        134,
        163,
        151,
        39,
        71,
        98,
        218,
        67,
        155,
        213,
        76,
        201,
        0,
        34,
        46,
        148,
        117,
        80,
        156,
        119,
        34,
        92,
        203,
        99,
        156,
        207,
        117,
        152,
        204,
        20,
        180,
        190,
        193],
    [   152,
        199,
        199,
        158,
        49,
        160,
        87,
        157,
        169,
        198,
        123,
        122,
        28,
        76,
        209,
        186,
        181,
        11,
        105,
        97,
        128,
        181,
        85,
        129,
        213,
        171,
        192,
        63,
        158,
        74,
        96,
        173,
        192,
        174,
        48,
        26,
        66,
        166,
        185,
        148,
        70,
        83,
        71,
        195,
        82,
        173,
        191,
        48,
        191,
        34,
        0,
        67,
        132,
        144,
        93,
        153,
        87,
        47,
        97,
        190,
        71,
        151,
        197,
        146,
        125,
        212,
        50,
        158,
        203,
        212],
    [   133,
        207,
        205,
        225,
        101,
        114,
        151,
        219,
        142,
        234,
        166,
        176,
        59,
        128,
        255,
        217,
        245,
        78,
        136,
        59,
        193,
        246,
        113,
        85,
        240,
        229,
        236,
        131,
        225,
        140,
        163,
        213,
        193,
        225,
        111,
        92,
        61,
        142,
        191,
        197,
        66,
        114,
        101,
        262,
        108,
        189,
        257,
        116,
        248,
        46,
        67,
        0,
        194,
        141,
        121,
        202,
        151,
        21,
        137,
        250,
        104,
        202,
        253,
        136,
        193,
        245,
        57,
        224,
        227,
        224],
    [   200,
        182,
        188,
        46,
        142,
        244,
        45,
        25,
        225,
        119,
        72,
        37,
        157,
        70,
        103,
        126,
        51,
        124,
        100,
        193,
        21,
        57,
        110,
        221,
        151,
        43,
        95,
        80,
        55,
        62,
        63,
        94,
        192,
        64,
        84,
        118,
        154,
        218,
        176,
        57,
        154,
        104,
        176,
        78,
        114,
        152,
        72,
        89,
        64,
        148,
        132,
        194,
        0,
        173,
        107,
        58,
        103,
        177,
        84,
        59,
        172,
        50,
        69,
        183,
        57,
        137,
        145,
        45,
        150,
        184],
    [   31,
        69,
        64,
        219,
        193,
        94,
        157,
        192,
        55,
        131,
        104,
        136,
        165,
        115,
        169,
        106,
        219,
        150,
        73,
        87,
        187,
        228,
        72,
        88,
        120,
        182,
        149,
        170,
        227,
        162,
        192,
        123,
        52,
        158,
        137,
        162,
        84,
        47,
        52,
        134,
        78,
        77,
        215,
        251,
        71,
        61,
        245,
        160,
        192,
        117,
        144,
        141,
        173,
        0,
        70,
        138,
        210,
        144,
        90,
        203,
        215,
        144,
        197,
        12,
        211,
        134,
        97,
        218,
        105,
        87],
    [   94,
        108,
        110,
        152,
        136,
        138,
        86,
        128,
        118,
        113,
        49,
        73,
        119,
        44,
        136,
        97,
        157,
        94,
        14,
        95,
        118,
        164,
        8,
        117,
        122,
        126,
        116,
        102,
        158,
        92,
        121,
        92,
        106,
        111,
        70,
        103,
        63,
        111,
        95,
        83,
        59,
        9,
        164,
        186,
        13,
        81,
        180,
        93,
        140,
        80,
        93,
        121,
        107,
        70,
        0,
        87,
        142,
        114,
        23,
        148,
        163,
        90,
        146,
        78,
        141,
        124,
        64,
        150,
        111,
        120],
    [   168,
        129,
        137,
        100,
        178,
        223,
        83,
        63,
        193,
        61,
        38,
        33,
        181,
        76,
        56,
        68,
        87,
        148,
        75,
        183,
        79,
        99,
        94,
        205,
        92,
        45,
        41,
        120,
        111,
        101,
        115,
        35,
        144,
        23,
        107,
        148,
        149,
        185,
        127,
        4,
        146,
        91,
        212,
        123,
        99,
        101,
        117,
        122,
        54,
        156,
        153,
        202,
        58,
        138,
        87,
        0,
        153,
        189,
        66,
        65,
        208,
        8,
        59,
        149,
        115,
        79,
        145,
        98,
        92,
        129],
    [   226,
        248,
        251,
        102,
        58,
        245,
        70,
        121,
        247,
        212,
        143,
        120,
        94,
        101,
        205,
        211,
        134,
        76,
        147,
        183,
        86,
        128,
        138,
        215,
        238,
        146,
        194,
        40,
        96,
        55,
        40,
        185,
        249,
        165,
        72,
        60,
        147,
        242,
        237,
        149,
        150,
        133,
        86,
        133,
        139,
        218,
        130,
        50,
        166,
        119,
        87,
        151,
        103,
        210,
        142,
        153,
        0,
        130,
        131,
        158,
        80,
        146,
        171,
        215,
        60,
        230,
        132,
        103,
        233,
        256],
    [   142,
        208,
        207,
        205,
        79,
        131,
        132,
        202,
        153,
        227,
        156,
        161,
        38,
        114,
        244,
        211,
        227,
        57,
        128,
        72,
        174,
        228,
        105,
        101,
        235,
        214,
        225,
        110,
        206,
        121,
        143,
        204,
        196,
        212,
        93,
        71,
        60,
        152,
        193,
        184,
        66,
        106,
        82,
        242,
        101,
        188,
        237,
        96,
        233,
        34,
        47,
        21,
        177,
        144,
        114,
        189,
        130,
        0,
        127,
        234,
        85,
        189,
        239,
        142,
        173,
        239,
        51,
        205,
        223,
        224],
    [   116,
        116,
        120,
        129,
        135,
        162,
        68,
        105,
        141,
        101,
        29,
        49,
        125,
        30,
        118,
        89,
        133,
        96,
        18,
        118,
        96,
        140,
        29,
        141,
        116,
        102,
        98,
        91,
        136,
        77,
        105,
        76,
        119,
        90,
        63,
        101,
        82,
        134,
        106,
        61,
        80,
        24,
        165,
        162,
        34,
        87,
        156,
        85,
        117,
        92,
        97,
        137,
        84,
        90,
        23,
        66,
        131,
        127,
        0,
        124,
        163,
        68,
        123,
        100,
        121,
        115,
        80,
        128,
        107,
        125],
    [   234,
        191,
        200,
        66,
        201,
        286,
        105,
        37,
        258,
        106,
        100,
        76,
        216,
        122,
        71,
        124,
        35,
        183,
        137,
        241,
        72,
        49,
        153,
        266,
        142,
        21,
        76,
        139,
        77,
        121,
        118,
        91,
        208,
        48,
        142,
        177,
        204,
        250,
        191,
        69,
        202,
        148,
        235,
        70,
        158,
        165,
        65,
        148,
        17,
        203,
        190,
        250,
        59,
        203,
        148,
        65,
        158,
        234,
        124,
        0,
        230,
        59,
        17,
        215,
        102,
        122,
        197,
        65,
        147,
        188],
    [   220,
        270,
        271,
        181,
        30,
        217,
        128,
        194,
        235,
        261,
        186,
        175,
        51,
        137,
        265,
        253,
        211,
        68,
        173,
        156,
        159,
        207,
        155,
        186,
        280,
        215,
        250,
        92,
        176,
        111,
        114,
        234,
        264,
        227,
        102,
        62,
        133,
        233,
        256,
        204,
        139,
        153,
        6,
        213,
        153,
        244,
        210,
        86,
        236,
        99,
        71,
        104,
        172,
        215,
        163,
        208,
        80,
        85,
        163,
        230,
        0,
        204,
        241,
        216,
        140,
        277,
        119,
        181,
        271,
        283],
    [   174,
        138,
        145,
        91,
        174,
        227,
        78,
        55,
        199,
        68,
        41,
        29,
        178,
        75,
        60,
        77,
        79,
        145,
        78,
        186,
        71,
        90,
        97,
        208,
        101,
        38,
        47,
        115,
        102,
        95,
        108,
        44,
        152,
        23,
        104,
        144,
        150,
        191,
        135,
        9,
        148,
        93,
        208,
        115,
        102,
        109,
        109,
        118,
        50,
        156,
        151,
        202,
        50,
        144,
        90,
        8,
        146,
        189,
        68,
        59,
        204,
        0,
        55,
        155,
        107,
        87,
        146,
        90,
        101,
        138],
    [   228,
        179,
        188,
        83,
        211,
        282,
        113,
        51,
        252,
        91,
        97,
        77,
        223,
        125,
        54,
        111,
        53,
        190,
        134,
        241,
        85,
        67,
        152,
        263,
        127,
        26,
        61,
        149,
        95,
        130,
        131,
        79,
        197,
        38,
        148,
        186,
        205,
        244,
        180,
        63,
        203,
        148,
        246,
        87,
        157,
        154,
        83,
        157,
        5,
        207,
        197,
        253,
        69,
        197,
        146,
        59,
        171,
        239,
        123,
        17,
        241,
        55,
        0,
        208,
        117,
        106,
        199,
        82,
        133,
        175],
    [   19,
        77,
        72,
        229,
        195,
        82,
        164,
        202,
        43,
        143,
        115,
        147,
        165,
        123,
        181,
        118,
        230,
        152,
        82,
        81,
        196,
        239,
        79,
        79,
        131,
        194,
        161,
        176,
        236,
        169,
        199,
        135,
        58,
        170,
        143,
        165,
        83,
        35,
        61,
        146,
        78,
        84,
        215,
        261,
        77,
        72,
        256,
        165,
        204,
        117,
        146,
        136,
        183,
        12,
        78,
        149,
        215,
        142,
        100,
        215,
        216,
        155,
        208,
        0,
        219,
        145,
        97,
        228,
        116,
        95],
    [   234,
        232,
        238,
        41,
        114,
        267,
        55,
        66,
        258,
        176,
        121,
        88,
        143,
        96,
        159,
        182,
        74,
        115,
        140,
        209,
        36,
        67,
        141,
        240,
        207,
        94,
        152,
        62,
        36,
        56,
        29,
        150,
        239,
        121,
        87,
        102,
        170,
        252,
        225,
        113,
        171,
        135,
        146,
        73,
        143,
        202,
        70,
        77,
        113,
        152,
        125,
        193,
        57,
        211,
        141,
        115,
        60,
        173,
        121,
        102,
        140,
        107,
        117,
        219,
        0,
        194,
        157,
        42,
        205,
        237],
    [   164,
        86,
        96,
        175,
        247,
        228,
        159,
        137,
        185,
        18,
        90,
        110,
        240,
        139,
        54,
        28,
        154,
        211,
        110,
        209,
        158,
        168,
        133,
        220,
        21,
        111,
        46,
        194,
        187,
        175,
        193,
        44,
        109,
        78,
        174,
        214,
        185,
        177,
        94,
        81,
        180,
        133,
        279,
        191,
        137,
        74,
        186,
        193,
        105,
        204,
        212,
        245,
        137,
        134,
        124,
        79,
        230,
        239,
        115,
        122,
        277,
        87,
        106,
        145,
        194,
        0,
        188,
        173,
        33,
        76],
    [   101,
        158,
        157,
        182,
        100,
        113,
        107,
        170,
        119,
        177,
        109,
        122,
        68,
        75,
        198,
        160,
        197,
        59,
        78,
        52,
        148,
        201,
        55,
        84,
        184,
        176,
        178,
        99,
        185,
        101,
        129,
        155,
        148,
        169,
        69,
        74,
        15,
        115,
        142,
        141,
        20,
        57,
        118,
        219,
        50,
        136,
        213,
        84,
        194,
        20,
        50,
        57,
        145,
        97,
        64,
        145,
        132,
        51,
        80,
        197,
        119,
        146,
        199,
        97,
        157,
        188,
        0,
        181,
        172,
        173],
    [   244,
        226,
        233,
        1,
        154,
        286,
        74,
        36,
        269,
        156,
        117,
        82,
        179,
        110,
        130,
        167,
        32,
        148,
        145,
        232,
        33,
        25,
        153,
        261,
        190,
        64,
        128,
        97,
        13,
        84,
        67,
        133,
        237,
        96,
        114,
        138,
        192,
        262,
        221,
        98,
        192,
        147,
        187,
        37,
        156,
        196,
        32,
        110,
        79,
        180,
        158,
        224,
        45,
        218,
        150,
        98,
        103,
        205,
        128,
        65,
        181,
        90,
        82,
        228,
        42,
        173,
        181,
        0,
        191,
        227],
    [   134,
        53,
        62,
        193,
        242,
        198,
        163,
        155,
        154,
        42,
        89,
        117,
        230,
        135,
        85,
        24,
        176,
        203,
        98,
        185,
        171,
        189,
        119,
        193,
        14,
        132,
        72,
        194,
        203,
        178,
        199,
        57,
        76,
        99,
        170,
        209,
        166,
        146,
        61,
        93,
        161,
        120,
        273,
        213,
        123,
        43,
        207,
        191,
        130,
        190,
        203,
        227,
        150,
        105,
        111,
        92,
        233,
        223,
        107,
        147,
        271,
        101,
        133,
        116,
        205,
        33,
        172,
        191,
        0,
        43],
    [   110,
        18,
        25,
        229,
        257,
        173,
        190,
        193,
        125,
        85,
        116,
        149,
        238,
        155,
        128,
        64,
        216,
        215,
        111,
        174,
        204,
        228,
        127,
        174,
        54,
        173,
        114,
        216,
        240,
        202,
        227,
        97,
        41,
        140,
        188,
        223,
        164,
        117,
        34,
        129,
        158,
        130,
        284,
        252,
        130,
        39,
        247,
        211,
        173,
        193,
        212,
        224,
        184,
        87,
        120,
        129,
        256,
        224,
        125,
        188,
        283,
        138,
        175,
        95,
        237,
        76,
        173,
        227,
        43,
        0]]
;
task=[   349,
    214,
    0,
    153,
    169,
    169,
    222,
    149,
    195,
    159,
    11,
    90,
    222,
    368,
    86,
    375,
    95,
    278,
    372,
    51,
    161,
    91,
    30,
    290,
    175,
    298,
    253,
    127,
    196,
    223,
    144,
    46,
    298,
    222,
    114,
    89,
    343,
    236,
    438,
    261,
    77,
    106,
    165,
    6,
    251,
    467,
    185,
    101,
    79,
    87,
    18,
    246,
    2,
    256,
    291,
    113,
    43,
    258,
    250,
    232,
    0,
    179,
    6,
    82,
    226,
    240,
    270,
    45,
    154,
    366]
;
minW=[   45,
    0,
    0,
    227,
    228,
    124,
    155,
    178,
    86,
    79,
    91,
    134,
    173,
    111,
    104,
    74,
    207,
    199,
    59,
    145,
    167,
    218,
    89,
    106,
    41,
    152,
    81,
    208,
    202,
    173,
    203,
    99,
    7,
    144,
    157,
    182,
    131,
    59,
    7,
    98,
    107,
    71,
    228,
    232,
    96,
    1,
    238,
    171,
    181,
    151,
    168,
    176,
    180,
    18,
    80,
    123,
    246,
    191,
    113,
    163,
    229,
    114,
    173,
    29,
    195,
    53,
    132,
    214,
    14,
    15]
;
maxW=[   98,
    46,
    720,
    239,
    266,
    149,
    236,
    220,
    131,
    146,
    117,
    198,
    254,
    197,
    161,
    89,
    230,
    241,
    112,
    186,
    241,
    276,
    142,
    174,
    96,
    227,
    139,
    213,
    249,
    241,
    251,
    128,
    18,
    172,
    228,
    232,
    185,
    108,
    42,
    182,
    171,
    149,
    290,
    285,
    159,
    55,
    296,
    208,
    185,
    226,
    240,
    246,
    205,
    83,
    155,
    178,
    274,
    228,
    159,
    240,
    305,
    187,
    188,
    115,
    247,
    105,
    157,
    233,
    108,
    60]
;