// Generated by InstanceGenerator.py v0.1
// Juan Francisco Martinez Vera
// AMMM - MIRI, FIB UPC
//
// RAND_SEED=1484782739

bigM=100000;

nLocations=70;
startLocation=12;
distances=[   [   0,
        159,
        117,
        76,
        219,
        248,
        63,
        194,
        182,
        96,
        118,
        220,
        187,
        188,
        110,
        127,
        133,
        244,
        188,
        116,
        136,
        43,
        87,
        113,
        89,
        89,
        222,
        139,
        227,
        24,
        169,
        133,
        207,
        108,
        115,
        97,
        156,
        123,
        256,
        30,
        103,
        147,
        160,
        163,
        151,
        127,
        73,
        219,
        63,
        172,
        90,
        89,
        187,
        177,
        70,
        149,
        196,
        181,
        90,
        104,
        27,
        106,
        142,
        191,
        179,
        173,
        26,
        160,
        131,
        73],
    [   159,
        0,
        59,
        167,
        60,
        122,
        138,
        35,
        99,
        109,
        95,
        61,
        38,
        146,
        75,
        154,
        123,
        102,
        164,
        79,
        47,
        136,
        117,
        79,
        71,
        141,
        123,
        23,
        138,
        174,
        123,
        138,
        51,
        131,
        202,
        124,
        102,
        113,
        120,
        188,
        62,
        86,
        112,
        62,
        54,
        125,
        186,
        61,
        161,
        35,
        71,
        73,
        54,
        125,
        138,
        24,
        44,
        55,
        108,
        191,
        158,
        127,
        177,
        155,
        225,
        30,
        185,
        101,
        134,
        159],
    [   117,
        59,
        0,
        150,
        111,
        132,
        81,
        89,
        141,
        108,
        107,
        116,
        73,
        107,
        15,
        97,
        69,
        127,
        120,
        22,
        76,
        84,
        58,
        21,
        32,
        81,
        173,
        54,
        122,
        126,
        82,
        83,
        96,
        134,
        142,
        65,
        132,
        125,
        139,
        143,
        59,
        44,
        70,
        105,
        92,
        69,
        129,
        109,
        141,
        90,
        30,
        59,
        70,
        88,
        80,
        38,
        83,
        64,
        104,
        131,
        125,
        129,
        119,
        114,
        169,
        87,
        141,
        133,
        79,
        143],
    [   76,
        167,
        150,
        0,
        224,
        280,
        132,
        200,
        144,
        62,
        84,
        220,
        203,
        245,
        151,
        195,
        192,
        267,
        250,
        160,
        127,
        110,
        148,
        157,
        117,
        157,
        183,
        143,
        272,
        98,
        223,
        196,
        218,
        53,
        191,
        160,
        115,
        77,
        283,
        92,
        105,
        192,
        212,
        142,
        134,
        187,
        149,
        227,
        12,
        164,
        120,
        96,
        211,
        230,
        138,
        168,
        211,
        208,
        60,
        179,
        49,
        54,
        213,
        250,
        254,
        168,
        85,
        119,
        194,
        7],
    [   219,
        60,
        111,
        224,
        0,
        96,
        193,
        24,
        124,
        164,
        146,
        14,
        41,
        166,
        126,
        196,
        161,
        64,
        187,
        126,
        98,
        194,
        168,
        128,
        130,
        191,
        130,
        82,
        135,
        234,
        147,
        177,
        18,
        184,
        251,
        173,
        140,
        162,
        85,
        248,
        121,
        119,
        139,
        96,
        96,
        165,
        240,
        7,
        220,
        64,
        130,
        133,
        58,
        147,
        192,
        73,
        32,
        66,
        164,
        241,
        219,
        180,
        217,
        175,
        262,
        58,
        245,
        138,
        174,
        217],
    [   248,
        122,
        132,
        280,
        96,
        0,
        199,
        105,
        214,
        228,
        217,
        111,
        84,
        109,
        138,
        171,
        137,
        35,
        130,
        131,
        169,
        210,
        169,
        134,
        164,
        185,
        226,
        143,
        54,
        254,
        104,
        150,
        85,
        252,
        232,
        167,
        223,
        235,
        19,
        271,
        176,
        104,
        104,
        180,
        176,
        144,
        239,
        89,
        272,
        148,
        162,
        183,
        69,
        99,
        195,
        112,
        81,
        71,
        225,
        226,
        258,
        248,
        183,
        117,
        218,
        141,
        271,
        222,
        148,
        272],
    [   63,
        138,
        81,
        132,
        193,
        199,
        0,
        170,
        195,
        126,
        140,
        197,
        154,
        126,
        68,
        63,
        72,
        202,
        124,
        70,
        136,
        21,
        29,
        68,
        71,
        25,
        234,
        125,
        170,
        58,
        109,
        69,
        177,
        147,
        72,
        35,
        176,
        152,
        210,
        77,
        103,
        94,
        102,
        167,
        153,
        65,
        47,
        191,
        119,
        163,
        70,
        92,
        148,
        117,
        6,
        120,
        164,
        140,
        120,
        59,
        87,
        143,
        81,
        128,
        124,
        162,
        79,
        179,
        68,
        127],
    [   194,
        35,
        89,
        200,
        24,
        105,
        170,
        0,
        109,
        140,
        123,
        27,
        28,
        157,
        104,
        179,
        145,
        78,
        177,
        106,
        75,
        171,
        147,
        107,
        106,
        171,
        122,
        57,
        134,
        209,
        136,
        161,
        21,
        161,
        231,
        153,
        121,
        140,
        98,
        224,
        96,
        104,
        127,
        77,
        75,
        148,
        218,
        27,
        196,
        43,
        106,
        109,
        49,
        137,
        170,
        50,
        25,
        56,
        140,
        221,
        194,
        157,
        200,
        166,
        248,
        37,
        221,
        119,
        157,
        193],
    [   182,
        99,
        141,
        144,
        124,
        214,
        195,
        109,
        0,
        88,
        64,
        113,
        132,
        243,
        155,
        235,
        210,
        187,
        259,
        163,
        64,
        183,
        187,
        161,
        128,
        209,
        40,
        88,
        237,
        205,
        219,
        223,
        130,
        91,
        267,
        198,
        29,
        67,
        207,
        211,
        92,
        180,
        207,
        37,
        48,
        209,
        238,
        131,
        147,
        67,
        130,
        103,
        151,
        222,
        198,
        120,
        133,
        154,
        93,
        255,
        166,
        90,
        258,
        251,
        307,
        74,
        205,
        25,
        219,
        139],
    [   96,
        109,
        108,
        62,
        164,
        228,
        126,
        140,
        88,
        0,
        23,
        159,
        147,
        214,
        115,
        180,
        166,
        211,
        223,
        125,
        65,
        108,
        129,
        122,
        79,
        147,
        128,
        86,
        229,
        120,
        190,
        175,
        159,
        25,
        197,
        142,
        60,
        27,
        229,
        124,
        52,
        153,
        177,
        80,
        72,
        163,
        160,
        167,
        61,
        103,
        81,
        49,
        158,
        195,
        131,
        115,
        154,
        156,
        6,
        184,
        78,
        21,
        202,
        220,
        249,
        107,
        118,
        64,
        172,
        55],
    [   118,
        95,
        107,
        84,
        146,
        217,
        140,
        123,
        64,
        23,
        0,
        140,
        134,
        215,
        117,
        189,
        171,
        197,
        226,
        126,
        49,
        124,
        138,
        124,
        82,
        158,
        105,
        73,
        224,
        141,
        190,
        182,
        143,
        37,
        212,
        151,
        38,
        18,
        216,
        146,
        48,
        152,
        178,
        57,
        51,
        169,
        178,
        150,
        85,
        83,
        85,
        52,
        148,
        195,
        144,
        106,
        139,
        147,
        28,
        199,
        101,
        33,
        212,
        222,
        260,
        88,
        141,
        42,
        178,
        78],
    [   220,
        61,
        116,
        220,
        14,
        111,
        197,
        27,
        113,
        159,
        140,
        0,
        51,
        178,
        131,
        205,
        170,
        78,
        199,
        133,
        93,
        197,
        174,
        134,
        132,
        198,
        116,
        81,
        149,
        235,
        159,
        187,
        30,
        177,
        258,
        180,
        130,
        155,
        99,
        249,
        119,
        129,
        150,
        86,
        89,
        174,
        245,
        22,
        217,
        56,
        132,
        132,
        69,
        159,
        197,
        77,
        43,
        77,
        159,
        247,
        218,
        174,
        226,
        187,
        273,
        51,
        246,
        128,
        183,
        213],
    [   187,
        38,
        73,
        203,
        41,
        84,
        154,
        28,
        132,
        147,
        134,
        51,
        0,
        128,
        86,
        155,
        120,
        63,
        149,
        86,
        85,
        158,
        129,
        88,
        97,
        151,
        148,
        61,
        107,
        199,
        108,
        136,
        23,
        170,
        210,
        133,
        139,
        152,
        81,
        215,
        98,
        78,
        99,
        96,
        91,
        124,
        201,
        37,
        197,
        64,
        96,
        108,
        21,
        108,
        153,
        37,
        9,
        27,
        145,
        200,
        190,
        166,
        175,
        138,
        222,
        58,
        212,
        138,
        132,
        196],
    [   188,
        146,
        107,
        245,
        166,
        109,
        126,
        157,
        243,
        214,
        215,
        178,
        128,
        0,
        98,
        74,
        54,
        132,
        22,
        88,
        180,
        145,
        100,
        91,
        134,
        103,
        269,
        154,
        58,
        184,
        24,
        58,
        148,
        239,
        133,
        91,
        238,
        232,
        127,
        203,
        166,
        63,
        36,
        206,
        195,
        61,
        152,
        159,
        234,
        182,
        132,
        164,
        108,
        20,
        120,
        123,
        135,
        101,
        209,
        130,
        208,
        235,
        79,
        9,
        109,
        176,
        205,
        239,
        58,
        239],
    [   110,
        75,
        15,
        151,
        126,
        138,
        68,
        104,
        155,
        115,
        117,
        131,
        86,
        98,
        0,
        81,
        55,
        136,
        109,
        9,
        90,
        74,
        42,
        7,
        36,
        66,
        188,
        70,
        121,
        117,
        74,
        68,
        110,
        140,
        127,
        49,
        144,
        134,
        146,
        134,
        69,
        40,
        62,
        120,
        107,
        54,
        115,
        123,
        141,
        106,
        33,
        66,
        80,
        80,
        66,
        54,
        96,
        73,
        110,
        116,
        121,
        136,
        104,
        105,
        153,
        103,
        133,
        146,
        64,
        144],
    [   127,
        154,
        97,
        195,
        196,
        171,
        63,
        179,
        235,
        180,
        189,
        205,
        155,
        74,
        81,
        0,
        36,
        185,
        65,
        75,
        170,
        85,
        51,
        75,
        108,
        37,
        269,
        151,
        128,
        117,
        67,
        20,
        178,
        203,
        61,
        38,
        221,
        204,
        187,
        135,
        144,
        77,
        66,
        201,
        188,
        30,
        79,
        192,
        183,
        187,
        105,
        137,
        141,
        73,
        57,
        131,
        164,
        132,
        174,
        57,
        151,
        199,
        23,
        73,
        72,
        184,
        138,
        223,
        23,
        190],
    [   133,
        123,
        69,
        192,
        161,
        137,
        72,
        145,
        210,
        166,
        171,
        170,
        120,
        54,
        55,
        36,
        0,
        149,
        57,
        46,
        145,
        90,
        46,
        48,
        88,
        50,
        242,
        123,
        100,
        130,
        38,
        16,
        143,
        191,
        96,
        36,
        199,
        188,
        152,
        149,
        123,
        41,
        33,
        174,
        161,
        7,
        104,
        157,
        181,
        157,
        86,
        119,
        105,
        45,
        66,
        99,
        129,
        96,
        161,
        89,
        153,
        187,
        55,
        58,
        103,
        153,
        151,
        201,
        12,
        186],
    [   244,
        102,
        127,
        267,
        64,
        35,
        202,
        78,
        187,
        211,
        197,
        78,
        63,
        132,
        136,
        185,
        149,
        0,
        155,
        132,
        149,
        210,
        174,
        135,
        156,
        192,
        194,
        125,
        85,
        253,
        122,
        164,
        57,
        234,
        245,
        174,
        199,
        215,
        20,
        270,
        161,
        110,
        119,
        155,
        152,
        156,
        246,
        57,
        260,
        122,
        155,
        171,
        57,
        118,
        199,
        99,
        58,
        63,
        209,
        238,
        251,
        230,
        201,
        141,
        240,
        115,
        269,
        197,
        162,
        259],
    [   188,
        164,
        120,
        250,
        187,
        130,
        124,
        177,
        259,
        223,
        226,
        199,
        149,
        22,
        109,
        65,
        57,
        155,
        0,
        99,
        195,
        145,
        102,
        101,
        144,
        99,
        287,
        170,
        78,
        181,
        41,
        54,
        169,
        248,
        119,
        90,
        252,
        243,
        149,
        199,
        178,
        78,
        52,
        222,
        210,
        62,
        144,
        181,
        238,
        199,
        141,
        175,
        129,
        40,
        118,
        140,
        155,
        121,
        218,
        118,
        209,
        244,
        64,
        13,
        88,
        194,
        202,
        253,
        56,
        244],
    [   116,
        79,
        22,
        160,
        126,
        131,
        70,
        106,
        163,
        125,
        126,
        133,
        86,
        88,
        9,
        75,
        46,
        132,
        99,
        0,
        98,
        78,
        42,
        3,
        46,
        64,
        195,
        76,
        112,
        122,
        65,
        60,
        110,
        150,
        124,
        46,
        153,
        144,
        141,
        140,
        78,
        31,
        52,
        127,
        115,
        47,
        116,
        123,
        150,
        112,
        43,
        76,
        78,
        70,
        67,
        56,
        96,
        70,
        120,
        114,
        129,
        146,
        98,
        95,
        147,
        108,
        139,
        155,
        56,
        153],
    [   136,
        47,
        76,
        127,
        98,
        169,
        136,
        75,
        64,
        65,
        49,
        93,
        85,
        180,
        90,
        170,
        145,
        149,
        195,
        98,
        0,
        127,
        124,
        97,
        65,
        147,
        99,
        27,
        181,
        156,
        156,
        158,
        94,
        86,
        206,
        135,
        58,
        66,
        167,
        167,
        34,
        117,
        144,
        31,
        17,
        145,
        181,
        102,
        124,
        38,
        67,
        47,
        101,
        160,
        138,
        61,
        90,
        101,
        66,
        194,
        129,
        82,
        194,
        189,
        243,
        41,
        162,
        58,
        154,
        119],
    [   43,
        136,
        84,
        110,
        194,
        210,
        21,
        171,
        183,
        108,
        124,
        197,
        158,
        145,
        74,
        85,
        90,
        210,
        145,
        78,
        127,
        0,
        44,
        76,
        65,
        47,
        222,
        120,
        185,
        43,
        127,
        90,
        180,
        127,
        88,
        54,
        161,
        135,
        220,
        61,
        93,
        107,
        118,
        157,
        143,
        84,
        54,
        193,
        98,
        158,
        65,
        80,
        154,
        134,
        28,
        121,
        167,
        147,
        102,
        75,
        65,
        124,
        102,
        148,
        144,
        157,
        61,
        165,
        88,
        106],
    [   87,
        117,
        58,
        148,
        168,
        169,
        29,
        147,
        187,
        129,
        138,
        174,
        129,
        100,
        42,
        51,
        46,
        174,
        102,
        42,
        124,
        44,
        0,
        41,
        58,
        24,
        223,
        108,
        141,
        86,
        82,
        48,
        152,
        152,
        85,
        13,
        171,
        153,
        181,
        105,
        95,
        65,
        73,
        155,
        141,
        40,
        73,
        166,
        136,
        146,
        56,
        86,
        121,
        89,
        25,
        96,
        138,
        113,
        123,
        73,
        107,
        148,
        73,
        104,
        121,
        143,
        106,
        174,
        46,
        142],
    [   113,
        79,
        21,
        157,
        128,
        134,
        68,
        107,
        161,
        122,
        124,
        134,
        88,
        91,
        7,
        75,
        48,
        135,
        101,
        3,
        97,
        76,
        41,
        0,
        43,
        63,
        194,
        75,
        115,
        119,
        67,
        61,
        111,
        148,
        123,
        45,
        151,
        141,
        144,
        137,
        76,
        34,
        55,
        126,
        113,
        48,
        114,
        125,
        147,
        111,
        40,
        73,
        80,
        73,
        65,
        57,
        97,
        72,
        117,
        113,
        126,
        143,
        98,
        98,
        148,
        108,
        136,
        153,
        57,
        150],
    [   89,
        71,
        32,
        117,
        130,
        164,
        71,
        106,
        128,
        79,
        82,
        132,
        97,
        134,
        36,
        108,
        88,
        156,
        144,
        46,
        65,
        65,
        58,
        43,
        0,
        81,
        164,
        55,
        155,
        103,
        111,
        99,
        118,
        104,
        141,
        70,
        113,
        99,
        170,
        117,
        36,
        75,
        98,
        97,
        83,
        86,
        117,
        130,
        108,
        92,
        2,
        30,
        99,
        117,
        72,
        59,
        106,
        94,
        74,
        128,
        94,
        100,
        130,
        141,
        180,
        91,
        115,
        115,
        95,
        110],
    [   89,
        141,
        81,
        157,
        191,
        185,
        25,
        171,
        209,
        147,
        158,
        198,
        151,
        103,
        66,
        37,
        50,
        192,
        99,
        64,
        147,
        47,
        24,
        63,
        81,
        0,
        246,
        132,
        150,
        82,
        89,
        45,
        174,
        169,
        61,
        18,
        193,
        172,
        198,
        100,
        117,
        82,
        83,
        178,
        164,
        43,
        54,
        188,
        145,
        170,
        80,
        107,
        141,
        96,
        19,
        120,
        160,
        133,
        140,
        50,
        113,
        165,
        56,
        104,
        101,
        167,
        102,
        195,
        44,
        152],
    [   222,
        123,
        173,
        183,
        130,
        226,
        234,
        122,
        40,
        128,
        105,
        116,
        148,
        269,
        188,
        269,
        242,
        194,
        287,
        195,
        99,
        222,
        223,
        194,
        164,
        246,
        0,
        118,
        256,
        245,
        246,
        256,
        140,
        129,
        305,
        234,
        68,
        106,
        215,
        252,
        130,
        208,
        235,
        68,
        81,
        242,
        277,
        137,
        187,
        87,
        166,
        142,
        169,
        249,
        236,
        146,
        147,
        174,
        133,
        293,
        207,
        128,
        292,
        278,
        342,
        93,
        246,
        64,
        252,
        178],
    [   139,
        23,
        54,
        143,
        82,
        143,
        125,
        57,
        88,
        86,
        73,
        81,
        61,
        154,
        70,
        151,
        123,
        125,
        170,
        76,
        27,
        120,
        108,
        75,
        55,
        132,
        118,
        0,
        154,
        156,
        130,
        137,
        74,
        109,
        193,
        118,
        85,
        91,
        143,
        169,
        39,
        91,
        118,
        52,
        40,
        124,
        172,
        84,
        138,
        37,
        55,
        51,
        74,
        134,
        126,
        34,
        68,
        74,
        84,
        181,
        137,
        104,
        174,
        163,
        223,
        36,
        165,
        86,
        133,
        136],
    [   227,
        138,
        122,
        272,
        135,
        54,
        170,
        134,
        237,
        229,
        224,
        149,
        107,
        58,
        121,
        128,
        100,
        85,
        78,
        112,
        181,
        185,
        141,
        115,
        155,
        150,
        256,
        154,
        0,
        228,
        62,
        109,
        119,
        255,
        189,
        135,
        239,
        243,
        74,
        246,
        177,
        81,
        68,
        200,
        192,
        107,
        204,
        127,
        263,
        170,
        152,
        181,
        86,
        55,
        164,
        119,
        109,
        82,
        225,
        185,
        242,
        250,
        137,
        64,
        166,
        164,
        247,
        239,
        108,
        265],
    [   24,
        174,
        126,
        98,
        234,
        254,
        58,
        209,
        205,
        120,
        141,
        235,
        199,
        184,
        117,
        117,
        130,
        253,
        181,
        122,
        156,
        43,
        86,
        119,
        103,
        82,
        245,
        156,
        228,
        0,
        168,
        127,
        220,
        132,
        96,
        94,
        179,
        147,
        264,
        18,
        123,
        150,
        160,
        185,
        172,
        123,
        52,
        233,
        85,
        191,
        104,
        109,
        197,
        175,
        64,
        162,
        209,
        190,
        114,
        85,
        49,
        130,
        129,
        186,
        162,
        191,
        21,
        183,
        126,
        96],
    [   169,
        123,
        82,
        223,
        147,
        104,
        109,
        136,
        219,
        190,
        190,
        159,
        108,
        24,
        74,
        67,
        38,
        122,
        41,
        65,
        156,
        127,
        82,
        67,
        111,
        89,
        246,
        130,
        62,
        168,
        0,
        47,
        129,
        215,
        129,
        74,
        213,
        208,
        121,
        187,
        141,
        39,
        12,
        182,
        171,
        45,
        142,
        142,
        212,
        158,
        108,
        140,
        89,
        7,
        104,
        99,
        115,
        81,
        185,
        124,
        188,
        211,
        79,
        32,
        118,
        153,
        188,
        215,
        46,
        217],
    [   133,
        138,
        83,
        196,
        177,
        150,
        69,
        161,
        223,
        175,
        182,
        187,
        136,
        58,
        68,
        20,
        16,
        164,
        54,
        60,
        158,
        90,
        48,
        61,
        99,
        45,
        256,
        137,
        109,
        127,
        47,
        0,
        159,
        199,
        82,
        36,
        211,
        198,
        166,
        145,
        135,
        58,
        46,
        188,
        175,
        13,
        95,
        173,
        184,
        172,
        96,
        129,
        121,
        54,
        63,
        114,
        145,
        112,
        169,
        76,
        155,
        195,
        39,
        59,
        87,
        168,
        148,
        214,
        3,
        191],
    [   207,
        51,
        96,
        218,
        18,
        85,
        177,
        21,
        130,
        159,
        143,
        30,
        23,
        148,
        110,
        178,
        143,
        57,
        169,
        110,
        94,
        180,
        152,
        111,
        118,
        174,
        140,
        74,
        119,
        220,
        129,
        159,
        0,
        181,
        234,
        156,
        142,
        160,
        77,
        236,
        113,
        101,
        121,
        98,
        96,
        148,
        225,
        13,
        213,
        65,
        117,
        124,
        39,
        129,
        176,
        58,
        14,
        48,
        158,
        224,
        209,
        176,
        198,
        157,
        244,
        58,
        233,
        140,
        156,
        210],
    [   108,
        131,
        134,
        53,
        184,
        252,
        147,
        161,
        91,
        25,
        37,
        177,
        170,
        239,
        140,
        203,
        191,
        234,
        248,
        150,
        86,
        127,
        152,
        148,
        104,
        169,
        129,
        109,
        255,
        132,
        215,
        199,
        181,
        0,
        216,
        165,
        62,
        25,
        252,
        133,
        77,
        179,
        203,
        94,
        88,
        188,
        177,
        188,
        58,
        121,
        107,
        75,
        183,
        221,
        152,
        140,
        176,
        181,
        30,
        203,
        85,
        4,
        225,
        246,
        270,
        126,
        126,
        66,
        196,
        48],
    [   115,
        202,
        142,
        191,
        251,
        232,
        72,
        231,
        267,
        197,
        212,
        258,
        210,
        133,
        127,
        61,
        96,
        245,
        119,
        124,
        206,
        88,
        85,
        123,
        141,
        61,
        305,
        193,
        189,
        96,
        129,
        82,
        234,
        216,
        0,
        77,
        248,
        223,
        248,
        109,
        175,
        136,
        128,
        238,
        224,
        89,
        43,
        247,
        179,
        231,
        139,
        164,
        198,
        135,
        68,
        181,
        219,
        190,
        190,
        12,
        142,
        212,
        55,
        130,
        68,
        228,
        115,
        251,
        84,
        188],
    [   97,
        124,
        65,
        160,
        173,
        167,
        35,
        153,
        198,
        142,
        151,
        180,
        133,
        91,
        49,
        38,
        36,
        174,
        90,
        46,
        135,
        54,
        13,
        45,
        70,
        18,
        234,
        118,
        135,
        94,
        74,
        36,
        156,
        165,
        77,
        0,
        183,
        166,
        180,
        112,
        107,
        63,
        66,
        166,
        152,
        29,
        72,
        170,
        148,
        155,
        68,
        99,
        123,
        81,
        30,
        103,
        142,
        114,
        136,
        67,
        118,
        161,
        60,
        93,
        109,
        152,
        114,
        186,
        34,
        154],
    [   156,
        102,
        132,
        115,
        140,
        223,
        176,
        121,
        29,
        60,
        38,
        130,
        139,
        238,
        144,
        221,
        199,
        199,
        252,
        153,
        58,
        161,
        171,
        151,
        113,
        193,
        68,
        85,
        239,
        179,
        213,
        211,
        142,
        62,
        248,
        183,
        0,
        37,
        219,
        184,
        76,
        174,
        201,
        44,
        47,
        198,
        216,
        145,
        118,
        77,
        115,
        85,
        156,
        218,
        180,
        119,
        142,
        158,
        65,
        235,
        139,
        60,
        244,
        246,
        293,
        83,
        179,
        4,
        208,
        109],
    [   123,
        113,
        125,
        77,
        162,
        235,
        152,
        140,
        67,
        27,
        18,
        155,
        152,
        232,
        134,
        204,
        188,
        215,
        243,
        144,
        66,
        135,
        153,
        141,
        99,
        172,
        106,
        91,
        243,
        147,
        208,
        198,
        160,
        25,
        223,
        166,
        37,
        0,
        234,
        150,
        66,
        170,
        195,
        69,
        65,
        185,
        187,
        166,
        80,
        98,
        102,
        68,
        166,
        213,
        157,
        124,
        157,
        165,
        33,
        210,
        103,
        22,
        226,
        239,
        274,
        104,
        144,
        42,
        194,
        72],
    [   256,
        120,
        139,
        283,
        85,
        19,
        210,
        98,
        207,
        229,
        216,
        99,
        81,
        127,
        146,
        187,
        152,
        20,
        149,
        141,
        167,
        220,
        181,
        144,
        170,
        198,
        215,
        143,
        74,
        264,
        121,
        166,
        77,
        252,
        248,
        180,
        219,
        234,
        0,
        281,
        178,
        116,
        120,
        175,
        172,
        159,
        253,
        78,
        276,
        142,
        168,
        186,
        71,
        116,
        207,
        114,
        77,
        75,
        227,
        242,
        264,
        248,
        200,
        136,
        237,
        135,
        280,
        217,
        164,
        275],
    [   30,
        188,
        143,
        92,
        248,
        271,
        77,
        224,
        211,
        124,
        146,
        249,
        215,
        203,
        134,
        135,
        149,
        270,
        199,
        140,
        167,
        61,
        105,
        137,
        117,
        100,
        252,
        169,
        246,
        18,
        187,
        145,
        236,
        133,
        109,
        112,
        184,
        150,
        281,
        0,
        134,
        168,
        178,
        194,
        181,
        142,
        66,
        248,
        81,
        203,
        118,
        120,
        213,
        194,
        82,
        177,
        224,
        207,
        119,
        99,
        47,
        131,
        146,
        204,
        177,
        204,
        6,
        189,
        144,
        91],
    [   103,
        62,
        59,
        105,
        121,
        176,
        103,
        96,
        92,
        52,
        48,
        119,
        98,
        166,
        69,
        144,
        123,
        161,
        178,
        78,
        34,
        93,
        95,
        76,
        36,
        117,
        130,
        39,
        177,
        123,
        141,
        135,
        113,
        77,
        175,
        107,
        76,
        66,
        178,
        134,
        0,
        103,
        129,
        64,
        50,
        122,
        147,
        123,
        99,
        69,
        38,
        13,
        107,
        147,
        106,
        63,
        105,
        104,
        49,
        162,
        98,
        72,
        167,
        173,
        216,
        70,
        130,
        79,
        131,
        98],
    [   147,
        86,
        44,
        192,
        119,
        104,
        94,
        104,
        180,
        153,
        152,
        129,
        78,
        63,
        40,
        77,
        41,
        110,
        78,
        31,
        117,
        107,
        65,
        34,
        75,
        82,
        208,
        91,
        81,
        150,
        39,
        58,
        101,
        179,
        136,
        63,
        174,
        170,
        116,
        168,
        103,
        0,
        26,
        143,
        132,
        47,
        136,
        115,
        182,
        121,
        72,
        104,
        63,
        43,
        90,
        62,
        87,
        54,
        148,
        127,
        161,
        174,
        97,
        71,
        143,
        116,
        168,
        176,
        54,
        185],
    [   160,
        112,
        70,
        212,
        139,
        104,
        102,
        127,
        207,
        177,
        178,
        150,
        99,
        36,
        62,
        66,
        33,
        119,
        52,
        52,
        144,
        118,
        73,
        55,
        98,
        83,
        235,
        118,
        68,
        160,
        12,
        46,
        121,
        203,
        128,
        66,
        201,
        195,
        120,
        178,
        129,
        26,
        0,
        170,
        158,
        40,
        137,
        134,
        201,
        147,
        96,
        128,
        81,
        18,
        96,
        88,
        107,
        73,
        173,
        122,
        177,
        198,
        81,
        44,
        124,
        142,
        179,
        202,
        43,
        205],
    [   163,
        62,
        105,
        142,
        96,
        180,
        167,
        77,
        37,
        80,
        57,
        86,
        96,
        206,
        120,
        201,
        174,
        155,
        222,
        127,
        31,
        157,
        155,
        126,
        97,
        178,
        68,
        52,
        200,
        185,
        182,
        188,
        98,
        94,
        238,
        166,
        44,
        69,
        175,
        194,
        64,
        143,
        170,
        0,
        13,
        175,
        212,
        101,
        142,
        33,
        98,
        77,
        115,
        185,
        169,
        83,
        98,
        118,
        83,
        225,
        153,
        90,
        224,
        215,
        274,
        39,
        189,
        42,
        184,
        135],
    [   151,
        54,
        92,
        134,
        96,
        176,
        153,
        75,
        48,
        72,
        51,
        89,
        91,
        195,
        107,
        188,
        161,
        152,
        210,
        115,
        17,
        143,
        141,
        113,
        83,
        164,
        81,
        40,
        192,
        172,
        171,
        175,
        96,
        88,
        224,
        152,
        47,
        65,
        172,
        181,
        50,
        132,
        158,
        13,
        0,
        162,
        198,
        101,
        132,
        32,
        84,
        63,
        108,
        174,
        155,
        73,
        94,
        110,
        73,
        211,
        141,
        85,
        211,
        203,
        260,
        38,
        177,
        47,
        171,
        127],
    [   127,
        125,
        69,
        187,
        165,
        144,
        65,
        148,
        209,
        163,
        169,
        174,
        124,
        61,
        54,
        30,
        7,
        156,
        62,
        47,
        145,
        84,
        40,
        48,
        86,
        43,
        242,
        124,
        107,
        123,
        45,
        13,
        148,
        188,
        89,
        29,
        198,
        185,
        159,
        142,
        122,
        47,
        40,
        175,
        162,
        0,
        96,
        161,
        175,
        158,
        83,
        116,
        110,
        52,
        59,
        101,
        133,
        102,
        157,
        82,
        147,
        183,
        52,
        64,
        100,
        154,
        144,
        200,
        9,
        181],
    [   73,
        186,
        129,
        149,
        240,
        239,
        47,
        218,
        238,
        160,
        178,
        245,
        201,
        152,
        115,
        79,
        104,
        246,
        144,
        116,
        181,
        54,
        73,
        114,
        117,
        54,
        277,
        172,
        204,
        52,
        142,
        95,
        225,
        177,
        43,
        72,
        216,
        187,
        253,
        66,
        147,
        136,
        137,
        212,
        198,
        96,
        0,
        238,
        136,
        210,
        117,
        135,
        194,
        149,
        48,
        167,
        211,
        186,
        154,
        33,
        100,
        174,
        84,
        152,
        111,
        209,
        71,
        219,
        95,
        146],
    [   219,
        61,
        109,
        227,
        7,
        89,
        191,
        27,
        131,
        167,
        150,
        22,
        37,
        159,
        123,
        192,
        157,
        57,
        181,
        123,
        102,
        193,
        166,
        125,
        130,
        188,
        137,
        84,
        127,
        233,
        142,
        173,
        13,
        188,
        247,
        170,
        145,
        166,
        78,
        248,
        123,
        115,
        134,
        101,
        101,
        161,
        238,
        0,
        223,
        69,
        129,
        135,
        52,
        141,
        190,
        71,
        27,
        61,
        167,
        238,
        220,
        184,
        212,
        169,
        257,
        63,
        245,
        143,
        169,
        220],
    [   63,
        161,
        141,
        12,
        220,
        272,
        119,
        196,
        147,
        61,
        85,
        217,
        197,
        234,
        141,
        183,
        181,
        260,
        238,
        150,
        124,
        98,
        136,
        147,
        108,
        145,
        187,
        138,
        263,
        85,
        212,
        184,
        213,
        58,
        179,
        148,
        118,
        80,
        276,
        81,
        99,
        182,
        201,
        142,
        132,
        175,
        136,
        223,
        0,
        162,
        111,
        89,
        204,
        219,
        126,
        161,
        205,
        200,
        59,
        167,
        36,
        58,
        201,
        239,
        241,
        165,
        74,
        122,
        182,
        10],
    [   172,
        35,
        90,
        164,
        64,
        148,
        163,
        43,
        67,
        103,
        83,
        56,
        64,
        182,
        106,
        187,
        157,
        122,
        199,
        112,
        38,
        158,
        146,
        111,
        92,
        170,
        87,
        37,
        170,
        191,
        158,
        172,
        65,
        121,
        231,
        155,
        77,
        98,
        142,
        203,
        69,
        121,
        147,
        33,
        32,
        158,
        210,
        69,
        162,
        0,
        93,
        83,
        84,
        161,
        164,
        59,
        66,
        88,
        103,
        219,
        167,
        117,
        210,
        191,
        259,
        6,
        199,
        75,
        168,
        157],
    [   90,
        71,
        30,
        120,
        130,
        162,
        70,
        106,
        130,
        81,
        85,
        132,
        96,
        132,
        33,
        105,
        86,
        155,
        141,
        43,
        67,
        65,
        56,
        40,
        2,
        80,
        166,
        55,
        152,
        104,
        108,
        96,
        117,
        107,
        139,
        68,
        115,
        102,
        168,
        118,
        38,
        72,
        96,
        98,
        84,
        83,
        117,
        129,
        111,
        93,
        0,
        33,
        97,
        114,
        71,
        58,
        105,
        92,
        76,
        127,
        96,
        102,
        128,
        138,
        177,
        92,
        116,
        118,
        93,
        113],
    [   89,
        73,
        59,
        96,
        133,
        183,
        92,
        109,
        103,
        49,
        52,
        132,
        108,
        164,
        66,
        137,
        119,
        171,
        175,
        76,
        47,
        80,
        86,
        73,
        30,
        107,
        142,
        51,
        181,
        109,
        140,
        129,
        124,
        75,
        164,
        99,
        85,
        68,
        186,
        120,
        13,
        104,
        128,
        77,
        63,
        116,
        135,
        135,
        89,
        83,
        33,
        0,
        115,
        146,
        95,
        72,
        116,
        112,
        45,
        151,
        85,
        70,
        159,
        171,
        208,
        84,
        116,
        88,
        125,
        88],
    [   187,
        54,
        70,
        211,
        58,
        69,
        148,
        49,
        151,
        158,
        148,
        69,
        21,
        108,
        80,
        141,
        105,
        57,
        129,
        78,
        101,
        154,
        121,
        80,
        99,
        141,
        169,
        74,
        86,
        197,
        89,
        121,
        39,
        183,
        198,
        123,
        156,
        166,
        71,
        213,
        107,
        63,
        81,
        115,
        108,
        110,
        194,
        52,
        204,
        84,
        97,
        115,
        0,
        89,
        146,
        43,
        26,
        8,
        156,
        189,
        194,
        178,
        160,
        118,
        205,
        77,
        212,
        156,
        118,
        204],
    [   177,
        125,
        88,
        230,
        147,
        99,
        117,
        137,
        222,
        195,
        195,
        159,
        108,
        20,
        80,
        73,
        45,
        118,
        40,
        70,
        160,
        134,
        89,
        73,
        117,
        96,
        249,
        134,
        55,
        175,
        7,
        54,
        129,
        221,
        135,
        81,
        218,
        213,
        116,
        194,
        147,
        43,
        18,
        185,
        174,
        52,
        149,
        141,
        219,
        161,
        114,
        146,
        89,
        0,
        111,
        102,
        115,
        81,
        190,
        130,
        194,
        216,
        84,
        29,
        121,
        155,
        195,
        219,
        53,
        223],
    [   70,
        138,
        80,
        138,
        192,
        195,
        6,
        170,
        198,
        131,
        144,
        197,
        153,
        120,
        66,
        57,
        66,
        199,
        118,
        67,
        138,
        28,
        25,
        65,
        72,
        19,
        236,
        126,
        164,
        64,
        104,
        63,
        176,
        152,
        68,
        30,
        180,
        157,
        207,
        82,
        106,
        90,
        96,
        169,
        155,
        59,
        48,
        190,
        126,
        164,
        71,
        95,
        146,
        111,
        0,
        119,
        163,
        138,
        124,
        56,
        93,
        148,
        75,
        122,
        118,
        162,
        85,
        183,
        62,
        133],
    [   149,
        24,
        38,
        168,
        73,
        112,
        120,
        50,
        120,
        115,
        106,
        77,
        37,
        123,
        54,
        131,
        99,
        99,
        140,
        56,
        61,
        121,
        96,
        57,
        59,
        120,
        146,
        34,
        119,
        162,
        99,
        114,
        58,
        140,
        181,
        103,
        119,
        124,
        114,
        177,
        63,
        62,
        88,
        83,
        73,
        101,
        167,
        71,
        161,
        59,
        58,
        72,
        43,
        102,
        119,
        0,
        47,
        41,
        113,
        170,
        153,
        135,
        153,
        132,
        202,
        54,
        175,
        120,
        110,
        160],
    [   196,
        44,
        83,
        211,
        32,
        81,
        164,
        25,
        133,
        154,
        139,
        43,
        9,
        135,
        96,
        164,
        129,
        58,
        155,
        96,
        90,
        167,
        138,
        97,
        106,
        160,
        147,
        68,
        109,
        209,
        115,
        145,
        14,
        176,
        219,
        142,
        142,
        157,
        77,
        224,
        105,
        87,
        107,
        98,
        94,
        133,
        211,
        27,
        205,
        66,
        105,
        116,
        26,
        115,
        163,
        47,
        0,
        34,
        152,
        210,
        199,
        172,
        184,
        144,
        230,
        59,
        222,
        141,
        141,
        203],
    [   181,
        55,
        64,
        208,
        66,
        71,
        140,
        56,
        154,
        156,
        147,
        77,
        27,
        101,
        73,
        132,
        96,
        63,
        121,
        70,
        101,
        147,
        113,
        72,
        94,
        133,
        174,
        74,
        82,
        190,
        81,
        112,
        48,
        181,
        190,
        114,
        158,
        165,
        75,
        207,
        104,
        54,
        73,
        118,
        110,
        102,
        186,
        61,
        200,
        88,
        92,
        112,
        8,
        81,
        138,
        41,
        34,
        0,
        154,
        181,
        188,
        176,
        151,
        110,
        196,
        81,
        206,
        157,
        109,
        200],
    [   90,
        108,
        104,
        60,
        164,
        225,
        120,
        140,
        93,
        6,
        28,
        159,
        145,
        209,
        110,
        174,
        161,
        209,
        218,
        120,
        66,
        102,
        123,
        117,
        74,
        140,
        133,
        84,
        225,
        114,
        185,
        169,
        158,
        30,
        190,
        136,
        65,
        33,
        227,
        119,
        49,
        148,
        173,
        83,
        73,
        157,
        154,
        167,
        59,
        103,
        76,
        45,
        156,
        190,
        124,
        113,
        152,
        154,
        0,
        177,
        73,
        26,
        196,
        215,
        242,
        107,
        113,
        70,
        166,
        53],
    [   104,
        191,
        131,
        179,
        241,
        226,
        59,
        221,
        255,
        184,
        199,
        247,
        200,
        130,
        116,
        57,
        89,
        238,
        118,
        114,
        194,
        75,
        73,
        113,
        128,
        50,
        293,
        181,
        185,
        85,
        124,
        76,
        224,
        203,
        12,
        67,
        235,
        210,
        242,
        99,
        162,
        127,
        122,
        225,
        211,
        82,
        33,
        238,
        167,
        219,
        127,
        151,
        189,
        130,
        56,
        170,
        210,
        181,
        177,
        0,
        131,
        199,
        55,
        128,
        77,
        217,
        104,
        239,
        78,
        176],
    [   27,
        158,
        125,
        49,
        219,
        258,
        87,
        194,
        166,
        78,
        101,
        218,
        190,
        208,
        121,
        151,
        153,
        251,
        209,
        129,
        129,
        65,
        107,
        126,
        94,
        113,
        207,
        137,
        242,
        49,
        188,
        155,
        209,
        85,
        142,
        118,
        139,
        103,
        264,
        47,
        98,
        161,
        177,
        153,
        141,
        147,
        100,
        220,
        36,
        167,
        96,
        85,
        194,
        194,
        93,
        153,
        199,
        188,
        73,
        131,
        0,
        84,
        167,
        211,
        206,
        169,
        41,
        143,
        153,
        46],
    [   106,
        127,
        129,
        54,
        180,
        248,
        143,
        157,
        90,
        21,
        33,
        174,
        166,
        235,
        136,
        199,
        187,
        230,
        244,
        146,
        82,
        124,
        148,
        143,
        100,
        165,
        128,
        104,
        250,
        130,
        211,
        195,
        176,
        4,
        212,
        161,
        60,
        22,
        248,
        131,
        72,
        174,
        198,
        90,
        85,
        183,
        174,
        184,
        58,
        117,
        102,
        70,
        178,
        216,
        148,
        135,
        172,
        176,
        26,
        199,
        84,
        0,
        221,
        241,
        267,
        122,
        125,
        65,
        192,
        49],
    [   142,
        177,
        119,
        213,
        217,
        183,
        81,
        200,
        258,
        202,
        212,
        226,
        175,
        79,
        104,
        23,
        55,
        201,
        64,
        98,
        194,
        102,
        73,
        98,
        130,
        56,
        292,
        174,
        137,
        129,
        79,
        39,
        198,
        225,
        55,
        60,
        244,
        226,
        200,
        146,
        167,
        97,
        81,
        224,
        211,
        52,
        84,
        212,
        201,
        210,
        128,
        159,
        160,
        84,
        75,
        153,
        184,
        151,
        196,
        55,
        167,
        221,
        0,
        75,
        49,
        206,
        150,
        246,
        43,
        208],
    [   191,
        155,
        114,
        250,
        175,
        117,
        128,
        166,
        251,
        220,
        222,
        187,
        138,
        9,
        105,
        73,
        58,
        141,
        13,
        95,
        189,
        148,
        104,
        98,
        141,
        104,
        278,
        163,
        64,
        186,
        32,
        59,
        157,
        246,
        130,
        93,
        246,
        239,
        136,
        204,
        173,
        71,
        44,
        215,
        203,
        64,
        152,
        169,
        239,
        191,
        138,
        171,
        118,
        29,
        122,
        132,
        144,
        110,
        215,
        128,
        211,
        241,
        75,
        0,
        102,
        185,
        207,
        247,
        60,
        244],
    [   179,
        225,
        169,
        254,
        262,
        218,
        124,
        248,
        307,
        249,
        260,
        273,
        222,
        109,
        153,
        72,
        103,
        240,
        88,
        147,
        243,
        144,
        121,
        148,
        180,
        101,
        342,
        223,
        166,
        162,
        118,
        87,
        244,
        270,
        68,
        109,
        293,
        274,
        237,
        177,
        216,
        143,
        124,
        274,
        260,
        100,
        111,
        257,
        241,
        259,
        177,
        208,
        205,
        121,
        118,
        202,
        230,
        196,
        242,
        77,
        206,
        267,
        49,
        102,
        0,
        255,
        182,
        295,
        91,
        250],
    [   173,
        30,
        87,
        168,
        58,
        141,
        162,
        37,
        74,
        107,
        88,
        51,
        58,
        176,
        103,
        184,
        153,
        115,
        194,
        108,
        41,
        157,
        143,
        108,
        91,
        167,
        93,
        36,
        164,
        191,
        153,
        168,
        58,
        126,
        228,
        152,
        83,
        104,
        135,
        204,
        70,
        116,
        142,
        39,
        38,
        154,
        209,
        63,
        165,
        6,
        92,
        84,
        77,
        155,
        162,
        54,
        59,
        81,
        107,
        217,
        169,
        122,
        206,
        185,
        255,
        0,
        200,
        82,
        164,
        161],
    [   26,
        185,
        141,
        85,
        245,
        271,
        79,
        221,
        205,
        118,
        141,
        246,
        212,
        205,
        133,
        138,
        151,
        269,
        202,
        139,
        162,
        61,
        106,
        136,
        115,
        102,
        246,
        165,
        247,
        21,
        188,
        148,
        233,
        126,
        115,
        114,
        179,
        144,
        280,
        6,
        130,
        168,
        179,
        189,
        177,
        144,
        71,
        245,
        74,
        199,
        116,
        116,
        212,
        195,
        85,
        175,
        222,
        206,
        113,
        104,
        41,
        125,
        150,
        207,
        182,
        200,
        0,
        183,
        147,
        85],
    [   160,
        101,
        133,
        119,
        138,
        222,
        179,
        119,
        25,
        64,
        42,
        128,
        138,
        239,
        146,
        223,
        201,
        197,
        253,
        155,
        58,
        165,
        174,
        153,
        115,
        195,
        64,
        86,
        239,
        183,
        215,
        214,
        140,
        66,
        251,
        186,
        4,
        42,
        217,
        189,
        79,
        176,
        202,
        42,
        47,
        200,
        219,
        143,
        122,
        75,
        118,
        88,
        156,
        219,
        183,
        120,
        141,
        157,
        70,
        239,
        143,
        65,
        246,
        247,
        295,
        82,
        183,
        0,
        210,
        114],
    [   131,
        134,
        79,
        194,
        174,
        148,
        68,
        157,
        219,
        172,
        178,
        183,
        132,
        58,
        64,
        23,
        12,
        162,
        56,
        56,
        154,
        88,
        46,
        57,
        95,
        44,
        252,
        133,
        108,
        126,
        46,
        3,
        156,
        196,
        84,
        34,
        208,
        194,
        164,
        144,
        131,
        54,
        43,
        184,
        171,
        9,
        95,
        169,
        182,
        168,
        93,
        125,
        118,
        53,
        62,
        110,
        141,
        109,
        166,
        78,
        153,
        192,
        43,
        60,
        91,
        164,
        147,
        210,
        0,
        188],
    [   73,
        159,
        143,
        7,
        217,
        272,
        127,
        193,
        139,
        55,
        78,
        213,
        196,
        239,
        144,
        190,
        186,
        259,
        244,
        153,
        119,
        106,
        142,
        150,
        110,
        152,
        178,
        136,
        265,
        96,
        217,
        191,
        210,
        48,
        188,
        154,
        109,
        72,
        275,
        91,
        98,
        185,
        205,
        135,
        127,
        181,
        146,
        220,
        10,
        157,
        113,
        88,
        204,
        223,
        133,
        160,
        203,
        200,
        53,
        176,
        46,
        49,
        208,
        244,
        250,
        161,
        85,
        114,
        188,
        0]]
;
task=[   138,
    101,
    284,
    240,
    107,
    22,
    295,
    615,
    367,
    262,
    179,
    0,
    151,
    145,
    306,
    130,
    109,
    545,
    144,
    220,
    149,
    58,
    46,
    121,
    285,
    36,
    11,
    324,
    102,
    243,
    314,
    256,
    378,
    337,
    105,
    212,
    364,
    184,
    412,
    193,
    358,
    368,
    132,
    175,
    207,
    232,
    178,
    466,
    36,
    544,
    298,
    274,
    184,
    206,
    266,
    507,
    51,
    486,
    135,
    116,
    94,
    193,
    80,
    110,
    115,
    21,
    138,
    86,
    322,
    7]
;
minW=[   215,
    56,
    112,
    218,
    8,
    102,
    192,
    20,
    103,
    154,
    134,
    0,
    45,
    175,
    124,
    196,
    163,
    75,
    189,
    125,
    91,
    194,
    167,
    125,
    127,
    190,
    106,
    72,
    144,
    225,
    157,
    178,
    21,
    172,
    255,
    172,
    125,
    152,
    89,
    240,
    111,
    123,
    147,
    84,
    82,
    166,
    237,
    14,
    213,
    46,
    122,
    125,
    60,
    152,
    190,
    74,
    39,
    70,
    154,
    238,
    213,
    171,
    222,
    185,
    263,
    47,
    240,
    126,
    177,
    206]
;
maxW=[   220,
    69,
    122,
    221,
    20,
    113,
    197,
    35,
    118,
    167,
    143,
    720,
    58,
    186,
    131,
    211,
    176,
    84,
    203,
    138,
    94,
    200,
    182,
    134,
    141,
    202,
    118,
    88,
    155,
    236,
    166,
    188,
    39,
    178,
    267,
    188,
    130,
    157,
    102,
    251,
    125,
    129,
    156,
    93,
    94,
    181,
    245,
    27,
    222,
    61,
    134,
    140,
    69,
    165,
    206,
    81,
    46,
    86,
    162,
    251,
    219,
    180,
    230,
    196,
    276,
    58,
    248,
    133,
    186,
    220]
;