// Generated by InstanceGenerator.py v0.1
// Juan Francisco Martinez Vera
// AMMM - MIRI, FIB UPC
//
// RAND_SEED=1484777407

bigM=100000;

nLocations=50;
startLocation=4;
distances=[   [   0,
        169,
        102,
        143,
        131,
        114,
        164,
        98,
        51,
        145,
        111,
        130,
        136,
        82,
        153,
        31,
        145,
        51,
        75,
        38,
        44,
        88,
        91,
        139,
        126,
        87,
        20,
        109,
        114,
        166,
        112,
        72,
        28,
        140,
        156,
        111,
        149,
        99,
        74,
        30,
        46,
        107,
        129,
        190,
        56,
        55,
        93,
        82,
        132,
        28],
    [   169,
        0,
        237,
        196,
        48,
        120,
        325,
        199,
        118,
        240,
        195,
        82,
        217,
        87,
        318,
        199,
        86,
        201,
        245,
        200,
        149,
        96,
        201,
        78,
        209,
        118,
        161,
        235,
        116,
        328,
        272,
        214,
        142,
        302,
        321,
        281,
        21,
        115,
        204,
        164,
        131,
        82,
        253,
        242,
        115,
        122,
        260,
        187,
        298,
        197],
    [   102,
        237,
        0,
        243,
        189,
        214,
        189,
        47,
        129,
        234,
        209,
        223,
        231,
        157,
        170,
        82,
        239,
        135,
        95,
        67,
        146,
        141,
        184,
        231,
        221,
        120,
        92,
        14,
        214,
        189,
        156,
        29,
        124,
        170,
        173,
        110,
        216,
        198,
        33,
        131,
        144,
        155,
        206,
        287,
        131,
        151,
        122,
        179,
        152,
        83],
    [   143,
        196,
        243,
        0,
        192,
        76,
        191,
        240,
        149,
        55,
        36,
        114,
        31,
        152,
        196,
        161,
        114,
        112,
        174,
        176,
        103,
        183,
        64,
        119,
        33,
        199,
        160,
        252,
        80,
        195,
        150,
        214,
        131,
        174,
        198,
        199,
        186,
        86,
        217,
        113,
        117,
        194,
        89,
        51,
        151,
        117,
        165,
        65,
        184,
        160],
    [   131,
        48,
        189,
        192,
        0,
        117,
        293,
        150,
        79,
        228,
        182,
        88,
        207,
        51,
        284,
        159,
        100,
        170,
        206,
        157,
        121,
        48,
        181,
        90,
        198,
        69,
        119,
        187,
        114,
        296,
        240,
        168,
        107,
        270,
        287,
        242,
        30,
        106,
        157,
        132,
        101,
        34,
        233,
        242,
        75,
        93,
        224,
        167,
        263,
        157],
    [   114,
        120,
        214,
        76,
        117,
        0,
        228,
        197,
        93,
        121,
        77,
        39,
        97,
        84,
        226,
        142,
        44,
        113,
        174,
        152,
        70,
        117,
        91,
        46,
        90,
        138,
        122,
        219,
        3,
        231,
        177,
        185,
        89,
        207,
        229,
        208,
        109,
        16,
        183,
        88,
        70,
        124,
        140,
        125,
        94,
        64,
        178,
        79,
        209,
        140],
    [   164,
        325,
        189,
        191,
        293,
        228,
        0,
        223,
        214,
        142,
        161,
        263,
        162,
        242,
        20,
        143,
        272,
        124,
        100,
        153,
        176,
        253,
        139,
        272,
        158,
        250,
        181,
        203,
        231,
        3,
        53,
        177,
        186,
        23,
        18,
        78,
        306,
        222,
        190,
        162,
        194,
        271,
        102,
        203,
        219,
        203,
        74,
        149,
        36,
        145],
    [   98,
        199,
        47,
        240,
        150,
        197,
        223,
        0,
        105,
        242,
        210,
        198,
        235,
        127,
        206,
        92,
        214,
        144,
        124,
        77,
        137,
        104,
        189,
        206,
        224,
        81,
        80,
        39,
        197,
        224,
        183,
        46,
        111,
        203,
        209,
        147,
        179,
        181,
        33,
        127,
        129,
        116,
        221,
        288,
        106,
        133,
        151,
        180,
        187,
        92],
    [   51,
        118,
        129,
        149,
        79,
        93,
        214,
        105,
        0,
        168,
        126,
        94,
        153,
        31,
        204,
        80,
        110,
        93,
        127,
        81,
        51,
        41,
        116,
        102,
        142,
        50,
        43,
        132,
        92,
        216,
        161,
        102,
        29,
        190,
        207,
        163,
        98,
        76,
        96,
        56,
        33,
        58,
        163,
        200,
        4,
        32,
        144,
        103,
        184,
        78],
    [   145,
        240,
        234,
        55,
        228,
        121,
        142,
        242,
        168,
        0,
        46,
        161,
        25,
        181,
        150,
        152,
        164,
        99,
        149,
        168,
        117,
        207,
        54,
        167,
        31,
        219,
        165,
        245,
        125,
        146,
        110,
        207,
        144,
        129,
        152,
        166,
        227,
        125,
        214,
        118,
        136,
        222,
        40,
        62,
        172,
        140,
        133,
        65,
        142,
        152],
    [   111,
        195,
        209,
        36,
        182,
        77,
        161,
        210,
        126,
        46,
        0,
        116,
        26,
        136,
        164,
        126,
        121,
        76,
        137,
        141,
        76,
        164,
        28,
        123,
        16,
        177,
        130,
        219,
        80,
        165,
        117,
        181,
        104,
        143,
        166,
        163,
        181,
        79,
        184,
        82,
        93,
        177,
        64,
        78,
        129,
        95,
        129,
        29,
        150,
        125],
    [   130,
        82,
        223,
        114,
        88,
        39,
        263,
        198,
        94,
        161,
        116,
        0,
        136,
        72,
        259,
        161,
        16,
        142,
        199,
        168,
        93,
        103,
        128,
        9,
        130,
        127,
        132,
        226,
        36,
        266,
        210,
        195,
        102,
        240,
        262,
        234,
        73,
        40,
        190,
        111,
        83,
        104,
        179,
        160,
        93,
        74,
        207,
        115,
        241,
        158],
    [   136,
        217,
        231,
        31,
        207,
        97,
        162,
        235,
        153,
        25,
        26,
        136,
        0,
        162,
        167,
        149,
        139,
        96,
        154,
        164,
        103,
        190,
        47,
        142,
        10,
        204,
        155,
        242,
        100,
        165,
        123,
        204,
        130,
        146,
        169,
        175,
        204,
        102,
        208,
        107,
        120,
        204,
        59,
        55,
        156,
        122,
        142,
        54,
        157,
        148],
    [   82,
        87,
        157,
        152,
        51,
        84,
        242,
        127,
        31,
        181,
        136,
        72,
        162,
        0,
        234,
        112,
        88,
        119,
        158,
        113,
        70,
        32,
        132,
        79,
        152,
        55,
        74,
        158,
        82,
        244,
        189,
        132,
        56,
        218,
        236,
        194,
        66,
        69,
        124,
        81,
        49,
        41,
        182,
        203,
        27,
        42,
        174,
        118,
        213,
        109],
    [   153,
        318,
        170,
        196,
        284,
        226,
        20,
        206,
        204,
        150,
        164,
        259,
        167,
        234,
        0,
        130,
        270,
        118,
        85,
        139,
        170,
        242,
        140,
        268,
        163,
        237,
        169,
        184,
        229,
        19,
        49,
        160,
        177,
        21,
        2,
        60,
        299,
        219,
        174,
        154,
        187,
        261,
        110,
        213,
        209,
        196,
        60,
        149,
        21,
        132],
    [   31,
        199,
        82,
        161,
        159,
        142,
        143,
        92,
        80,
        152,
        126,
        161,
        149,
        112,
        130,
        0,
        175,
        53,
        47,
        15,
        71,
        113,
        102,
        170,
        138,
        106,
        40,
        93,
        143,
        145,
        95,
        55,
        59,
        120,
        133,
        83,
        179,
        128,
        61,
        54,
        77,
        132,
        128,
        204,
        84,
        86,
        69,
        96,
        109,
        2],
    [   145,
        86,
        239,
        114,
        100,
        44,
        272,
        214,
        110,
        164,
        121,
        16,
        139,
        88,
        270,
        175,
        0,
        154,
        212,
        183,
        106,
        118,
        135,
        9,
        133,
        143,
        148,
        242,
        42,
        275,
        221,
        211,
        117,
        250,
        272,
        247,
        81,
        51,
        206,
        125,
        98,
        119,
        185,
        157,
        109,
        89,
        219,
        123,
        252,
        173],
    [   51,
        201,
        135,
        112,
        170,
        113,
        124,
        144,
        93,
        99,
        76,
        142,
        96,
        119,
        118,
        53,
        154,
        0,
        64,
        69,
        52,
        134,
        49,
        151,
        86,
        136,
        72,
        146,
        114,
        127,
        71,
        108,
        64,
        101,
        120,
        95,
        182,
        103,
        115,
        37,
        70,
        152,
        78,
        152,
        97,
        79,
        65,
        47,
        99,
        53],
    [   75,
        245,
        95,
        174,
        206,
        174,
        100,
        124,
        127,
        149,
        137,
        199,
        154,
        158,
        85,
        47,
        212,
        64,
        0,
        54,
        106,
        161,
        109,
        208,
        145,
        153,
        87,
        109,
        175,
        101,
        60,
        78,
        102,
        79,
        87,
        36,
        224,
        162,
        91,
        87,
        117,
        179,
        116,
        209,
        131,
        127,
        27,
        110,
        64,
        49],
    [   38,
        200,
        67,
        176,
        157,
        152,
        153,
        77,
        81,
        168,
        141,
        168,
        164,
        113,
        139,
        15,
        183,
        69,
        54,
        0,
        82,
        110,
        117,
        177,
        154,
        100,
        38,
        77,
        152,
        155,
        108,
        39,
        65,
        131,
        142,
        87,
        179,
        137,
        46,
        65,
        84,
        128,
        144,
        220,
        85,
        93,
        79,
        111,
        118,
        16],
    [   44,
        149,
        146,
        103,
        121,
        70,
        176,
        137,
        51,
        117,
        76,
        93,
        103,
        70,
        170,
        71,
        106,
        52,
        106,
        82,
        0,
        91,
        64,
        102,
        92,
        102,
        57,
        153,
        71,
        179,
        123,
        117,
        28,
        153,
        172,
        141,
        130,
        57,
        117,
        18,
        20,
        107,
        113,
        152,
        55,
        27,
        114,
        51,
        150,
        69],
    [   88,
        96,
        141,
        183,
        48,
        117,
        253,
        104,
        41,
        207,
        164,
        103,
        190,
        32,
        242,
        113,
        118,
        134,
        161,
        110,
        91,
        0,
        156,
        109,
        180,
        25,
        73,
        139,
        114,
        255,
        201,
        119,
        70,
        229,
        245,
        196,
        75,
        101,
        108,
        97,
        71,
        18,
        204,
        234,
        36,
        68,
        181,
        142,
        221,
        111],
    [   91,
        201,
        184,
        64,
        181,
        91,
        139,
        189,
        116,
        54,
        28,
        128,
        47,
        132,
        140,
        102,
        135,
        49,
        109,
        117,
        64,
        156,
        0,
        136,
        36,
        166,
        111,
        195,
        93,
        142,
        91,
        157,
        90,
        118,
        142,
        135,
        185,
        88,
        162,
        64,
        84,
        171,
        52,
        102,
        119,
        89,
        102,
        14,
        125,
        101],
    [   139,
        78,
        231,
        119,
        90,
        46,
        272,
        206,
        102,
        167,
        123,
        9,
        142,
        79,
        268,
        170,
        9,
        151,
        208,
        177,
        102,
        109,
        136,
        0,
        136,
        134,
        141,
        234,
        43,
        274,
        219,
        204,
        111,
        249,
        271,
        244,
        73,
        49,
        198,
        120,
        92,
        109,
        186,
        163,
        101,
        83,
        216,
        123,
        250,
        168],
    [   126,
        209,
        221,
        33,
        198,
        90,
        158,
        224,
        142,
        31,
        16,
        130,
        10,
        152,
        163,
        138,
        133,
        86,
        145,
        154,
        92,
        180,
        36,
        136,
        0,
        193,
        144,
        231,
        94,
        162,
        117,
        193,
        120,
        141,
        165,
        168,
        196,
        94,
        198,
        97,
        109,
        194,
        57,
        65,
        145,
        112,
        134,
        43,
        151,
        137],
    [   87,
        118,
        120,
        199,
        69,
        138,
        250,
        81,
        50,
        219,
        177,
        127,
        204,
        55,
        237,
        106,
        143,
        136,
        153,
        100,
        102,
        25,
        166,
        134,
        193,
        0,
        68,
        117,
        136,
        251,
        199,
        101,
        76,
        226,
        240,
        187,
        98,
        122,
        89,
        103,
        84,
        35,
        211,
        250,
        48,
        82,
        176,
        153,
        216,
        105],
    [   20,
        161,
        92,
        160,
        119,
        122,
        181,
        80,
        43,
        165,
        130,
        132,
        155,
        74,
        169,
        40,
        148,
        72,
        87,
        38,
        57,
        73,
        111,
        141,
        144,
        68,
        0,
        97,
        122,
        183,
        131,
        63,
        32,
        158,
        172,
        123,
        140,
        106,
        60,
        47,
        52,
        92,
        150,
        208,
        46,
        59,
        108,
        101,
        148,
        37],
    [   109,
        235,
        14,
        252,
        187,
        219,
        203,
        39,
        132,
        245,
        219,
        226,
        242,
        158,
        184,
        93,
        242,
        146,
        109,
        77,
        153,
        139,
        195,
        234,
        231,
        117,
        97,
        0,
        219,
        203,
        170,
        38,
        130,
        185,
        187,
        124,
        215,
        203,
        36,
        140,
        149,
        153,
        218,
        297,
        133,
        156,
        136,
        189,
        167,
        93],
    [   114,
        116,
        214,
        80,
        114,
        3,
        231,
        197,
        92,
        125,
        80,
        36,
        100,
        82,
        229,
        143,
        42,
        114,
        175,
        152,
        71,
        114,
        93,
        43,
        94,
        136,
        122,
        219,
        0,
        234,
        179,
        185,
        89,
        209,
        231,
        209,
        106,
        15,
        182,
        89,
        69,
        121,
        143,
        128,
        92,
        63,
        180,
        81,
        211,
        141],
    [   166,
        328,
        189,
        195,
        296,
        231,
        3,
        224,
        216,
        146,
        165,
        266,
        165,
        244,
        19,
        145,
        275,
        127,
        101,
        155,
        179,
        255,
        142,
        274,
        162,
        251,
        183,
        203,
        234,
        0,
        56,
        177,
        188,
        26,
        17,
        78,
        309,
        225,
        191,
        164,
        197,
        273,
        106,
        207,
        221,
        206,
        75,
        152,
        37,
        146],
    [   112,
        272,
        156,
        150,
        240,
        177,
        53,
        183,
        161,
        110,
        117,
        210,
        123,
        189,
        49,
        95,
        221,
        71,
        60,
        108,
        123,
        201,
        91,
        219,
        117,
        199,
        131,
        170,
        179,
        56,
        0,
        138,
        133,
        30,
        51,
        59,
        253,
        170,
        150,
        108,
        141,
        219,
        70,
        173,
        166,
        150,
        33,
        99,
        33,
        97],
    [   72,
        214,
        29,
        214,
        168,
        185,
        177,
        46,
        102,
        207,
        181,
        195,
        204,
        132,
        160,
        55,
        211,
        108,
        78,
        39,
        117,
        119,
        157,
        204,
        193,
        101,
        63,
        38,
        185,
        177,
        138,
        0,
        95,
        156,
        162,
        101,
        193,
        169,
        14,
        102,
        115,
        135,
        182,
        259,
        105,
        122,
        106,
        151,
        140,
        55],
    [   28,
        142,
        124,
        131,
        107,
        89,
        186,
        111,
        29,
        144,
        104,
        102,
        130,
        56,
        177,
        59,
        117,
        64,
        102,
        65,
        28,
        70,
        90,
        111,
        120,
        76,
        32,
        130,
        89,
        188,
        133,
        95,
        0,
        162,
        180,
        139,
        122,
        73,
        93,
        27,
        19,
        87,
        136,
        181,
        33,
        27,
        118,
        78,
        156,
        57],
    [   140,
        302,
        170,
        174,
        270,
        207,
        23,
        203,
        190,
        129,
        143,
        240,
        146,
        218,
        21,
        120,
        250,
        101,
        79,
        131,
        153,
        229,
        118,
        249,
        141,
        226,
        158,
        185,
        209,
        26,
        30,
        156,
        162,
        0,
        23,
        63,
        283,
        200,
        170,
        138,
        171,
        248,
        88,
        191,
        195,
        180,
        51,
        128,
        20,
        122],
    [   156,
        321,
        173,
        198,
        287,
        229,
        18,
        209,
        207,
        152,
        166,
        262,
        169,
        236,
        2,
        133,
        272,
        120,
        87,
        142,
        172,
        245,
        142,
        271,
        165,
        240,
        172,
        187,
        231,
        17,
        51,
        162,
        180,
        23,
        0,
        62,
        301,
        221,
        176,
        157,
        190,
        263,
        111,
        214,
        212,
        199,
        63,
        151,
        23,
        135],
    [   111,
        281,
        110,
        199,
        242,
        208,
        78,
        147,
        163,
        166,
        163,
        234,
        175,
        194,
        60,
        83,
        247,
        95,
        36,
        87,
        141,
        196,
        135,
        244,
        168,
        187,
        123,
        124,
        209,
        78,
        59,
        101,
        139,
        63,
        62,
        0,
        261,
        196,
        116,
        123,
        154,
        215,
        128,
        228,
        167,
        163,
        33,
        138,
        43,
        85],
    [   149,
        21,
        216,
        186,
        30,
        109,
        306,
        179,
        98,
        227,
        181,
        73,
        204,
        66,
        299,
        179,
        81,
        182,
        224,
        179,
        130,
        75,
        185,
        73,
        196,
        98,
        140,
        215,
        106,
        309,
        253,
        193,
        122,
        283,
        301,
        261,
        0,
        102,
        183,
        144,
        112,
        63,
        237,
        233,
        94,
        103,
        240,
        171,
        278,
        176],
    [   99,
        115,
        198,
        86,
        106,
        16,
        222,
        181,
        76,
        125,
        79,
        40,
        102,
        69,
        219,
        128,
        51,
        103,
        162,
        137,
        57,
        101,
        88,
        49,
        94,
        122,
        106,
        203,
        15,
        225,
        170,
        169,
        73,
        200,
        221,
        196,
        102,
        0,
        166,
        75,
        54,
        110,
        139,
        136,
        77,
        47,
        168,
        75,
        201,
        126],
    [   74,
        204,
        33,
        217,
        157,
        183,
        190,
        33,
        96,
        214,
        184,
        190,
        208,
        124,
        174,
        61,
        206,
        115,
        91,
        46,
        117,
        108,
        162,
        198,
        198,
        89,
        60,
        36,
        182,
        191,
        150,
        14,
        93,
        170,
        176,
        116,
        183,
        166,
        0,
        104,
        113,
        123,
        190,
        263,
        98,
        119,
        118,
        155,
        154,
        62],
    [   30,
        164,
        131,
        113,
        132,
        88,
        162,
        127,
        56,
        118,
        82,
        111,
        107,
        81,
        154,
        54,
        125,
        37,
        87,
        65,
        18,
        97,
        64,
        120,
        97,
        103,
        47,
        140,
        89,
        164,
        108,
        102,
        27,
        138,
        157,
        123,
        144,
        75,
        104,
        0,
        32,
        115,
        108,
        160,
        61,
        42,
        97,
        53,
        134,
        52],
    [   46,
        131,
        144,
        117,
        101,
        70,
        194,
        129,
        33,
        136,
        93,
        83,
        120,
        49,
        187,
        77,
        98,
        70,
        117,
        84,
        20,
        71,
        84,
        92,
        109,
        84,
        52,
        149,
        69,
        197,
        141,
        115,
        19,
        171,
        190,
        154,
        112,
        54,
        113,
        32,
        0,
        87,
        133,
        167,
        36,
        9,
        130,
        70,
        167,
        75],
    [   107,
        82,
        155,
        194,
        34,
        124,
        271,
        116,
        58,
        222,
        177,
        104,
        204,
        41,
        261,
        132,
        119,
        152,
        179,
        128,
        107,
        18,
        171,
        109,
        194,
        35,
        92,
        153,
        121,
        273,
        219,
        135,
        87,
        248,
        263,
        215,
        63,
        110,
        123,
        115,
        87,
        0,
        221,
        245,
        54,
        82,
        200,
        158,
        240,
        130],
    [   129,
        253,
        206,
        89,
        233,
        140,
        102,
        221,
        163,
        40,
        64,
        179,
        59,
        182,
        110,
        128,
        185,
        78,
        116,
        144,
        113,
        204,
        52,
        186,
        57,
        211,
        150,
        218,
        143,
        106,
        70,
        182,
        136,
        88,
        111,
        128,
        237,
        139,
        190,
        108,
        133,
        221,
        0,
        103,
        168,
        140,
        96,
        66,
        101,
        128],
    [   190,
        242,
        287,
        51,
        242,
        125,
        203,
        288,
        200,
        62,
        78,
        160,
        55,
        203,
        213,
        204,
        157,
        152,
        209,
        220,
        152,
        234,
        102,
        163,
        65,
        250,
        208,
        297,
        128,
        207,
        173,
        259,
        181,
        191,
        214,
        228,
        233,
        136,
        263,
        160,
        167,
        245,
        103,
        0,
        202,
        167,
        195,
        108,
        205,
        203],
    [   56,
        115,
        131,
        151,
        75,
        94,
        219,
        106,
        4,
        172,
        129,
        93,
        156,
        27,
        209,
        84,
        109,
        97,
        131,
        85,
        55,
        36,
        119,
        101,
        145,
        48,
        46,
        133,
        92,
        221,
        166,
        105,
        33,
        195,
        212,
        167,
        94,
        77,
        98,
        61,
        36,
        54,
        168,
        202,
        0,
        34,
        149,
        106,
        188,
        82],
    [   55,
        122,
        151,
        117,
        93,
        64,
        203,
        133,
        32,
        140,
        95,
        74,
        122,
        42,
        196,
        86,
        89,
        79,
        127,
        93,
        27,
        68,
        89,
        83,
        112,
        82,
        59,
        156,
        63,
        206,
        150,
        122,
        27,
        180,
        199,
        163,
        103,
        47,
        119,
        42,
        9,
        82,
        140,
        167,
        34,
        0,
        139,
        75,
        176,
        84],
    [   93,
        260,
        122,
        165,
        224,
        178,
        74,
        151,
        144,
        133,
        129,
        207,
        142,
        174,
        60,
        69,
        219,
        65,
        27,
        79,
        114,
        181,
        102,
        216,
        134,
        176,
        108,
        136,
        180,
        75,
        33,
        106,
        118,
        51,
        63,
        33,
        240,
        168,
        118,
        97,
        130,
        200,
        96,
        195,
        149,
        139,
        0,
        106,
        39,
        71],
    [   82,
        187,
        179,
        65,
        167,
        79,
        149,
        180,
        103,
        65,
        29,
        115,
        54,
        118,
        149,
        96,
        123,
        47,
        110,
        111,
        51,
        142,
        14,
        123,
        43,
        153,
        101,
        189,
        81,
        152,
        99,
        151,
        78,
        128,
        151,
        138,
        171,
        75,
        155,
        53,
        70,
        158,
        66,
        108,
        106,
        75,
        106,
        0,
        132,
        95],
    [   132,
        298,
        152,
        184,
        263,
        209,
        36,
        187,
        184,
        142,
        150,
        241,
        157,
        213,
        21,
        109,
        252,
        99,
        64,
        118,
        150,
        221,
        125,
        250,
        151,
        216,
        148,
        167,
        211,
        37,
        33,
        140,
        156,
        20,
        23,
        43,
        278,
        201,
        154,
        134,
        167,
        240,
        101,
        205,
        188,
        176,
        39,
        132,
        0,
        111],
    [   28,
        197,
        83,
        160,
        157,
        140,
        145,
        92,
        78,
        152,
        125,
        158,
        148,
        109,
        132,
        2,
        173,
        53,
        49,
        16,
        69,
        111,
        101,
        168,
        137,
        105,
        37,
        93,
        141,
        146,
        97,
        55,
        57,
        122,
        135,
        85,
        176,
        126,
        62,
        52,
        75,
        130,
        128,
        203,
        82,
        84,
        71,
        95,
        111,
        0]]
;
task=[   337,
    294,
    217,
    0,
    250,
    9,
    280,
    64,
    157,
    296,
    266,
    226,
    652,
    41,
    181,
    192,
    387,
    136,
    24,
    102,
    433,
    189,
    526,
    358,
    560,
    136,
    184,
    152,
    369,
    230,
    146,
    270,
    165,
    362,
    12,
    178,
    132,
    277,
    259,
    401,
    59,
    68,
    165,
    347,
    307,
    319,
    342,
    223,
    76,
    388]
;
minW=[   53,
    92,
    123,
    0,
    75,
    63,
    72,
    111,
    10,
    2,
    26,
    43,
    28,
    144,
    151,
    38,
    30,
    74,
    76,
    35,
    0,
    77,
    52,
    102,
    7,
    127,
    46,
    125,
    70,
    117,
    91,
    74,
    29,
    22,
    107,
    22,
    131,
    12,
    52,
    31,
    95,
    142,
    0,
    27,
    147,
    66,
    99,
    29,
    80,
    98]
;
maxW=[   711,
    262,
    417,
    720,
    259,
    94,
    431,
    438,
    424,
    382,
    700,
    439,
    626,
    427,
    680,
    356,
    298,
    422,
    450,
    249,
    526,
    185,
    227,
    513,
    690,
    268,
    442,
    612,
    694,
    522,
    510,
    658,
    168,
    437,
    545,
    205,
    387,
    244,
    456,
    132,
    668,
    421,
    450,
    684,
    387,
    477,
    240,
    218,
    702,
    630]
;