// Generated by InstanceGenerator.py v0.1
// Juan Francisco Martinez Vera
// AMMM - MIRI, FIB UPC
//
// RAND_SEED=1484776584

bigM=100000;

nLocations=30;
startLocation=28;
distances=[   [   0,
        68,
        47,
        126,
        114,
        92,
        156,
        142,
        12,
        85,
        161,
        116,
        156,
        120,
        48,
        188,
        6,
        151,
        76,
        144,
        119,
        90,
        37,
        112,
        227,
        166,
        60,
        180,
        137,
        167],
    [   68,
        0,
        72,
        151,
        171,
        155,
        217,
        210,
        60,
        90,
        151,
        173,
        154,
        109,
        94,
        159,
        67,
        199,
        80,
        191,
        81,
        71,
        81,
        143,
        268,
        228,
        121,
        228,
        161,
        147],
    [   47,
        72,
        0,
        84,
        102,
        93,
        149,
        157,
        55,
        37,
        113,
        104,
        109,
        73,
        27,
        144,
        41,
        127,
        29,
        119,
        83,
        50,
        19,
        73,
        197,
        161,
        60,
        156,
        95,
        122],
    [   126,
        151,
        84,
        0,
        84,
        102,
        124,
        168,
        137,
        62,
        75,
        85,
        60,
        69,
        79,
        126,
        121,
        72,
        71,
        64,
        115,
        91,
        89,
        18,
        121,
        135,
        93,
        96,
        10,
        99],
    [   114,
        171,
        102,
        84,
        0,
        31,
        48,
        84,
        126,
        112,
        158,
        2,
        144,
        139,
        76,
        206,
        111,
        46,
        114,
        44,
        174,
        141,
        89,
        68,
        123,
        60,
        54,
        69,
        87,
        179],
    [   92,
        155,
        93,
        102,
        31,
        0,
        63,
        69,
        104,
        113,
        172,
        32,
        159,
        146,
        65,
        216,
        91,
        77,
        112,
        74,
        172,
        139,
        76,
        85,
        154,
        73,
        34,
        100,
        108,
        190],
    [   156,
        217,
        149,
        124,
        48,
        63,
        0,
        68,
        168,
        159,
        200,
        46,
        184,
        186,
        123,
        250,
        154,
        60,
        162,
        65,
        221,
        189,
        135,
        111,
        116,
        11,
        96,
        63,
        124,
        223],
    [   142,
        210,
        157,
        168,
        84,
        69,
        68,
        0,
        152,
        181,
        240,
        84,
        227,
        215,
        130,
        285,
        143,
        121,
        180,
        123,
        239,
        206,
        139,
        151,
        184,
        68,
        97,
        131,
        172,
        259],
    [   12,
        60,
        55,
        137,
        126,
        104,
        168,
        152,
        0,
        92,
        167,
        129,
        164,
        125,
        60,
        191,
        17,
        164,
        82,
        157,
        119,
        93,
        48,
        123,
        239,
        178,
        72,
        192,
        147,
        172],
    [   85,
        90,
        37,
        62,
        112,
        113,
        159,
        181,
        92,
        0,
        76,
        113,
        72,
        36,
        54,
        108,
        78,
        123,
        10,
        114,
        61,
        31,
        53,
        59,
        183,
        171,
        85,
        151,
        72,
        85],
    [   161,
        151,
        113,
        75,
        158,
        172,
        200,
        240,
        167,
        76,
        0,
        159,
        16,
        43,
        126,
        51,
        155,
        146,
        85,
        138,
        79,
        80,
        129,
        90,
        175,
        211,
        153,
        166,
        77,
        25],
    [   116,
        173,
        104,
        85,
        2,
        32,
        46,
        84,
        129,
        113,
        159,
        0,
        145,
        141,
        78,
        207,
        113,
        44,
        115,
        42,
        175,
        143,
        91,
        69,
        121,
        58,
        56,
        68,
        87,
        180],
    [   156,
        154,
        109,
        60,
        144,
        159,
        184,
        227,
        164,
        72,
        16,
        145,
        0,
        45,
        118,
        68,
        150,
        130,
        82,
        122,
        88,
        83,
        122,
        75,
        159,
        195,
        143,
        149,
        60,
        42],
    [   120,
        109,
        73,
        69,
        139,
        146,
        186,
        215,
        125,
        36,
        43,
        141,
        45,
        0,
        91,
        72,
        114,
        140,
        44,
        132,
        47,
        38,
        90,
        75,
        187,
        197,
        121,
        165,
        76,
        48],
    [   48,
        94,
        27,
        79,
        76,
        65,
        123,
        130,
        60,
        54,
        126,
        78,
        118,
        91,
        0,
        163,
        43,
        106,
        50,
        98,
        109,
        75,
        13,
        64,
        180,
        134,
        33,
        135,
        89,
        139],
    [   188,
        159,
        144,
        126,
        206,
        216,
        250,
        285,
        191,
        108,
        51,
        207,
        68,
        72,
        163,
        0,
        182,
        197,
        114,
        189,
        78,
        98,
        161,
        138,
        224,
        261,
        193,
        217,
        127,
        26],
    [   6,
        67,
        41,
        121,
        111,
        91,
        154,
        143,
        17,
        78,
        155,
        113,
        150,
        114,
        43,
        182,
        0,
        147,
        70,
        140,
        114,
        84,
        31,
        106,
        223,
        164,
        57,
        176,
        131,
        161],
    [   151,
        199,
        127,
        72,
        46,
        77,
        60,
        121,
        164,
        123,
        146,
        44,
        130,
        140,
        106,
        197,
        147,
        0,
        128,
        8,
        182,
        154,
        119,
        65,
        78,
        69,
        95,
        29,
        69,
        170],
    [   76,
        80,
        29,
        71,
        114,
        112,
        162,
        180,
        82,
        10,
        85,
        115,
        82,
        44,
        50,
        114,
        70,
        128,
        0,
        120,
        60,
        27,
        47,
        66,
        190,
        174,
        82,
        157,
        81,
        92],
    [   144,
        191,
        119,
        64,
        44,
        74,
        65,
        123,
        157,
        114,
        138,
        42,
        122,
        132,
        98,
        189,
        140,
        8,
        120,
        0,
        174,
        145,
        112,
        56,
        83,
        74,
        89,
        37,
        61,
        162],
    [   119,
        81,
        83,
        115,
        174,
        172,
        221,
        239,
        119,
        61,
        79,
        175,
        88,
        47,
        109,
        78,
        114,
        182,
        60,
        174,
        0,
        33,
        102,
        117,
        234,
        233,
        142,
        209,
        122,
        68],
    [   90,
        71,
        50,
        91,
        141,
        139,
        189,
        206,
        93,
        31,
        80,
        143,
        83,
        38,
        75,
        98,
        84,
        154,
        27,
        145,
        33,
        0,
        69,
        90,
        212,
        201,
        108,
        182,
        100,
        80],
    [   37,
        81,
        19,
        89,
        89,
        76,
        135,
        139,
        48,
        53,
        129,
        91,
        122,
        90,
        13,
        161,
        31,
        119,
        47,
        112,
        102,
        69,
        0,
        75,
        193,
        147,
        42,
        149,
        99,
        139],
    [   112,
        143,
        73,
        18,
        68,
        85,
        111,
        151,
        123,
        59,
        90,
        69,
        75,
        75,
        64,
        138,
        106,
        65,
        66,
        56,
        117,
        90,
        75,
        0,
        125,
        123,
        75,
        92,
        26,
        111],
    [   227,
        268,
        197,
        121,
        123,
        154,
        116,
        184,
        239,
        183,
        175,
        121,
        159,
        187,
        180,
        224,
        223,
        78,
        190,
        83,
        234,
        212,
        193,
        125,
        0,
        118,
        173,
        55,
        112,
        201],
    [   166,
        228,
        161,
        135,
        60,
        73,
        11,
        68,
        178,
        171,
        211,
        58,
        195,
        197,
        134,
        261,
        164,
        69,
        174,
        74,
        233,
        201,
        147,
        123,
        118,
        0,
        107,
        67,
        135,
        234],
    [   60,
        121,
        60,
        93,
        54,
        34,
        96,
        97,
        72,
        85,
        153,
        56,
        143,
        121,
        33,
        193,
        57,
        95,
        82,
        89,
        142,
        108,
        42,
        75,
        173,
        107,
        0,
        122,
        101,
        168],
    [   180,
        228,
        156,
        96,
        69,
        100,
        63,
        131,
        192,
        151,
        166,
        68,
        149,
        165,
        135,
        217,
        176,
        29,
        157,
        37,
        209,
        182,
        149,
        92,
        55,
        67,
        122,
        0,
        91,
        191],
    [   137,
        161,
        95,
        10,
        87,
        108,
        124,
        172,
        147,
        72,
        77,
        87,
        60,
        76,
        89,
        127,
        131,
        69,
        81,
        61,
        122,
        100,
        99,
        26,
        112,
        135,
        101,
        91,
        0,
        101],
    [   167,
        147,
        122,
        99,
        179,
        190,
        223,
        259,
        172,
        85,
        25,
        180,
        42,
        48,
        139,
        26,
        161,
        170,
        92,
        162,
        68,
        80,
        139,
        111,
        201,
        234,
        168,
        191,
        101,
        0]]
;
task=[   174,
    101,
    384,
    493,
    375,
    243,
    487,
    274,
    14,
    305,
    224,
    506,
    19,
    386,
    51,
    96,
    350,
    169,
    389,
    86,
    156,
    313,
    55,
    455,
    214,
    533,
    185,
    0,
    196,
    56]
;
minW=[   0,
    33,
    106,
    37,
    54,
    45,
    52,
    107,
    48,
    110,
    100,
    30,
    145,
    47,
    57,
    57,
    12,
    23,
    52,
    23,
    7,
    163,
    106,
    16,
    36,
    45,
    113,
    0,
    7,
    25]
;
maxW=[   383,
    533,
    648,
    208,
    474,
    269,
    689,
    439,
    285,
    718,
    706,
    86,
    369,
    255,
    491,
    354,
    206,
    701,
    295,
    328,
    528,
    309,
    668,
    381,
    81,
    339,
    474,
    720,
    268,
    599]
;