// Generated by InstanceGenerator.py v0.1
// Juan Francisco Martinez Vera
// AMMM - MIRI, FIB UPC
//
// RAND_SEED=1484854749

bigM=100000;

nLocations=40;
startLocation=9;
distances=[   [   0,
        39,
        24,
        30,
        17,
        25,
        17,
        50,
        33,
        37,
        49,
        50,
        11,
        27,
        12,
        42,
        47,
        46,
        50,
        20,
        48,
        53,
        44,
        9,
        51,
        40,
        21,
        22,
        9,
        38,
        41,
        13,
        28,
        8,
        21,
        50,
        45,
        42,
        21,
        5],
    [   39,
        0,
        18,
        9,
        24,
        23,
        33,
        23,
        15,
        19,
        10,
        13,
        28,
        12,
        35,
        17,
        14,
        7,
        11,
        23,
        11,
        23,
        7,
        30,
        15,
        10,
        33,
        43,
        39,
        23,
        45,
        29,
        28,
        41,
        26,
        29,
        18,
        11,
        27,
        38],
    [   24,
        18,
        0,
        11,
        15,
        21,
        26,
        26,
        22,
        14,
        26,
        26,
        15,
        9,
        17,
        29,
        22,
        23,
        27,
        17,
        29,
        29,
        25,
        16,
        26,
        24,
        28,
        25,
        27,
        16,
        31,
        12,
        28,
        23,
        8,
        28,
        32,
        26,
        22,
        21],
    [   30,
        9,
        11,
        0,
        14,
        15,
        24,
        28,
        11,
        19,
        20,
        22,
        18,
        2,
        26,
        18,
        21,
        17,
        21,
        14,
        19,
        29,
        14,
        20,
        23,
        12,
        24,
        36,
        29,
        23,
        42,
        20,
        21,
        32,
        19,
        33,
        20,
        15,
        18,
        29],
    [   17,
        24,
        15,
        14,
        0,
        9,
        10,
        40,
        16,
        29,
        34,
        36,
        6,
        11,
        19,
        25,
        34,
        31,
        35,
        4,
        32,
        42,
        27,
        8,
        37,
        23,
        12,
        31,
        14,
        31,
        43,
        13,
        14,
        21,
        18,
        43,
        28,
        25,
        8,
        18],
    [   25,
        23,
        21,
        15,
        9,
        0,
        11,
        43,
        10,
        34,
        33,
        36,
        15,
        14,
        28,
        17,
        36,
        30,
        34,
        5,
        27,
        45,
        24,
        17,
        38,
        18,
        10,
        41,
        19,
        37,
        52,
        22,
        6,
        31,
        27,
        48,
        20,
        20,
        4,
        27],
    [   17,
        33,
        26,
        24,
        10,
        11,
        0,
        51,
        21,
        40,
        43,
        46,
        12,
        22,
        25,
        29,
        45,
        41,
        44,
        10,
        39,
        53,
        35,
        13,
        48,
        29,
        3,
        37,
        9,
        42,
        53,
        21,
        11,
        24,
        28,
        54,
        32,
        31,
        6,
        21],
    [   50,
        23,
        26,
        28,
        40,
        43,
        51,
        0,
        38,
        13,
        20,
        14,
        41,
        29,
        40,
        41,
        9,
        18,
        19,
        41,
        31,
        4,
        29,
        42,
        11,
        33,
        52,
        42,
        53,
        13,
        33,
        37,
        49,
        47,
        30,
        8,
        41,
        34,
        46,
        46],
    [   33,
        15,
        22,
        11,
        16,
        10,
        21,
        38,
        0,
        31,
        24,
        29,
        22,
        12,
        34,
        8,
        29,
        23,
        25,
        13,
        17,
        39,
        14,
        25,
        31,
        8,
        20,
        45,
        29,
        35,
        54,
        28,
        13,
        38,
        29,
        44,
        11,
        10,
        14,
        35],
    [   37,
        19,
        14,
        19,
        29,
        34,
        40,
        13,
        31,
        0,
        22,
        19,
        29,
        19,
        27,
        36,
        13,
        19,
        22,
        31,
        30,
        16,
        26,
        30,
        18,
        29,
        41,
        30,
        41,
        4,
        26,
        24,
        40,
        34,
        17,
        14,
        37,
        30,
        36,
        33],
    [   49,
        10,
        26,
        20,
        34,
        33,
        43,
        20,
        24,
        22,
        0,
        5,
        38,
        22,
        43,
        23,
        10,
        3,
        1,
        33,
        11,
        18,
        11,
        40,
        8,
        16,
        43,
        50,
        49,
        26,
        49,
        38,
        37,
        50,
        34,
        27,
        23,
        16,
        37,
        47],
    [   50,
        13,
        26,
        22,
        36,
        36,
        46,
        14,
        29,
        19,
        5,
        0,
        40,
        24,
        43,
        29,
        5,
        6,
        5,
        36,
        17,
        12,
        16,
        41,
        2,
        22,
        46,
        49,
        51,
        22,
        45,
        38,
        42,
        50,
        33,
        22,
        29,
        22,
        40,
        48],
    [   11,
        28,
        15,
        18,
        6,
        15,
        12,
        41,
        22,
        29,
        38,
        40,
        0,
        15,
        13,
        31,
        37,
        35,
        39,
        10,
        37,
        44,
        32,
        2,
        40,
        29,
        16,
        25,
        12,
        31,
        40,
        8,
        20,
        15,
        15,
        43,
        34,
        31,
        13,
        12],
    [   27,
        12,
        9,
        2,
        11,
        14,
        22,
        29,
        12,
        19,
        22,
        24,
        15,
        0,
        23,
        20,
        23,
        19,
        23,
        12,
        22,
        31,
        17,
        17,
        26,
        15,
        22,
        34,
        26,
        23,
        41,
        17,
        20,
        29,
        17,
        33,
        22,
        17,
        16,
        26],
    [   12,
        35,
        17,
        26,
        19,
        28,
        25,
        40,
        34,
        27,
        43,
        43,
        13,
        23,
        0,
        43,
        39,
        40,
        44,
        23,
        45,
        44,
        41,
        11,
        43,
        39,
        28,
        12,
        20,
        28,
        28,
        6,
        33,
        7,
        10,
        39,
        45,
        41,
        26,
        6],
    [   42,
        17,
        29,
        18,
        25,
        17,
        29,
        41,
        8,
        36,
        23,
        29,
        31,
        20,
        43,
        0,
        31,
        23,
        24,
        22,
        13,
        40,
        12,
        33,
        31,
        7,
        26,
        54,
        37,
        40,
        60,
        36,
        18,
        46,
        37,
        47,
        3,
        7,
        22,
        43],
    [   47,
        14,
        22,
        21,
        34,
        36,
        45,
        9,
        29,
        13,
        10,
        5,
        37,
        23,
        39,
        31,
        0,
        8,
        10,
        35,
        21,
        9,
        19,
        38,
        4,
        24,
        45,
        44,
        49,
        16,
        39,
        34,
        42,
        46,
        29,
        17,
        32,
        24,
        39,
        44],
    [   46,
        7,
        23,
        17,
        31,
        30,
        41,
        18,
        23,
        19,
        3,
        6,
        35,
        19,
        40,
        23,
        8,
        0,
        4,
        31,
        12,
        17,
        10,
        37,
        8,
        16,
        41,
        47,
        46,
        22,
        45,
        34,
        36,
        46,
        30,
        25,
        23,
        16,
        35,
        44],
    [   50,
        11,
        27,
        21,
        35,
        34,
        44,
        19,
        25,
        22,
        1,
        5,
        39,
        23,
        44,
        24,
        10,
        4,
        0,
        34,
        12,
        17,
        11,
        41,
        8,
        17,
        44,
        51,
        50,
        26,
        49,
        39,
        38,
        51,
        35,
        27,
        24,
        17,
        38,
        48],
    [   20,
        23,
        17,
        14,
        4,
        5,
        10,
        41,
        13,
        31,
        33,
        36,
        10,
        12,
        23,
        22,
        35,
        31,
        34,
        0,
        29,
        43,
        25,
        12,
        38,
        21,
        10,
        35,
        16,
        34,
        47,
        17,
        10,
        25,
        22,
        45,
        25,
        23,
        5,
        22],
    [   48,
        11,
        29,
        19,
        32,
        27,
        39,
        31,
        17,
        30,
        11,
        17,
        37,
        22,
        45,
        13,
        21,
        12,
        12,
        29,
        0,
        29,
        4,
        39,
        20,
        9,
        37,
        55,
        46,
        34,
        57,
        39,
        30,
        51,
        37,
        38,
        12,
        7,
        32,
        48],
    [   53,
        23,
        29,
        29,
        42,
        45,
        53,
        4,
        39,
        16,
        18,
        12,
        44,
        31,
        44,
        40,
        9,
        17,
        17,
        43,
        29,
        0,
        28,
        45,
        9,
        33,
        54,
        46,
        56,
        17,
        38,
        40,
        51,
        51,
        33,
        11,
        41,
        33,
        48,
        50],
    [   44,
        7,
        25,
        14,
        27,
        24,
        35,
        29,
        14,
        26,
        11,
        16,
        32,
        17,
        41,
        12,
        19,
        10,
        11,
        25,
        4,
        28,
        0,
        35,
        19,
        6,
        34,
        50,
        42,
        31,
        53,
        35,
        27,
        46,
        33,
        36,
        12,
        5,
        28,
        44],
    [   9,
        30,
        16,
        20,
        8,
        17,
        13,
        42,
        25,
        30,
        40,
        41,
        2,
        17,
        11,
        33,
        38,
        37,
        41,
        12,
        39,
        45,
        35,
        0,
        42,
        31,
        17,
        24,
        11,
        32,
        39,
        7,
        21,
        13,
        15,
        43,
        36,
        33,
        15,
        10],
    [   51,
        15,
        26,
        23,
        37,
        38,
        48,
        11,
        31,
        18,
        8,
        2,
        40,
        26,
        43,
        31,
        4,
        8,
        8,
        38,
        20,
        9,
        19,
        42,
        0,
        24,
        48,
        48,
        52,
        20,
        43,
        38,
        43,
        50,
        33,
        20,
        31,
        24,
        42,
        48],
    [   40,
        10,
        24,
        12,
        23,
        18,
        29,
        33,
        8,
        29,
        16,
        22,
        29,
        15,
        39,
        7,
        24,
        16,
        17,
        21,
        9,
        33,
        6,
        31,
        24,
        0,
        28,
        49,
        37,
        33,
        54,
        32,
        21,
        43,
        32,
        40,
        8,
        2,
        23,
        40],
    [   21,
        33,
        28,
        24,
        12,
        10,
        3,
        52,
        20,
        41,
        43,
        46,
        16,
        22,
        28,
        26,
        45,
        41,
        44,
        10,
        37,
        54,
        34,
        17,
        48,
        28,
        0,
        41,
        12,
        44,
        56,
        24,
        8,
        28,
        31,
        55,
        29,
        30,
        6,
        25],
    [   22,
        43,
        25,
        36,
        31,
        41,
        37,
        42,
        45,
        30,
        50,
        49,
        25,
        34,
        12,
        54,
        44,
        47,
        51,
        35,
        55,
        46,
        50,
        24,
        48,
        49,
        41,
        0,
        32,
        29,
        20,
        18,
        46,
        14,
        17,
        39,
        56,
        51,
        39,
        16],
    [   9,
        39,
        27,
        29,
        14,
        19,
        9,
        53,
        29,
        41,
        49,
        51,
        12,
        26,
        20,
        37,
        49,
        46,
        50,
        16,
        46,
        56,
        42,
        11,
        52,
        37,
        12,
        32,
        0,
        43,
        49,
        18,
        20,
        18,
        26,
        55,
        40,
        39,
        15,
        15],
    [   38,
        23,
        16,
        23,
        31,
        37,
        42,
        13,
        35,
        4,
        26,
        22,
        31,
        23,
        28,
        40,
        16,
        22,
        26,
        34,
        34,
        17,
        31,
        32,
        20,
        33,
        44,
        29,
        43,
        0,
        23,
        25,
        44,
        35,
        17,
        11,
        42,
        34,
        39,
        34],
    [   41,
        45,
        31,
        42,
        43,
        52,
        53,
        33,
        54,
        26,
        49,
        45,
        40,
        41,
        28,
        60,
        39,
        45,
        49,
        47,
        57,
        38,
        53,
        39,
        43,
        54,
        56,
        20,
        49,
        23,
        0,
        31,
        58,
        33,
        25,
        27,
        62,
        56,
        52,
        35],
    [   13,
        29,
        12,
        20,
        13,
        22,
        21,
        37,
        28,
        24,
        38,
        38,
        8,
        17,
        6,
        36,
        34,
        34,
        39,
        17,
        39,
        40,
        35,
        7,
        38,
        32,
        24,
        18,
        18,
        25,
        31,
        0,
        27,
        11,
        8,
        37,
        39,
        34,
        21,
        9],
    [   28,
        28,
        28,
        21,
        14,
        6,
        11,
        49,
        13,
        40,
        37,
        42,
        20,
        20,
        33,
        18,
        42,
        36,
        38,
        10,
        30,
        51,
        27,
        21,
        43,
        21,
        8,
        46,
        20,
        44,
        58,
        27,
        0,
        34,
        33,
        54,
        21,
        23,
        6,
        31],
    [   8,
        41,
        23,
        32,
        21,
        31,
        24,
        47,
        38,
        34,
        50,
        50,
        15,
        29,
        7,
        46,
        46,
        46,
        51,
        25,
        51,
        51,
        46,
        13,
        50,
        43,
        28,
        14,
        18,
        35,
        33,
        11,
        34,
        0,
        17,
        46,
        49,
        46,
        28,
        3],
    [   21,
        26,
        8,
        19,
        18,
        27,
        28,
        30,
        29,
        17,
        34,
        33,
        15,
        17,
        10,
        37,
        29,
        30,
        35,
        22,
        37,
        33,
        33,
        15,
        33,
        32,
        31,
        17,
        26,
        17,
        25,
        8,
        33,
        17,
        0,
        29,
        40,
        34,
        26,
        16],
    [   50,
        29,
        28,
        33,
        43,
        48,
        54,
        8,
        44,
        14,
        27,
        22,
        43,
        33,
        39,
        47,
        17,
        25,
        27,
        45,
        38,
        11,
        36,
        43,
        20,
        40,
        55,
        39,
        55,
        11,
        27,
        37,
        54,
        46,
        29,
        0,
        48,
        41,
        50,
        46],
    [   45,
        18,
        32,
        20,
        28,
        20,
        32,
        41,
        11,
        37,
        23,
        29,
        34,
        22,
        45,
        3,
        32,
        23,
        24,
        25,
        12,
        41,
        12,
        36,
        31,
        8,
        29,
        56,
        40,
        42,
        62,
        39,
        21,
        49,
        40,
        48,
        0,
        7,
        25,
        46],
    [   42,
        11,
        26,
        15,
        25,
        20,
        31,
        34,
        10,
        30,
        16,
        22,
        31,
        17,
        41,
        7,
        24,
        16,
        17,
        23,
        7,
        33,
        5,
        33,
        24,
        2,
        30,
        51,
        39,
        34,
        56,
        34,
        23,
        46,
        34,
        41,
        7,
        0,
        25,
        43],
    [   21,
        27,
        22,
        18,
        8,
        4,
        6,
        46,
        14,
        36,
        37,
        40,
        13,
        16,
        26,
        22,
        39,
        35,
        38,
        5,
        32,
        48,
        28,
        15,
        42,
        23,
        6,
        39,
        15,
        39,
        52,
        21,
        6,
        28,
        26,
        50,
        25,
        25,
        0,
        24],
    [   5,
        38,
        21,
        29,
        18,
        27,
        21,
        46,
        35,
        33,
        47,
        48,
        12,
        26,
        6,
        43,
        44,
        44,
        48,
        22,
        48,
        50,
        44,
        10,
        48,
        40,
        25,
        16,
        15,
        34,
        35,
        9,
        31,
        3,
        16,
        46,
        46,
        43,
        24,
        0]]
;
task=[   15,
    643,
    654,
    461,
    431,
    676,
    426,
    96,
    0,
    281,
    138,
    530,
    613,
    273,
    519,
    610,
    502,
    128,
    105,
    292,
    386,
    421,
    231,
    121,
    279,
    47,
    434,
    360,
    380,
    550,
    271,
    172,
    207,
    289,
    202,
    498,
    410,
    504,
    442,
    65]
;
minW=[   6,
    9,
    20,
    5,
    10,
    3,
    2,
    15,
    0,
    7,
    8,
    10,
    5,
    5,
    18,
    6,
    17,
    20,
    21,
    7,
    4,
    10,
    9,
    20,
    22,
    6,
    11,
    9,
    22,
    10,
    1,
    4,
    10,
    11,
    16,
    36,
    0,
    4,
    5,
    29]
;
maxW=[   403,
    464,
    653,
    581,
    717,
    87,
    435,
    634,
    720,
    102,
    150,
    62,
    137,
    194,
    87,
    584,
    562,
    26,
    586,
    699,
    592,
    539,
    523,
    34,
    68,
    575,
    403,
    676,
    611,
    254,
    336,
    399,
    673,
    298,
    424,
    77,
    236,
    109,
    37,
    402]
;