// Generated by InstanceGenerator.py v0.1
// Juan Francisco Martinez Vera
// AMMM - MIRI, FIB UPC
//
// RAND_SEED=1484783500

bigM=100000;

nLocations=70;
startLocation=35;
distances=[   [   0,
        143,
        196,
        170,
        154,
        163,
        91,
        249,
        198,
        184,
        94,
        231,
        201,
        82,
        176,
        39,
        137,
        86,
        144,
        102,
        191,
        47,
        188,
        121,
        177,
        67,
        132,
        85,
        166,
        165,
        208,
        265,
        51,
        154,
        150,
        143,
        47,
        107,
        70,
        232,
        205,
        92,
        233,
        22,
        190,
        38,
        133,
        104,
        93,
        17,
        81,
        121,
        116,
        227,
        42,
        155,
        267,
        38,
        236,
        93,
        143,
        87,
        135,
        142,
        214,
        172,
        52,
        78,
        122,
        199],
    [   143,
        0,
        142,
        69,
        180,
        247,
        93,
        245,
        140,
        183,
        196,
        204,
        189,
        190,
        283,
        181,
        164,
        58,
        120,
        199,
        252,
        95,
        252,
        158,
        179,
        88,
        12,
        114,
        107,
        272,
        233,
        249,
        193,
        252,
        195,
        44,
        182,
        37,
        102,
        239,
        118,
        216,
        229,
        160,
        58,
        111,
        141,
        115,
        153,
        151,
        215,
        24,
        235,
        199,
        148,
        183,
        254,
        180,
        215,
        59,
        132,
        175,
        207,
        51,
        242,
        33,
        174,
        196,
        157,
        245],
    [   196,
        142,
        0,
        77,
        93,
        185,
        106,
        110,
        5,
        67,
        176,
        63,
        60,
        179,
        236,
        216,
        93,
        139,
        52,
        171,
        165,
        164,
        167,
        104,
        70,
        189,
        149,
        112,
        36,
        226,
        119,
        108,
        226,
        203,
        118,
        98,
        207,
        137,
        126,
        110,
        43,
        212,
        96,
        197,
        115,
        191,
        76,
        93,
        126,
        213,
        225,
        131,
        216,
        58,
        167,
        98,
        114,
        230,
        76,
        125,
        58,
        154,
        150,
        91,
        129,
        128,
        247,
        193,
        101,
        146],
    [   170,
        69,
        77,
        0,
        140,
        223,
        86,
        185,
        73,
        131,
        190,
        141,
        131,
        188,
        268,
        202,
        129,
        90,
        75,
        189,
        216,
        126,
        217,
        130,
        129,
        138,
        79,
        105,
        46,
        257,
        184,
        186,
        214,
        235,
        161,
        30,
        198,
        77,
        105,
        183,
        49,
        219,
        170,
        180,
        41,
        151,
        104,
        94,
        138,
        184,
        225,
        66,
        231,
        135,
        157,
        144,
        191,
        208,
        152,
        79,
        89,
        166,
        183,
        28,
        193,
        51,
        214,
        198,
        128,
        203],
    [   154,
        180,
        93,
        140,
        0,
        91,
        94,
        94,
        99,
        37,
        95,
        88,
        56,
        103,
        142,
        157,
        18,
        143,
        65,
        88,
        76,
        146,
        77,
        33,
        30,
        180,
        180,
        80,
        96,
        132,
        57,
        113,
        164,
        110,
        24,
        141,
        144,
        154,
        101,
        78,
        132,
        132,
        80,
        145,
        181,
        168,
        38,
        69,
        61,
        171,
        150,
        158,
        130,
        86,
        113,
        4,
        115,
        176,
        88,
        131,
        51,
        79,
        58,
        133,
        65,
        183,
        205,
        117,
        32,
        65],
    [   163,
        247,
        185,
        223,
        91,
        0,
        154,
        151,
        190,
        123,
        69,
        168,
        140,
        81,
        52,
        143,
        95,
        197,
        150,
        60,
        43,
        181,
        39,
        93,
        118,
        216,
        244,
        133,
        185,
        44,
        97,
        175,
        143,
        25,
        66,
        216,
        127,
        214,
        148,
        130,
        222,
        89,
        143,
        143,
        263,
        193,
        119,
        133,
        94,
        176,
        111,
        223,
        70,
        168,
        123,
        87,
        174,
        164,
        163,
        189,
        137,
        79,
        40,
        210,
        95,
        259,
        202,
        89,
        95,
        67],
    [   91,
        93,
        106,
        86,
        94,
        154,
        0,
        178,
        107,
        111,
        107,
        149,
        124,
        103,
        192,
        117,
        77,
        48,
        56,
        108,
        161,
        60,
        160,
        67,
        105,
        89,
        90,
        21,
        75,
        180,
        151,
        189,
        129,
        160,
        106,
        67,
        112,
        61,
        21,
        166,
        114,
        134,
        162,
        96,
        117,
        86,
        58,
        25,
        60,
        107,
        138,
        69,
        148,
        145,
        71,
        97,
        193,
        127,
        157,
        37,
        60,
        84,
        114,
        62,
        160,
        107,
        141,
        112,
        67,
        157],
    [   249,
        245,
        110,
        185,
        94,
        151,
        178,
        0,
        115,
        67,
        184,
        48,
        56,
        194,
        200,
        252,
        111,
        224,
        127,
        176,
        110,
        235,
        114,
        128,
        73,
        268,
        250,
        170,
        140,
        194,
        53,
        24,
        258,
        175,
        106,
        201,
        238,
        230,
        190,
        20,
        151,
        220,
        16,
        240,
        225,
        259,
        120,
        154,
        156,
        266,
        240,
        229,
        211,
        53,
        208,
        95,
        23,
        271,
        35,
        210,
        119,
        172,
        137,
        193,
        56,
        236,
        300,
        208,
        126,
        85],
    [   198,
        140,
        5,
        73,
        99,
        190,
        107,
        115,
        0,
        73,
        181,
        68,
        66,
        183,
        241,
        219,
        98,
        139,
        55,
        176,
        171,
        165,
        173,
        108,
        75,
        188,
        147,
        114,
        35,
        231,
        125,
        113,
        229,
        208,
        124,
        95,
        210,
        136,
        127,
        116,
        37,
        216,
        101,
        200,
        111,
        192,
        80,
        96,
        130,
        214,
        228,
        130,
        221,
        63,
        170,
        103,
        118,
        232,
        80,
        124,
        62,
        158,
        155,
        89,
        134,
        124,
        249,
        197,
        105,
        151],
    [   184,
        183,
        67,
        131,
        37,
        123,
        111,
        67,
        73,
        0,
        133,
        51,
        19,
        140,
        175,
        192,
        49,
        158,
        63,
        126,
        98,
        168,
        100,
        66,
        7,
        201,
        186,
        103,
        84,
        167,
        53,
        80,
        200,
        144,
        59,
        140,
        179,
        164,
        123,
        56,
        110,
        170,
        50,
        178,
        172,
        193,
        53,
        87,
        94,
        202,
        188,
        165,
        167,
        48,
        146,
        40,
        83,
        210,
        52,
        144,
        52,
        116,
        94,
        132,
        63,
        179,
        236,
        154,
        63,
        78],
    [   94,
        196,
        176,
        190,
        95,
        69,
        107,
        184,
        181,
        133,
        0,
        184,
        152,
        12,
        88,
        76,
        86,
        140,
        128,
        9,
        102,
        117,
        98,
        72,
        126,
        151,
        191,
        86,
        162,
        76,
        134,
        206,
        78,
        61,
        78,
        175,
        60,
        160,
        94,
        165,
        204,
        36,
        172,
        74,
        224,
        126,
        100,
        95,
        52,
        107,
        55,
        172,
        41,
        182,
        56,
        93,
        206,
        97,
        184,
        136,
        118,
        24,
        49,
        170,
        137,
        215,
        133,
        24,
        75,
        116],
    [   231,
        204,
        63,
        141,
        88,
        168,
        149,
        48,
        68,
        51,
        184,
        0,
        31,
        191,
        220,
        242,
        100,
        192,
        94,
        177,
        135,
        209,
        139,
        116,
        58,
        238,
        210,
        147,
        97,
        213,
        78,
        45,
        250,
        191,
        109,
        159,
        229,
        194,
        165,
        56,
        103,
        221,
        38,
        226,
        179,
        235,
        98,
        129,
        144,
        248,
        239,
        191,
        218,
        5,
        194,
        91,
        50,
        259,
        12,
        177,
        89,
        166,
        144,
        152,
        86,
        192,
        283,
        205,
        113,
        111],
    [   201,
        189,
        60,
        131,
        56,
        140,
        124,
        56,
        66,
        19,
        152,
        31,
        0,
        159,
        192,
        210,
        68,
        169,
        71,
        145,
        111,
        182,
        114,
        84,
        26,
        213,
        193,
        118,
        85,
        184,
        60,
        65,
        218,
        162,
        78,
        145,
        198,
        173,
        138,
        51,
        104,
        189,
        40,
        195,
        172,
        208,
        68,
        101,
        112,
        218,
        207,
        172,
        186,
        29,
        163,
        59,
        69,
        228,
        34,
        154,
        63,
        135,
        113,
        137,
        69,
        181,
        253,
        174,
        81,
        89],
    [   82,
        190,
        179,
        188,
        103,
        81,
        103,
        194,
        183,
        140,
        12,
        191,
        159,
        0,
        97,
        64,
        91,
        133,
        129,
        21,
        114,
        108,
        110,
        77,
        132,
        141,
        184,
        83,
        163,
        86,
        144,
        214,
        66,
        72,
        88,
        171,
        48,
        154,
        88,
        174,
        205,
        32,
        181,
        62,
        221,
        115,
        103,
        94,
        53,
        94,
        47,
        166,
        44,
        188,
        46,
        101,
        215,
        85,
        191,
        130,
        121,
        25,
        60,
        166,
        148,
        210,
        121,
        14,
        80,
        127],
    [   176,
        283,
        236,
        268,
        142,
        52,
        192,
        200,
        241,
        175,
        88,
        220,
        192,
        97,
        0,
        147,
        144,
        229,
        197,
        85,
        89,
        205,
        85,
        138,
        170,
        238,
        278,
        170,
        232,
        11,
        147,
        224,
        142,
        33,
        117,
        258,
        133,
        248,
        181,
        180,
        272,
        86,
        194,
        154,
        306,
        212,
        166,
        175,
        132,
        186,
        105,
        259,
        61,
        220,
        144,
        138,
        223,
        166,
        215,
        224,
        184,
        108,
        86,
        252,
        144,
        299,
        204,
        98,
        141,
        115],
    [   39,
        181,
        216,
        202,
        157,
        143,
        117,
        252,
        219,
        192,
        76,
        242,
        210,
        64,
        147,
        0,
        142,
        123,
        163,
        85,
        178,
        86,
        175,
        126,
        184,
        107,
        171,
        105,
        191,
        137,
        206,
        271,
        12,
        129,
        147,
        177,
        15,
        144,
        96,
        234,
        231,
        60,
        238,
        21,
        225,
        77,
        145,
        122,
        97,
        41,
        44,
        159,
        85,
        238,
        49,
        157,
        272,
        21,
        244,
        127,
        159,
        80,
        124,
        175,
        210,
        209,
        58,
        53,
        128,
        191],
    [   137,
        164,
        93,
        129,
        18,
        95,
        77,
        111,
        98,
        49,
        86,
        100,
        68,
        91,
        144,
        142,
        0,
        126,
        55,
        79,
        88,
        127,
        88,
        16,
        42,
        162,
        164,
        62,
        89,
        133,
        75,
        129,
        150,
        111,
        32,
        127,
        129,
        138,
        83,
        96,
        128,
        122,
        96,
        128,
        170,
        150,
        25,
        51,
        45,
        154,
        139,
        142,
        123,
        97,
        97,
        20,
        131,
        160,
        102,
        114,
        41,
        66,
        57,
        120,
        83,
        170,
        188,
        106,
        14,
        80],
    [   86,
        58,
        139,
        90,
        143,
        197,
        48,
        224,
        139,
        158,
        140,
        192,
        169,
        133,
        229,
        123,
        126,
        0,
        98,
        144,
        208,
        38,
        207,
        115,
        152,
        49,
        51,
        65,
        103,
        217,
        200,
        234,
        135,
        199,
        154,
        60,
        124,
        21,
        48,
        214,
        133,
        158,
        208,
        101,
        104,
        61,
        107,
        74,
        102,
        96,
        156,
        36,
        177,
        187,
        90,
        146,
        238,
        124,
        200,
        14,
        105,
        120,
        158,
        61,
        209,
        86,
        124,
        138,
        115,
        205],
    [   144,
        120,
        52,
        75,
        65,
        150,
        56,
        127,
        55,
        63,
        128,
        94,
        71,
        129,
        197,
        163,
        55,
        98,
        0,
        124,
        141,
        116,
        142,
        59,
        59,
        144,
        123,
        59,
        35,
        186,
        113,
        135,
        174,
        164,
        86,
        78,
        154,
        102,
        74,
        119,
        76,
        162,
        111,
        144,
        116,
        142,
        31,
        41,
        75,
        161,
        173,
        102,
        169,
        89,
        114,
        69,
        139,
        177,
        102,
        83,
        13,
        104,
        111,
        70,
        122,
        119,
        196,
        142,
        56,
        129],
    [   102,
        199,
        171,
        189,
        88,
        60,
        108,
        176,
        176,
        126,
        9,
        177,
        145,
        21,
        85,
        85,
        79,
        144,
        124,
        0,
        92,
        122,
        89,
        67,
        118,
        157,
        193,
        86,
        159,
        73,
        125,
        197,
        87,
        55,
        70,
        175,
        69,
        163,
        96,
        156,
        200,
        44,
        163,
        83,
        224,
        133,
        95,
        94,
        50,
        115,
        64,
        174,
        44,
        174,
        63,
        86,
        198,
        107,
        176,
        139,
        114,
        23,
        40,
        170,
        128,
        216,
        143,
        33,
        70,
        106],
    [   191,
        252,
        165,
        216,
        76,
        43,
        161,
        110,
        171,
        98,
        102,
        135,
        111,
        114,
        89,
        178,
        88,
        208,
        141,
        92,
        0,
        200,
        4,
        93,
        95,
        236,
        251,
        142,
        173,
        85,
        58,
        135,
        180,
        68,
        56,
        216,
        162,
        223,
        161,
        90,
        206,
        129,
        105,
        174,
        258,
        216,
        113,
        137,
        107,
        206,
        151,
        229,
        112,
        136,
        149,
        72,
        133,
        199,
        128,
        198,
        127,
        103,
        55,
        209,
        54,
        258,
        235,
        125,
        94,
        25],
    [   47,
        95,
        164,
        126,
        146,
        181,
        60,
        235,
        165,
        168,
        117,
        209,
        182,
        108,
        205,
        86,
        127,
        38,
        116,
        122,
        200,
        0,
        198,
        113,
        162,
        36,
        85,
        65,
        131,
        194,
        203,
        248,
        98,
        178,
        150,
        98,
        89,
        59,
        45,
        222,
        166,
        128,
        219,
        65,
        143,
        26,
        115,
        81,
        92,
        58,
        122,
        74,
        150,
        205,
        61,
        148,
        251,
        86,
        216,
        47,
        119,
        101,
        146,
        98,
        210,
        124,
        87,
        109,
        114,
        202],
    [   188,
        252,
        167,
        217,
        77,
        39,
        160,
        114,
        173,
        100,
        98,
        139,
        114,
        110,
        85,
        175,
        88,
        207,
        142,
        89,
        4,
        198,
        0,
        93,
        97,
        234,
        250,
        141,
        174,
        80,
        62,
        139,
        176,
        64,
        56,
        216,
        159,
        222,
        159,
        94,
        208,
        125,
        109,
        171,
        258,
        214,
        113,
        136,
        106,
        203,
        147,
        229,
        108,
        139,
        146,
        73,
        137,
        196,
        132,
        197,
        128,
        101,
        53,
        209,
        58,
        258,
        232,
        122,
        94,
        29],
    [   121,
        158,
        104,
        130,
        33,
        93,
        67,
        128,
        108,
        66,
        72,
        116,
        84,
        77,
        138,
        126,
        16,
        115,
        59,
        67,
        93,
        113,
        93,
        0,
        58,
        149,
        157,
        50,
        94,
        127,
        89,
        145,
        133,
        105,
        38,
        124,
        113,
        129,
        70,
        111,
        135,
        109,
        113,
        112,
        170,
        135,
        28,
        43,
        28,
        138,
        124,
        135,
        112,
        113,
        80,
        34,
        147,
        144,
        118,
        105,
        47,
        51,
        53,
        118,
        97,
        167,
        172,
        91,
        3,
        90],
    [   177,
        179,
        70,
        129,
        30,
        118,
        105,
        73,
        75,
        7,
        126,
        58,
        26,
        132,
        170,
        184,
        42,
        152,
        59,
        118,
        95,
        162,
        97,
        58,
        0,
        194,
        182,
        96,
        83,
        161,
        54,
        88,
        192,
        139,
        53,
        137,
        172,
        160,
        117,
        61,
        111,
        162,
        57,
        170,
        171,
        186,
        47,
        81,
        86,
        194,
        180,
        161,
        160,
        55,
        138,
        33,
        90,
        202,
        59,
        138,
        48,
        108,
        88,
        129,
        64,
        177,
        229,
        147,
        55,
        76],
    [   67,
        88,
        189,
        138,
        180,
        216,
        89,
        268,
        188,
        201,
        151,
        238,
        213,
        141,
        238,
        107,
        162,
        49,
        144,
        157,
        236,
        36,
        234,
        149,
        194,
        0,
        76,
        99,
        153,
        227,
        238,
        279,
        118,
        212,
        185,
        107,
        114,
        60,
        79,
        255,
        182,
        157,
        251,
        90,
        143,
        29,
        147,
        113,
        128,
        69,
        148,
        74,
        181,
        234,
        94,
        182,
        283,
        100,
        246,
        64,
        150,
        137,
        182,
        109,
        245,
        121,
        87,
        141,
        149,
        238],
    [   132,
        12,
        149,
        79,
        180,
        244,
        90,
        250,
        147,
        186,
        191,
        210,
        193,
        184,
        278,
        171,
        164,
        51,
        123,
        193,
        251,
        85,
        250,
        157,
        182,
        76,
        0,
        111,
        113,
        267,
        234,
        255,
        184,
        248,
        195,
        51,
        174,
        30,
        97,
        242,
        128,
        209,
        233,
        150,
        70,
        100,
        142,
        113,
        149,
        140,
        207,
        21,
        228,
        205,
        141,
        184,
        259,
        170,
        221,
        54,
        134,
        170,
        204,
        58,
        244,
        46,
        163,
        189,
        156,
        245],
    [   85,
        114,
        112,
        105,
        80,
        133,
        21,
        170,
        114,
        103,
        86,
        147,
        118,
        83,
        170,
        105,
        62,
        65,
        59,
        86,
        142,
        65,
        141,
        50,
        96,
        99,
        111,
        0,
        86,
        158,
        138,
        184,
        116,
        138,
        88,
        88,
        97,
        81,
        20,
        156,
        127,
        114,
        154,
        85,
        138,
        89,
        49,
        18,
        38,
        102,
        121,
        90,
        127,
        142,
        56,
        83,
        187,
        118,
        152,
        56,
        57,
        63,
        93,
        83,
        146,
        129,
        137,
        93,
        50,
        140],
    [   166,
        107,
        36,
        46,
        96,
        185,
        75,
        140,
        35,
        84,
        162,
        97,
        85,
        163,
        232,
        191,
        89,
        103,
        35,
        159,
        173,
        131,
        174,
        94,
        83,
        153,
        113,
        86,
        0,
        222,
        137,
        142,
        202,
        199,
        120,
        62,
        183,
        100,
        96,
        136,
        42,
        195,
        124,
        170,
        88,
        157,
        66,
        69,
        109,
        182,
        205,
        95,
        203,
        92,
        142,
        101,
        147,
        202,
        108,
        89,
        48,
        138,
        146,
        55,
        147,
        96,
        216,
        175,
        91,
        158],
    [   165,
        272,
        226,
        257,
        132,
        44,
        180,
        194,
        231,
        167,
        76,
        213,
        184,
        86,
        11,
        137,
        133,
        217,
        186,
        73,
        85,
        194,
        80,
        127,
        161,
        227,
        267,
        158,
        222,
        0,
        141,
        219,
        132,
        22,
        108,
        246,
        122,
        236,
        169,
        174,
        261,
        76,
        187,
        143,
        294,
        200,
        155,
        163,
        120,
        175,
        96,
        247,
        51,
        212,
        132,
        128,
        217,
        157,
        208,
        212,
        174,
        96,
        76,
        240,
        139,
        288,
        195,
        87,
        130,
        110],
    [   208,
        233,
        119,
        184,
        57,
        97,
        151,
        53,
        125,
        53,
        134,
        78,
        60,
        144,
        147,
        206,
        75,
        200,
        113,
        125,
        58,
        203,
        62,
        89,
        54,
        238,
        234,
        138,
        137,
        141,
        0,
        78,
        210,
        121,
        58,
        191,
        191,
        210,
        159,
        33,
        163,
        168,
        47,
        196,
        226,
        225,
        93,
        126,
        115,
        225,
        189,
        213,
        158,
        80,
        166,
        55,
        76,
        226,
        70,
        187,
        100,
        125,
        85,
        183,
        9,
        231,
        257,
        158,
        88,
        33],
    [   265,
        249,
        108,
        186,
        113,
        175,
        189,
        24,
        113,
        80,
        206,
        45,
        65,
        214,
        224,
        271,
        129,
        234,
        135,
        197,
        135,
        248,
        139,
        145,
        88,
        279,
        255,
        184,
        142,
        219,
        78,
        0,
        277,
        199,
        127,
        204,
        257,
        237,
        203,
        44,
        147,
        241,
        33,
        257,
        224,
        273,
        134,
        167,
        174,
        282,
        261,
        235,
        234,
        50,
        226,
        114,
        5,
        289,
        34,
        219,
        129,
        192,
        160,
        197,
        80,
        237,
        317,
        229,
        143,
        109],
    [   51,
        193,
        226,
        214,
        164,
        143,
        129,
        258,
        229,
        200,
        78,
        250,
        218,
        66,
        142,
        12,
        150,
        135,
        174,
        87,
        180,
        98,
        176,
        133,
        192,
        118,
        184,
        116,
        202,
        132,
        210,
        277,
        0,
        127,
        152,
        189,
        20,
        157,
        108,
        239,
        243,
        56,
        244,
        34,
        238,
        88,
        154,
        133,
        105,
        51,
        37,
        171,
        81,
        246,
        59,
        163,
        279,
        24,
        252,
        140,
        169,
        85,
        127,
        187,
        214,
        221,
        62,
        54,
        136,
        194],
    [   154,
        252,
        203,
        235,
        110,
        25,
        160,
        175,
        208,
        144,
        61,
        191,
        162,
        72,
        33,
        129,
        111,
        199,
        164,
        55,
        68,
        178,
        64,
        105,
        139,
        212,
        248,
        138,
        199,
        22,
        121,
        199,
        127,
        0,
        85,
        225,
        114,
        218,
        151,
        155,
        239,
        71,
        167,
        133,
        273,
        187,
        133,
        142,
        100,
        165,
        93,
        228,
        49,
        190,
        117,
        106,
        198,
        150,
        187,
        193,
        151,
        78,
        53,
        219,
        120,
        267,
        188,
        77,
        108,
        92],
    [   150,
        195,
        118,
        161,
        24,
        66,
        106,
        106,
        124,
        59,
        78,
        109,
        78,
        88,
        117,
        147,
        32,
        154,
        86,
        70,
        56,
        150,
        56,
        38,
        53,
        185,
        195,
        88,
        120,
        108,
        58,
        127,
        152,
        85,
        0,
        159,
        133,
        167,
        108,
        86,
        156,
        114,
        93,
        138,
        202,
        169,
        57,
        81,
        58,
        167,
        134,
        173,
        109,
        107,
        108,
        20,
        128,
        167,
        107,
        143,
        72,
        67,
        35,
        152,
        63,
        202,
        199,
        102,
        38,
        52],
    [   143,
        44,
        98,
        30,
        141,
        216,
        67,
        201,
        95,
        140,
        175,
        159,
        145,
        171,
        258,
        177,
        127,
        60,
        78,
        175,
        216,
        98,
        216,
        124,
        137,
        107,
        51,
        88,
        62,
        246,
        191,
        204,
        189,
        225,
        159,
        0,
        175,
        46,
        84,
        195,
        78,
        201,
        185,
        155,
        49,
        121,
        103,
        83,
        125,
        156,
        204,
        36,
        216,
        154,
        135,
        145,
        209,
        182,
        170,
        50,
        91,
        151,
        176,
        7,
        200,
        42,
        185,
        179,
        122,
        206],
    [   47,
        182,
        207,
        198,
        144,
        127,
        112,
        238,
        210,
        179,
        60,
        229,
        198,
        48,
        133,
        15,
        129,
        124,
        154,
        69,
        162,
        89,
        159,
        113,
        172,
        114,
        174,
        97,
        183,
        122,
        191,
        257,
        20,
        114,
        133,
        175,
        0,
        145,
        92,
        219,
        225,
        46,
        224,
        24,
        224,
        85,
        134,
        114,
        85,
        53,
        34,
        159,
        71,
        226,
        41,
        143,
        259,
        37,
        231,
        127,
        149,
        65,
        109,
        172,
        195,
        209,
        74,
        38,
        116,
        175],
    [   107,
        37,
        137,
        77,
        154,
        214,
        61,
        230,
        136,
        164,
        160,
        194,
        173,
        154,
        248,
        144,
        138,
        21,
        102,
        163,
        223,
        59,
        222,
        129,
        160,
        60,
        30,
        81,
        100,
        236,
        210,
        237,
        157,
        218,
        167,
        46,
        145,
        0,
        67,
        221,
        124,
        179,
        213,
        123,
        85,
        78,
        116,
        86,
        120,
        116,
        178,
        15,
        198,
        188,
        111,
        158,
        241,
        145,
        203,
        25,
        112,
        139,
        175,
        50,
        219,
        65,
        142,
        159,
        128,
        218],
    [   70,
        102,
        126,
        105,
        101,
        148,
        21,
        190,
        127,
        123,
        94,
        165,
        138,
        88,
        181,
        96,
        83,
        48,
        74,
        96,
        161,
        45,
        159,
        70,
        117,
        79,
        97,
        20,
        96,
        169,
        159,
        203,
        108,
        151,
        108,
        84,
        92,
        67,
        0,
        177,
        135,
        117,
        174,
        75,
        134,
        69,
        70,
        36,
        54,
        87,
        120,
        77,
        133,
        161,
        51,
        103,
        206,
        106,
        172,
        42,
        75,
        72,
        110,
        80,
        167,
        122,
        121,
        96,
        70,
        160],
    [   232,
        239,
        110,
        183,
        78,
        130,
        166,
        20,
        116,
        56,
        165,
        56,
        51,
        174,
        180,
        234,
        96,
        214,
        119,
        156,
        90,
        222,
        94,
        111,
        61,
        255,
        242,
        156,
        136,
        174,
        33,
        44,
        239,
        155,
        86,
        195,
        219,
        221,
        177,
        0,
        153,
        200,
        17,
        222,
        224,
        245,
        107,
        141,
        139,
        249,
        220,
        221,
        191,
        59,
        191,
        77,
        43,
        253,
        44,
        200,
        109,
        153,
        117,
        188,
        35,
        233,
        283,
        189,
        110,
        64],
    [   205,
        118,
        43,
        49,
        132,
        222,
        114,
        151,
        37,
        110,
        204,
        103,
        104,
        205,
        272,
        231,
        128,
        133,
        76,
        200,
        206,
        166,
        208,
        135,
        111,
        182,
        128,
        127,
        42,
        261,
        163,
        147,
        243,
        239,
        156,
        78,
        225,
        124,
        135,
        153,
        0,
        237,
        138,
        211,
        78,
        192,
        106,
        111,
        151,
        220,
        247,
        115,
        245,
        98,
        184,
        136,
        152,
        242,
        116,
        120,
        87,
        180,
        185,
        74,
        172,
        96,
        253,
        217,
        132,
        188],
    [   92,
        216,
        212,
        219,
        132,
        89,
        134,
        220,
        216,
        170,
        36,
        221,
        189,
        32,
        86,
        60,
        122,
        158,
        162,
        44,
        129,
        128,
        125,
        109,
        162,
        157,
        209,
        114,
        195,
        76,
        168,
        241,
        56,
        71,
        114,
        201,
        46,
        179,
        117,
        200,
        237,
        0,
        208,
        69,
        251,
        129,
        135,
        126,
        86,
        99,
        22,
        192,
        25,
        218,
        68,
        130,
        242,
        80,
        220,
        157,
        153,
        57,
        82,
        196,
        170,
        239,
        118,
        21,
        112,
        146],
    [   233,
        229,
        96,
        170,
        80,
        143,
        162,
        16,
        101,
        50,
        172,
        38,
        40,
        181,
        194,
        238,
        96,
        208,
        111,
        163,
        105,
        219,
        109,
        113,
        57,
        251,
        233,
        154,
        124,
        187,
        47,
        33,
        244,
        167,
        93,
        185,
        224,
        213,
        174,
        17,
        138,
        208,
        0,
        225,
        211,
        243,
        104,
        138,
        141,
        250,
        227,
        213,
        200,
        41,
        193,
        80,
        34,
        256,
        26,
        194,
        102,
        158,
        126,
        177,
        51,
        221,
        285,
        195,
        110,
        79],
    [   22,
        160,
        197,
        180,
        145,
        143,
        96,
        240,
        200,
        178,
        74,
        226,
        195,
        62,
        154,
        21,
        128,
        101,
        144,
        83,
        174,
        65,
        171,
        112,
        170,
        90,
        150,
        85,
        170,
        143,
        196,
        257,
        34,
        133,
        138,
        155,
        24,
        123,
        75,
        222,
        211,
        69,
        225,
        0,
        204,
        60,
        128,
        103,
        83,
        32,
        58,
        137,
        94,
        222,
        32,
        145,
        259,
        32,
        230,
        106,
        141,
        71,
        119,
        153,
        201,
        187,
        61,
        56,
        114,
        184],
    [   190,
        58,
        115,
        41,
        181,
        263,
        117,
        225,
        111,
        172,
        224,
        179,
        172,
        221,
        306,
        225,
        170,
        104,
        116,
        224,
        258,
        143,
        258,
        170,
        171,
        143,
        70,
        138,
        88,
        294,
        226,
        224,
        238,
        273,
        202,
        49,
        224,
        85,
        134,
        224,
        78,
        251,
        211,
        204,
        0,
        164,
        145,
        131,
        174,
        201,
        254,
        70,
        265,
        174,
        185,
        186,
        229,
        229,
        191,
        97,
        130,
        201,
        223,
        54,
        235,
        24,
        228,
        229,
        168,
        245],
    [   38,
        111,
        191,
        151,
        168,
        193,
        86,
        259,
        192,
        193,
        126,
        235,
        208,
        115,
        212,
        77,
        150,
        61,
        142,
        133,
        216,
        26,
        214,
        135,
        186,
        29,
        100,
        89,
        157,
        200,
        225,
        273,
        88,
        187,
        169,
        121,
        85,
        78,
        69,
        245,
        192,
        129,
        243,
        60,
        164,
        0,
        139,
        106,
        111,
        40,
        119,
        93,
        153,
        230,
        70,
        169,
        276,
        71,
        241,
        72,
        145,
        114,
        161,
        122,
        232,
        143,
        64,
        113,
        136,
        221],
    [   133,
        141,
        76,
        104,
        38,
        119,
        58,
        120,
        80,
        53,
        100,
        98,
        68,
        103,
        166,
        145,
        25,
        107,
        31,
        95,
        113,
        115,
        113,
        28,
        47,
        147,
        142,
        49,
        66,
        155,
        93,
        134,
        154,
        133,
        57,
        103,
        134,
        116,
        70,
        107,
        106,
        135,
        104,
        128,
        145,
        139,
        0,
        34,
        50,
        150,
        149,
        120,
        140,
        94,
        97,
        42,
        137,
        161,
        103,
        94,
        18,
        77,
        80,
        95,
        102,
        145,
        185,
        117,
        25,
        103],
    [   104,
        115,
        93,
        94,
        69,
        133,
        25,
        154,
        96,
        87,
        95,
        129,
        101,
        94,
        175,
        122,
        51,
        74,
        41,
        94,
        137,
        81,
        136,
        43,
        81,
        113,
        113,
        18,
        69,
        163,
        126,
        167,
        133,
        142,
        81,
        83,
        114,
        86,
        36,
        141,
        111,
        126,
        138,
        103,
        131,
        106,
        34,
        0,
        43,
        120,
        135,
        92,
        137,
        124,
        73,
        72,
        170,
        136,
        135,
        62,
        39,
        71,
        93,
        77,
        134,
        125,
        155,
        106,
        42,
        132],
    [   93,
        153,
        126,
        138,
        61,
        94,
        60,
        156,
        130,
        94,
        52,
        144,
        112,
        53,
        132,
        97,
        45,
        102,
        75,
        50,
        107,
        92,
        106,
        28,
        86,
        128,
        149,
        38,
        109,
        120,
        115,
        174,
        105,
        100,
        58,
        125,
        85,
        120,
        54,
        139,
        151,
        86,
        141,
        83,
        174,
        111,
        50,
        43,
        0,
        110,
        99,
        129,
        94,
        140,
        52,
        61,
        175,
        115,
        146,
        95,
        67,
        29,
        55,
        120,
        121,
        167,
        144,
        67,
        31,
        110],
    [   17,
        151,
        213,
        184,
        171,
        176,
        107,
        266,
        214,
        202,
        107,
        248,
        218,
        94,
        186,
        41,
        154,
        96,
        161,
        115,
        206,
        58,
        203,
        138,
        194,
        69,
        140,
        102,
        182,
        175,
        225,
        282,
        51,
        165,
        167,
        156,
        53,
        116,
        87,
        249,
        220,
        99,
        250,
        32,
        201,
        40,
        150,
        120,
        110,
        0,
        85,
        131,
        124,
        244,
        59,
        172,
        285,
        30,
        253,
        105,
        160,
        102,
        150,
        155,
        230,
        181,
        34,
        88,
        140,
        215],
    [   81,
        215,
        225,
        225,
        150,
        111,
        138,
        240,
        228,
        188,
        55,
        239,
        207,
        47,
        105,
        44,
        139,
        156,
        173,
        64,
        151,
        122,
        147,
        124,
        180,
        148,
        207,
        121,
        205,
        96,
        189,
        261,
        37,
        93,
        134,
        204,
        34,
        178,
        120,
        220,
        247,
        22,
        227,
        58,
        254,
        119,
        149,
        135,
        99,
        85,
        0,
        191,
        45,
        236,
        68,
        148,
        262,
        61,
        239,
        158,
        166,
        72,
        103,
        200,
        192,
        240,
        99,
        33,
        127,
        169],
    [   121,
        24,
        131,
        66,
        158,
        223,
        69,
        229,
        130,
        165,
        172,
        191,
        172,
        166,
        259,
        159,
        142,
        36,
        102,
        174,
        229,
        74,
        229,
        135,
        161,
        74,
        21,
        90,
        95,
        247,
        213,
        235,
        171,
        228,
        173,
        36,
        159,
        15,
        77,
        221,
        115,
        192,
        213,
        137,
        70,
        93,
        120,
        92,
        129,
        131,
        191,
        0,
        211,
        185,
        124,
        162,
        239,
        160,
        201,
        35,
        113,
        150,
        183,
        41,
        222,
        50,
        157,
        172,
        134,
        223],
    [   116,
        235,
        216,
        231,
        130,
        70,
        148,
        211,
        221,
        167,
        41,
        218,
        186,
        44,
        61,
        85,
        123,
        177,
        169,
        44,
        112,
        150,
        108,
        112,
        160,
        181,
        228,
        127,
        203,
        51,
        158,
        234,
        81,
        49,
        109,
        216,
        71,
        198,
        133,
        191,
        245,
        25,
        200,
        94,
        265,
        153,
        140,
        137,
        94,
        124,
        45,
        211,
        0,
        216,
        88,
        127,
        234,
        105,
        216,
        175,
        159,
        65,
        74,
        211,
        159,
        255,
        143,
        40,
        115,
        133],
    [   227,
        199,
        58,
        135,
        86,
        168,
        145,
        53,
        63,
        48,
        182,
        5,
        29,
        188,
        220,
        238,
        97,
        187,
        89,
        174,
        136,
        205,
        139,
        113,
        55,
        234,
        205,
        142,
        92,
        212,
        80,
        50,
        246,
        190,
        107,
        154,
        226,
        188,
        161,
        59,
        98,
        218,
        41,
        222,
        174,
        230,
        94,
        124,
        140,
        244,
        236,
        185,
        216,
        0,
        190,
        88,
        55,
        255,
        17,
        172,
        85,
        164,
        142,
        147,
        87,
        187,
        279,
        203,
        110,
        112],
    [   42,
        148,
        167,
        157,
        113,
        123,
        71,
        208,
        170,
        146,
        56,
        194,
        163,
        46,
        144,
        49,
        97,
        90,
        114,
        63,
        149,
        61,
        146,
        80,
        138,
        94,
        141,
        56,
        142,
        132,
        166,
        226,
        59,
        117,
        108,
        135,
        41,
        111,
        51,
        191,
        184,
        68,
        193,
        32,
        185,
        70,
        97,
        73,
        52,
        59,
        68,
        124,
        88,
        190,
        0,
        113,
        228,
        64,
        198,
        90,
        110,
        45,
        93,
        132,
        171,
        172,
        92,
        48,
        82,
        156],
    [   155,
        183,
        98,
        144,
        4,
        87,
        97,
        95,
        103,
        40,
        93,
        91,
        59,
        101,
        138,
        157,
        20,
        146,
        69,
        86,
        72,
        148,
        73,
        34,
        33,
        182,
        184,
        83,
        101,
        128,
        55,
        114,
        163,
        106,
        20,
        145,
        143,
        158,
        103,
        77,
        136,
        130,
        80,
        145,
        186,
        169,
        42,
        72,
        61,
        172,
        148,
        162,
        127,
        88,
        113,
        0,
        115,
        176,
        90,
        134,
        55,
        78,
        54,
        137,
        63,
        187,
        205,
        116,
        33,
        61],
    [   267,
        254,
        114,
        191,
        115,
        174,
        193,
        23,
        118,
        83,
        206,
        50,
        69,
        215,
        223,
        272,
        131,
        238,
        139,
        198,
        133,
        251,
        137,
        147,
        90,
        283,
        259,
        187,
        147,
        217,
        76,
        5,
        279,
        198,
        128,
        209,
        259,
        241,
        206,
        43,
        152,
        242,
        34,
        259,
        229,
        276,
        137,
        170,
        175,
        285,
        262,
        239,
        234,
        55,
        228,
        115,
        0,
        291,
        38,
        223,
        133,
        193,
        160,
        202,
        78,
        242,
        319,
        230,
        145,
        107],
    [   38,
        180,
        230,
        208,
        176,
        164,
        127,
        271,
        232,
        210,
        97,
        259,
        228,
        85,
        166,
        21,
        160,
        124,
        177,
        107,
        199,
        86,
        196,
        144,
        202,
        100,
        170,
        118,
        202,
        157,
        226,
        289,
        24,
        150,
        167,
        182,
        37,
        145,
        106,
        253,
        242,
        80,
        256,
        32,
        229,
        71,
        161,
        136,
        115,
        30,
        61,
        160,
        105,
        255,
        64,
        176,
        291,
        0,
        262,
        131,
        174,
        100,
        145,
        181,
        231,
        210,
        38,
        75,
        146,
        212],
    [   236,
        215,
        76,
        152,
        88,
        163,
        157,
        35,
        80,
        52,
        184,
        12,
        34,
        191,
        215,
        244,
        102,
        200,
        102,
        176,
        128,
        216,
        132,
        118,
        59,
        246,
        221,
        152,
        108,
        208,
        70,
        34,
        252,
        187,
        107,
        170,
        231,
        203,
        172,
        44,
        116,
        220,
        26,
        230,
        191,
        241,
        103,
        135,
        146,
        253,
        239,
        201,
        216,
        17,
        198,
        90,
        38,
        262,
        0,
        186,
        96,
        167,
        141,
        163,
        76,
        204,
        288,
        206,
        115,
        103],
    [   93,
        59,
        125,
        79,
        131,
        189,
        37,
        210,
        124,
        144,
        136,
        177,
        154,
        130,
        224,
        127,
        114,
        14,
        83,
        139,
        198,
        47,
        197,
        105,
        138,
        64,
        54,
        56,
        89,
        212,
        187,
        219,
        140,
        193,
        143,
        50,
        127,
        25,
        42,
        200,
        120,
        157,
        194,
        106,
        97,
        72,
        94,
        62,
        95,
        105,
        158,
        35,
        175,
        172,
        90,
        134,
        223,
        131,
        186,
        0,
        91,
        115,
        150,
        50,
        196,
        82,
        135,
        137,
        104,
        194],
    [   143,
        132,
        58,
        89,
        51,
        137,
        60,
        119,
        62,
        52,
        118,
        89,
        63,
        121,
        184,
        159,
        41,
        105,
        13,
        114,
        127,
        119,
        128,
        47,
        48,
        150,
        134,
        57,
        48,
        174,
        100,
        129,
        169,
        151,
        72,
        91,
        149,
        112,
        75,
        109,
        87,
        153,
        102,
        141,
        130,
        145,
        18,
        39,
        67,
        160,
        166,
        113,
        159,
        85,
        110,
        55,
        133,
        174,
        96,
        91,
        0,
        95,
        98,
        83,
        109,
        132,
        195,
        134,
        44,
        115],
    [   87,
        175,
        154,
        166,
        79,
        79,
        84,
        172,
        158,
        116,
        24,
        166,
        135,
        25,
        108,
        80,
        66,
        120,
        104,
        23,
        103,
        101,
        101,
        51,
        108,
        137,
        170,
        63,
        138,
        96,
        125,
        192,
        85,
        78,
        67,
        151,
        65,
        139,
        72,
        153,
        180,
        57,
        158,
        71,
        201,
        114,
        77,
        71,
        29,
        102,
        72,
        150,
        65,
        164,
        45,
        78,
        193,
        100,
        167,
        115,
        95,
        0,
        47,
        146,
        130,
        192,
        133,
        39,
        54,
        112],
    [   135,
        207,
        150,
        183,
        58,
        40,
        114,
        137,
        155,
        94,
        49,
        144,
        113,
        60,
        86,
        124,
        57,
        158,
        111,
        40,
        55,
        146,
        53,
        53,
        88,
        182,
        204,
        93,
        146,
        76,
        85,
        160,
        127,
        53,
        35,
        176,
        109,
        175,
        110,
        117,
        185,
        82,
        126,
        119,
        223,
        161,
        80,
        93,
        55,
        150,
        103,
        183,
        74,
        142,
        93,
        54,
        160,
        145,
        141,
        150,
        98,
        47,
        0,
        170,
        88,
        219,
        180,
        73,
        55,
        66],
    [   142,
        51,
        91,
        28,
        133,
        210,
        62,
        193,
        89,
        132,
        170,
        152,
        137,
        166,
        252,
        175,
        120,
        61,
        70,
        170,
        209,
        98,
        209,
        118,
        129,
        109,
        58,
        83,
        55,
        240,
        183,
        197,
        187,
        219,
        152,
        7,
        172,
        50,
        80,
        188,
        74,
        196,
        177,
        153,
        54,
        122,
        95,
        77,
        120,
        155,
        200,
        41,
        211,
        147,
        132,
        137,
        202,
        181,
        163,
        50,
        83,
        146,
        170,
        0,
        193,
        49,
        185,
        175,
        116,
        198],
    [   214,
        242,
        129,
        193,
        65,
        95,
        160,
        56,
        134,
        63,
        137,
        86,
        69,
        148,
        144,
        210,
        83,
        209,
        122,
        128,
        54,
        210,
        58,
        97,
        64,
        245,
        244,
        146,
        147,
        139,
        9,
        80,
        214,
        120,
        63,
        200,
        195,
        219,
        167,
        35,
        172,
        170,
        51,
        201,
        235,
        232,
        102,
        134,
        121,
        230,
        192,
        222,
        159,
        87,
        171,
        63,
        78,
        231,
        76,
        196,
        109,
        130,
        88,
        193,
        0,
        241,
        263,
        162,
        96,
        29],
    [   172,
        33,
        128,
        51,
        183,
        259,
        107,
        236,
        124,
        179,
        215,
        192,
        181,
        210,
        299,
        209,
        170,
        86,
        119,
        216,
        258,
        124,
        258,
        167,
        177,
        121,
        46,
        129,
        96,
        288,
        231,
        237,
        221,
        267,
        202,
        42,
        209,
        65,
        122,
        233,
        96,
        239,
        221,
        187,
        24,
        143,
        145,
        125,
        167,
        181,
        240,
        50,
        255,
        187,
        172,
        187,
        242,
        210,
        204,
        82,
        132,
        192,
        219,
        49,
        241,
        0,
        207,
        218,
        165,
        248],
    [   52,
        174,
        247,
        214,
        205,
        202,
        141,
        300,
        249,
        236,
        133,
        283,
        253,
        121,
        204,
        58,
        188,
        124,
        196,
        143,
        235,
        87,
        232,
        172,
        229,
        87,
        163,
        137,
        216,
        195,
        257,
        317,
        62,
        188,
        199,
        185,
        74,
        142,
        121,
        283,
        253,
        118,
        285,
        61,
        228,
        64,
        185,
        155,
        144,
        34,
        99,
        157,
        143,
        279,
        92,
        205,
        319,
        38,
        288,
        135,
        195,
        133,
        180,
        185,
        263,
        207,
        0,
        112,
        174,
        246],
    [   78,
        196,
        193,
        198,
        117,
        89,
        112,
        208,
        197,
        154,
        24,
        205,
        174,
        14,
        98,
        53,
        106,
        138,
        142,
        33,
        125,
        109,
        122,
        91,
        147,
        141,
        189,
        93,
        175,
        87,
        158,
        229,
        54,
        77,
        102,
        179,
        38,
        159,
        96,
        189,
        217,
        21,
        195,
        56,
        229,
        113,
        117,
        106,
        67,
        88,
        33,
        172,
        40,
        203,
        48,
        116,
        230,
        75,
        206,
        137,
        134,
        39,
        73,
        175,
        162,
        218,
        112,
        0,
        94,
        140],
    [   122,
        157,
        101,
        128,
        32,
        95,
        67,
        126,
        105,
        63,
        75,
        113,
        81,
        80,
        141,
        128,
        14,
        115,
        56,
        70,
        94,
        114,
        94,
        3,
        55,
        149,
        156,
        50,
        91,
        130,
        88,
        143,
        136,
        108,
        38,
        122,
        116,
        128,
        70,
        110,
        132,
        112,
        110,
        114,
        168,
        136,
        25,
        42,
        31,
        140,
        127,
        134,
        115,
        110,
        82,
        33,
        145,
        146,
        115,
        104,
        44,
        54,
        55,
        116,
        96,
        165,
        174,
        94,
        0,
        90],
    [   199,
        245,
        146,
        203,
        65,
        67,
        157,
        85,
        151,
        78,
        116,
        111,
        89,
        127,
        115,
        191,
        80,
        205,
        129,
        106,
        25,
        202,
        29,
        90,
        76,
        238,
        245,
        140,
        158,
        110,
        33,
        109,
        194,
        92,
        52,
        206,
        175,
        218,
        160,
        64,
        188,
        146,
        79,
        184,
        245,
        221,
        103,
        132,
        110,
        215,
        169,
        223,
        133,
        112,
        156,
        61,
        107,
        212,
        103,
        194,
        115,
        112,
        66,
        198,
        29,
        248,
        246,
        140,
        90,
        0]]
;
task=[   84,
    142,
    205,
    48,
    88,
    483,
    265,
    71,
    210,
    119,
    170,
    470,
    233,
    279,
    75,
    151,
    45,
    179,
    376,
    76,
    560,
    1,
    314,
    319,
    594,
    67,
    261,
    522,
    326,
    205,
    440,
    103,
    235,
    509,
    0,
    244,
    283,
    46,
    325,
    160,
    406,
    214,
    382,
    206,
    88,
    179,
    94,
    217,
    251,
    137,
    441,
    341,
    309,
    405,
    234,
    92,
    388,
    250,
    406,
    194,
    507,
    334,
    180,
    308,
    310,
    169,
    22,
    405,
    235,
    8]
;
minW=[   138,
    60,
    61,
    58,
    9,
    51,
    6,
    104,
    98,
    38,
    57,
    104,
    66,
    31,
    42,
    35,
    23,
    34,
    21,
    52,
    18,
    36,
    23,
    8,
    51,
    66,
    188,
    79,
    77,
    87,
    30,
    64,
    54,
    80,
    0,
    13,
    18,
    76,
    87,
    24,
    138,
    28,
    89,
    56,
    172,
    144,
    30,
    42,
    17,
    157,
    80,
    143,
    101,
    56,
    100,
    18,
    53,
    34,
    72,
    64,
    62,
    19,
    10,
    139,
    49,
    105,
    6,
    44,
    10,
    18]
;
maxW=[   528,
    518,
    245,
    658,
    119,
    444,
    421,
    499,
    547,
    122,
    131,
    505,
    137,
    226,
    404,
    151,
    143,
    205,
    296,
    382,
    387,
    533,
    307,
    191,
    194,
    207,
    588,
    428,
    461,
    283,
    413,
    206,
    217,
    432,
    720,
    390,
    319,
    455,
    368,
    86,
    566,
    606,
    539,
    272,
    400,
    395,
    506,
    555,
    130,
    538,
    559,
    511,
    267,
    470,
    550,
    518,
    427,
    361,
    532,
    363,
    108,
    406,
    300,
    217,
    159,
    439,
    399,
    537,
    46,
    394]
;