// Generated by InstanceGenerator.py v0.1
// Juan Francisco Martinez Vera
// AMMM - MIRI, FIB UPC
//
// RAND_SEED=1484777370

bigM=100000;

nLocations=50;
startLocation=1;
distances=[   [   0,
        193,
        139,
        181,
        118,
        93,
        101,
        59,
        136,
        56,
        86,
        128,
        146,
        179,
        103,
        50,
        64,
        53,
        160,
        141,
        47,
        124,
        79,
        178,
        189,
        186,
        79,
        86,
        108,
        178,
        71,
        80,
        77,
        97,
        118,
        55,
        116,
        188,
        71,
        28,
        190,
        100,
        88,
        168,
        131,
        66,
        150,
        93,
        159,
        156],
    [   193,
        0,
        99,
        77,
        134,
        169,
        96,
        184,
        162,
        237,
        114,
        81,
        52,
        183,
        106,
        144,
        210,
        147,
        98,
        73,
        158,
        265,
        127,
        91,
        53,
        142,
        184,
        164,
        149,
        36,
        225,
        116,
        241,
        258,
        252,
        156,
        279,
        24,
        126,
        177,
        9,
        246,
        105,
        90,
        189,
        153,
        73,
        213,
        194,
        91],
    [   139,
        99,
        0,
        45,
        154,
        76,
        52,
        162,
        62,
        194,
        101,
        28,
        53,
        89,
        37,
        106,
        184,
        117,
        21,
        27,
        92,
        172,
        59,
        156,
        135,
        62,
        172,
        160,
        53,
        65,
        197,
        65,
        159,
        229,
        158,
        132,
        192,
        79,
        102,
        137,
        103,
        225,
        77,
        149,
        90,
        76,
        25,
        122,
        95,
        142],
    [   181,
        77,
        45,
        0,
        173,
        121,
        84,
        197,
        98,
        235,
        129,
        55,
        56,
        109,
        78,
        143,
        221,
        152,
        30,
        42,
        136,
        216,
        102,
        156,
        125,
        66,
        204,
        189,
        97,
        41,
        235,
        102,
        205,
        267,
        202,
        166,
        237,
        53,
        134,
        176,
        84,
        261,
        107,
        151,
        128,
        122,
        33,
        166,
        125,
        147],
    [   118,
        134,
        154,
        173,
        0,
        168,
        103,
        72,
        194,
        134,
        56,
        126,
        117,
        235,
        123,
        80,
        94,
        69,
        171,
        134,
        121,
        237,
        119,
        70,
        100,
        216,
        61,
        41,
        166,
        144,
        109,
        101,
        194,
        137,
        228,
        63,
        234,
        144,
        64,
        91,
        127,
        121,
        80,
        62,
        207,
        134,
        144,
        194,
        228,
        52],
    [   93,
        169,
        76,
        121,
        168,
        0,
        81,
        142,
        43,
        148,
        113,
        87,
        116,
        85,
        63,
        92,
        155,
        105,
        92,
        96,
        53,
        96,
        52,
        199,
        191,
        99,
        158,
        155,
        23,
        138,
        164,
        71,
        85,
        191,
        83,
        119,
        115,
        152,
        104,
        108,
        171,
        193,
        93,
        190,
        40,
        34,
        99,
        45,
        66,
        180],
    [   101,
        96,
        52,
        84,
        103,
        81,
        0,
        112,
        95,
        152,
        48,
        29,
        45,
        133,
        21,
        58,
        136,
        67,
        71,
        42,
        62,
        173,
        32,
        119,
        109,
        114,
        120,
        107,
        69,
        76,
        150,
        20,
        145,
        182,
        160,
        82,
        184,
        87,
        50,
        92,
        95,
        176,
        24,
        110,
        113,
        58,
        51,
        122,
        129,
        101],
    [   59,
        184,
        162,
        197,
        72,
        142,
        112,
        0,
        180,
        61,
        72,
        142,
        148,
        224,
        125,
        57,
        25,
        45,
        183,
        154,
        88,
        184,
        107,
        141,
        164,
        219,
        19,
        32,
        150,
        180,
        41,
        97,
        136,
        73,
        178,
        30,
        173,
        186,
        63,
        34,
        179,
        63,
        90,
        132,
        182,
        108,
        164,
        151,
        208,
        121],
    [   136,
        162,
        62,
        98,
        194,
        43,
        95,
        180,
        0,
        191,
        138,
        86,
        114,
        43,
        73,
        125,
        196,
        139,
        68,
        90,
        92,
        121,
        76,
        212,
        195,
        59,
        194,
        188,
        30,
        127,
        206,
        93,
        124,
        234,
        107,
        154,
        147,
        142,
        132,
        147,
        166,
        235,
        115,
        204,
        29,
        71,
        88,
        77,
        34,
        196],
    [   56,
        237,
        194,
        235,
        134,
        148,
        152,
        61,
        191,
        0,
        123,
        180,
        194,
        234,
        157,
        94,
        42,
        90,
        215,
        193,
        103,
        154,
        134,
        203,
        223,
        242,
        75,
        93,
        164,
        227,
        35,
        132,
        105,
        45,
        153,
        82,
        134,
        235,
        111,
        60,
        233,
        56,
        134,
        193,
        184,
        123,
        202,
        138,
        212,
        182],
    [   86,
        114,
        101,
        129,
        56,
        113,
        48,
        72,
        138,
        123,
        0,
        76,
        77,
        179,
        67,
        35,
        97,
        34,
        120,
        86,
        70,
        190,
        62,
        95,
        103,
        163,
        75,
        60,
        109,
        109,
        112,
        44,
        152,
        145,
        180,
        42,
        192,
        114,
        14,
        64,
        109,
        135,
        24,
        85,
        151,
        80,
        96,
        143,
        171,
        73],
    [   128,
        81,
        28,
        55,
        126,
        87,
        29,
        142,
        86,
        180,
        76,
        0,
        29,
        117,
        26,
        87,
        165,
        97,
        44,
        13,
        85,
        183,
        50,
        128,
        109,
        90,
        149,
        136,
        68,
        53,
        179,
        47,
        162,
        212,
        170,
        111,
        198,
        66,
        79,
        121,
        84,
        205,
        53,
        121,
        110,
        75,
        22,
        131,
        119,
        114],
    [   146,
        52,
        53,
        56,
        117,
        116,
        45,
        148,
        114,
        194,
        77,
        29,
        0,
        142,
        53,
        99,
        173,
        106,
        61,
        25,
        107,
        212,
        75,
        104,
        81,
        109,
        152,
        136,
        98,
        32,
        188,
        66,
        189,
        221,
        199,
        118,
        226,
        42,
        85,
        134,
        54,
        212,
        60,
        98,
        139,
        101,
        31,
        160,
        148,
        93],
    [   179,
        183,
        89,
        109,
        235,
        85,
        133,
        224,
        43,
        234,
        179,
        117,
        142,
        0,
        112,
        169,
        240,
        182,
        84,
        116,
        136,
        143,
        119,
        245,
        223,
        46,
        238,
        231,
        73,
        146,
        249,
        135,
        158,
        277,
        130,
        197,
        174,
        160,
        174,
        191,
        189,
        279,
        155,
        238,
        54,
        115,
        112,
        110,
        29,
        230],
    [   103,
        106,
        37,
        78,
        123,
        63,
        21,
        125,
        73,
        157,
        67,
        26,
        53,
        112,
        0,
        68,
        147,
        80,
        58,
        39,
        58,
        158,
        24,
        139,
        127,
        96,
        135,
        124,
        49,
        80,
        160,
        27,
        136,
        191,
        145,
        95,
        172,
        93,
        66,
        100,
        107,
        187,
        43,
        131,
        93,
        48,
        46,
        106,
        108,
        122],
    [   50,
        144,
        106,
        143,
        80,
        92,
        58,
        57,
        125,
        94,
        35,
        87,
        99,
        169,
        68,
        0,
        78,
        13,
        127,
        100,
        40,
        157,
        51,
        130,
        138,
        162,
        69,
        63,
        95,
        132,
        92,
        41,
        117,
        124,
        148,
        28,
        157,
        140,
        21,
        34,
        140,
        119,
        39,
        120,
        132,
        57,
        110,
        114,
        156,
        108],
    [   64,
        210,
        184,
        221,
        94,
        155,
        136,
        25,
        196,
        42,
        97,
        165,
        173,
        240,
        147,
        78,
        0,
        68,
        205,
        178,
        103,
        184,
        127,
        165,
        189,
        239,
        33,
        53,
        166,
        205,
        15,
        119,
        135,
        47,
        181,
        55,
        169,
        212,
        88,
        48,
        205,
        40,
        114,
        155,
        195,
        124,
        187,
        158,
        222,
        145],
    [   53,
        147,
        117,
        152,
        69,
        105,
        67,
        45,
        139,
        90,
        34,
        97,
        106,
        182,
        80,
        13,
        68,
        0,
        138,
        109,
        53,
        167,
        64,
        124,
        136,
        175,
        56,
        49,
        109,
        138,
        83,
        52,
        125,
        115,
        159,
        15,
        165,
        145,
        21,
        30,
        143,
        108,
        45,
        114,
        146,
        71,
        119,
        126,
        169,
        102],
    [   160,
        98,
        21,
        30,
        171,
        92,
        71,
        183,
        68,
        215,
        120,
        44,
        61,
        84,
        58,
        127,
        205,
        138,
        0,
        37,
        113,
        186,
        80,
        166,
        140,
        48,
        192,
        179,
        68,
        62,
        218,
        85,
        177,
        250,
        171,
        152,
        208,
        76,
        122,
        159,
        104,
        246,
        96,
        160,
        97,
        96,
        29,
        136,
        97,
        154],
    [   141,
        73,
        27,
        42,
        134,
        96,
        42,
        154,
        90,
        193,
        86,
        13,
        25,
        116,
        39,
        100,
        178,
        109,
        37,
        0,
        98,
        193,
        63,
        129,
        107,
        85,
        161,
        146,
        76,
        42,
        192,
        61,
        174,
        224,
        179,
        123,
        210,
        56,
        91,
        134,
        76,
        218,
        64,
        123,
        116,
        87,
        9,
        141,
        123,
        117],
    [   47,
        158,
        92,
        136,
        121,
        53,
        62,
        88,
        92,
        103,
        70,
        85,
        107,
        136,
        58,
        40,
        103,
        53,
        113,
        98,
        0,
        119,
        34,
        164,
        165,
        138,
        104,
        102,
        63,
        137,
        114,
        42,
        85,
        143,
        109,
        66,
        124,
        149,
        58,
        55,
        157,
        142,
        59,
        154,
        93,
        20,
        105,
        73,
        119,
        143],
    [   124,
        265,
        172,
        216,
        237,
        96,
        173,
        184,
        121,
        154,
        190,
        183,
        212,
        143,
        158,
        157,
        184,
        167,
        186,
        193,
        119,
        0,
        140,
        284,
        282,
        178,
        203,
        209,
        119,
        235,
        185,
        157,
        49,
        199,
        14,
        175,
        34,
        249,
        177,
        151,
        266,
        210,
        177,
        274,
        94,
        114,
        196,
        51,
        113,
        263],
    [   79,
        127,
        59,
        102,
        119,
        52,
        32,
        107,
        76,
        134,
        62,
        50,
        75,
        119,
        24,
        51,
        127,
        64,
        80,
        63,
        34,
        140,
        0,
        147,
        141,
        112,
        120,
        112,
        47,
        104,
        139,
        18,
        114,
        170,
        128,
        79,
        151,
        116,
        56,
        79,
        127,
        167,
        41,
        138,
        88,
        26,
        71,
        90,
        109,
        128],
    [   178,
        91,
        156,
        156,
        70,
        199,
        119,
        141,
        212,
        203,
        95,
        128,
        104,
        245,
        139,
        130,
        165,
        124,
        166,
        129,
        164,
        284,
        147,
        0,
        40,
        214,
        132,
        111,
        188,
        117,
        179,
        129,
        247,
        208,
        273,
        124,
        287,
        110,
        109,
        152,
        82,
        191,
        107,
        10,
        232,
        171,
        136,
        235,
        247,
        21],
    [   189,
        53,
        135,
        125,
        100,
        191,
        109,
        164,
        195,
        223,
        103,
        109,
        81,
        223,
        127,
        138,
        189,
        136,
        140,
        107,
        165,
        282,
        141,
        40,
        0,
        188,
        158,
        137,
        176,
        84,
        204,
        125,
        250,
        234,
        270,
        141,
        290,
        75,
        117,
        167,
        44,
        220,
        106,
        42,
        219,
        167,
        111,
        231,
        229,
        48],
    [   186,
        142,
        62,
        66,
        216,
        99,
        114,
        219,
        59,
        242,
        163,
        90,
        109,
        46,
        96,
        162,
        239,
        175,
        48,
        85,
        138,
        178,
        112,
        214,
        188,
        0,
        231,
        220,
        78,
        106,
        251,
        123,
        183,
        281,
        164,
        190,
        206,
        119,
        162,
        191,
        149,
        279,
        138,
        208,
        84,
        119,
        78,
        136,
        70,
        202],
    [   79,
        184,
        172,
        204,
        61,
        158,
        120,
        19,
        194,
        75,
        75,
        149,
        152,
        238,
        135,
        69,
        33,
        56,
        192,
        161,
        104,
        203,
        120,
        132,
        158,
        231,
        0,
        20,
        164,
        183,
        47,
        108,
        155,
        76,
        197,
        40,
        192,
        188,
        70,
        53,
        177,
        62,
        96,
        123,
        198,
        124,
        171,
        169,
        223,
        113],
    [   86,
        164,
        160,
        189,
        41,
        155,
        107,
        32,
        188,
        93,
        60,
        136,
        136,
        231,
        124,
        63,
        53,
        49,
        179,
        146,
        102,
        209,
        112,
        111,
        137,
        220,
        20,
        0,
        158,
        166,
        67,
        97,
        163,
        97,
        202,
        35,
        202,
        170,
        58,
        57,
        158,
        82,
        83,
        102,
        195,
        120,
        156,
        172,
        219,
        92],
    [   108,
        149,
        53,
        97,
        166,
        23,
        69,
        150,
        30,
        164,
        109,
        68,
        98,
        73,
        49,
        95,
        166,
        109,
        68,
        76,
        63,
        119,
        47,
        188,
        176,
        78,
        164,
        158,
        0,
        117,
        177,
        65,
        109,
        205,
        105,
        124,
        139,
        131,
        103,
        118,
        152,
        206,
        87,
        180,
        43,
        42,
        78,
        68,
        62,
        171],
    [   178,
        36,
        65,
        41,
        144,
        138,
        76,
        180,
        127,
        227,
        109,
        53,
        32,
        146,
        80,
        132,
        205,
        138,
        62,
        42,
        137,
        235,
        104,
        117,
        84,
        106,
        183,
        166,
        117,
        0,
        221,
        97,
        216,
        253,
        222,
        150,
        252,
        14,
        118,
        166,
        43,
        244,
        92,
        113,
        155,
        128,
        39,
        184,
        158,
        110],
    [   71,
        225,
        197,
        235,
        109,
        164,
        150,
        41,
        206,
        35,
        112,
        179,
        188,
        249,
        160,
        92,
        15,
        83,
        218,
        192,
        114,
        185,
        139,
        179,
        204,
        251,
        47,
        67,
        177,
        221,
        0,
        133,
        136,
        32,
        183,
        70,
        167,
        227,
        103,
        60,
        220,
        29,
        128,
        170,
        203,
        134,
        202,
        163,
        230,
        160],
    [   80,
        116,
        65,
        102,
        101,
        71,
        20,
        97,
        93,
        132,
        44,
        47,
        66,
        135,
        27,
        41,
        119,
        52,
        85,
        61,
        42,
        157,
        18,
        129,
        125,
        123,
        108,
        97,
        65,
        97,
        133,
        0,
        126,
        165,
        145,
        67,
        165,
        108,
        40,
        74,
        115,
        160,
        22,
        120,
        107,
        42,
        70,
        107,
        127,
        109],
    [   77,
        241,
        159,
        205,
        194,
        85,
        145,
        136,
        124,
        105,
        152,
        162,
        189,
        158,
        136,
        117,
        135,
        125,
        177,
        174,
        85,
        49,
        114,
        247,
        250,
        183,
        155,
        163,
        109,
        216,
        136,
        126,
        0,
        150,
        48,
        131,
        40,
        229,
        138,
        105,
        241,
        161,
        144,
        237,
        103,
        88,
        180,
        48,
        130,
        225],
    [   97,
        258,
        229,
        267,
        137,
        191,
        182,
        73,
        234,
        45,
        145,
        212,
        221,
        277,
        191,
        124,
        47,
        115,
        250,
        224,
        143,
        199,
        170,
        208,
        234,
        281,
        76,
        97,
        205,
        253,
        32,
        165,
        150,
        0,
        199,
        103,
        176,
        260,
        135,
        91,
        252,
        20,
        161,
        199,
        228,
        163,
        234,
        184,
        256,
        189],
    [   118,
        252,
        158,
        202,
        228,
        83,
        160,
        178,
        107,
        153,
        180,
        170,
        199,
        130,
        145,
        148,
        181,
        159,
        171,
        179,
        109,
        14,
        128,
        273,
        270,
        164,
        197,
        202,
        105,
        222,
        183,
        145,
        48,
        199,
        0,
        168,
        44,
        236,
        167,
        145,
        253,
        209,
        166,
        263,
        80,
        103,
        182,
        38,
        100,
        252],
    [   55,
        156,
        132,
        166,
        63,
        119,
        82,
        30,
        154,
        82,
        42,
        111,
        118,
        197,
        95,
        28,
        55,
        15,
        152,
        123,
        66,
        175,
        79,
        124,
        141,
        190,
        40,
        35,
        124,
        150,
        70,
        67,
        131,
        103,
        168,
        0,
        171,
        157,
        32,
        28,
        151,
        94,
        59,
        114,
        159,
        84,
        133,
        136,
        184,
        103],
    [   116,
        279,
        192,
        237,
        234,
        115,
        184,
        173,
        147,
        134,
        192,
        198,
        226,
        174,
        172,
        157,
        169,
        165,
        208,
        210,
        124,
        34,
        151,
        287,
        290,
        206,
        192,
        202,
        139,
        252,
        167,
        165,
        40,
        176,
        44,
        171,
        0,
        265,
        178,
        144,
        279,
        190,
        184,
        277,
        122,
        125,
        214,
        71,
        144,
        266],
    [   188,
        24,
        79,
        53,
        144,
        152,
        87,
        186,
        142,
        235,
        114,
        66,
        42,
        160,
        93,
        140,
        212,
        145,
        76,
        56,
        149,
        249,
        116,
        110,
        75,
        119,
        188,
        170,
        131,
        14,
        227,
        108,
        229,
        260,
        236,
        157,
        265,
        0,
        125,
        175,
        32,
        250,
        101,
        108,
        169,
        141,
        54,
        198,
        172,
        107],
    [   71,
        126,
        102,
        134,
        64,
        104,
        50,
        63,
        132,
        111,
        14,
        79,
        85,
        174,
        66,
        21,
        88,
        21,
        122,
        91,
        58,
        177,
        56,
        109,
        117,
        162,
        70,
        58,
        103,
        118,
        103,
        40,
        138,
        135,
        167,
        32,
        178,
        125,
        0,
        51,
        122,
        127,
        26,
        98,
        143,
        70,
        101,
        131,
        165,
        87],
    [   28,
        177,
        137,
        176,
        91,
        108,
        92,
        34,
        147,
        60,
        64,
        121,
        134,
        191,
        100,
        34,
        48,
        30,
        159,
        134,
        55,
        151,
        79,
        152,
        167,
        191,
        53,
        57,
        118,
        166,
        60,
        74,
        105,
        91,
        145,
        28,
        144,
        175,
        51,
        0,
        173,
        88,
        73,
        142,
        148,
        75,
        143,
        116,
        174,
        131],
    [   190,
        9,
        103,
        84,
        127,
        171,
        95,
        179,
        166,
        233,
        109,
        84,
        54,
        189,
        107,
        140,
        205,
        143,
        104,
        76,
        157,
        266,
        127,
        82,
        44,
        149,
        177,
        158,
        152,
        43,
        220,
        115,
        241,
        252,
        253,
        151,
        279,
        32,
        122,
        173,
        0,
        240,
        102,
        81,
        193,
        154,
        78,
        214,
        198,
        82],
    [   100,
        246,
        225,
        261,
        121,
        193,
        176,
        63,
        235,
        56,
        135,
        205,
        212,
        279,
        187,
        119,
        40,
        108,
        246,
        218,
        142,
        210,
        167,
        191,
        220,
        279,
        62,
        82,
        206,
        244,
        29,
        160,
        161,
        20,
        209,
        94,
        190,
        250,
        127,
        88,
        240,
        0,
        153,
        183,
        232,
        163,
        228,
        191,
        259,
        174],
    [   88,
        105,
        77,
        107,
        80,
        93,
        24,
        90,
        115,
        134,
        24,
        53,
        60,
        155,
        43,
        39,
        114,
        45,
        96,
        64,
        59,
        177,
        41,
        107,
        106,
        138,
        96,
        83,
        87,
        92,
        128,
        22,
        144,
        161,
        166,
        59,
        184,
        101,
        26,
        73,
        102,
        153,
        0,
        97,
        129,
        63,
        74,
        128,
        148,
        87],
    [   168,
        90,
        149,
        151,
        62,
        190,
        110,
        132,
        204,
        193,
        85,
        121,
        98,
        238,
        131,
        120,
        155,
        114,
        160,
        123,
        154,
        274,
        138,
        10,
        42,
        208,
        123,
        102,
        180,
        113,
        170,
        120,
        237,
        199,
        263,
        114,
        277,
        108,
        98,
        142,
        81,
        183,
        97,
        0,
        224,
        161,
        130,
        226,
        238,
        11],
    [   131,
        189,
        90,
        128,
        207,
        40,
        113,
        182,
        29,
        184,
        151,
        110,
        139,
        54,
        93,
        132,
        195,
        146,
        97,
        116,
        93,
        94,
        88,
        232,
        219,
        84,
        198,
        195,
        43,
        155,
        203,
        107,
        103,
        228,
        80,
        159,
        122,
        169,
        143,
        148,
        193,
        232,
        129,
        224,
        0,
        75,
        115,
        55,
        28,
        214],
    [   66,
        153,
        76,
        122,
        134,
        34,
        58,
        108,
        71,
        123,
        80,
        75,
        101,
        115,
        48,
        57,
        124,
        71,
        96,
        87,
        20,
        114,
        26,
        171,
        167,
        119,
        124,
        120,
        42,
        128,
        134,
        42,
        88,
        163,
        103,
        84,
        125,
        141,
        70,
        75,
        154,
        163,
        63,
        161,
        75,
        0,
        93,
        64,
        99,
        151],
    [   150,
        73,
        25,
        33,
        144,
        99,
        51,
        164,
        88,
        202,
        96,
        22,
        31,
        112,
        46,
        110,
        187,
        119,
        29,
        9,
        105,
        196,
        71,
        136,
        111,
        78,
        171,
        156,
        78,
        39,
        202,
        70,
        180,
        234,
        182,
        133,
        214,
        54,
        101,
        143,
        78,
        228,
        74,
        130,
        115,
        93,
        0,
        145,
        120,
        124],
    [   93,
        213,
        122,
        166,
        194,
        45,
        122,
        151,
        77,
        138,
        143,
        131,
        160,
        110,
        106,
        114,
        158,
        126,
        136,
        141,
        73,
        51,
        90,
        235,
        231,
        136,
        169,
        172,
        68,
        184,
        163,
        107,
        48,
        184,
        38,
        136,
        71,
        198,
        131,
        116,
        214,
        191,
        128,
        226,
        55,
        64,
        145,
        0,
        82,
        215],
    [   159,
        194,
        95,
        125,
        228,
        66,
        129,
        208,
        34,
        212,
        171,
        119,
        148,
        29,
        108,
        156,
        222,
        169,
        97,
        123,
        119,
        113,
        109,
        247,
        229,
        70,
        223,
        219,
        62,
        158,
        230,
        127,
        130,
        256,
        100,
        184,
        144,
        172,
        165,
        174,
        198,
        259,
        148,
        238,
        28,
        99,
        120,
        82,
        0,
        230],
    [   156,
        91,
        142,
        147,
        52,
        180,
        101,
        121,
        196,
        182,
        73,
        114,
        93,
        230,
        122,
        108,
        145,
        102,
        154,
        117,
        143,
        263,
        128,
        21,
        48,
        202,
        113,
        92,
        171,
        110,
        160,
        109,
        225,
        189,
        252,
        103,
        266,
        107,
        87,
        131,
        82,
        174,
        87,
        11,
        214,
        151,
        124,
        215,
        230,
        0]]
;
task=[   0,
    123,
    422,
    235,
    104,
    422,
    269,
    234,
    306,
    186,
    163,
    271,
    10,
    310,
    202,
    539,
    246,
    155,
    246,
    275,
    120,
    423,
    523,
    70,
    249,
    295,
    349,
    411,
    154,
    280,
    258,
    173,
    192,
    410,
    249,
    551,
    343,
    14,
    305,
    231,
    211,
    0,
    435,
    115,
    306,
    386,
    362,
    428,
    377,
    154]
;
minW=[   0,
    9,
    119,
    154,
    80,
    65,
    52,
    38,
    93,
    34,
    68,
    126,
    7,
    163,
    7,
    28,
    61,
    44,
    77,
    34,
    27,
    9,
    45,
    8,
    145,
    52,
    73,
    7,
    97,
    116,
    19,
    40,
    72,
    86,
    56,
    40,
    43,
    116,
    62,
    3,
    1,
    56,
    6,
    33,
    10,
    18,
    77,
    47,
    4,
    89]
;
maxW=[   720,
    233,
    441,
    617,
    591,
    129,
    171,
    123,
    452,
    331,
    521,
    374,
    552,
    215,
    318,
    270,
    126,
    353,
    235,
    665,
    453,
    602,
    482,
    458,
    688,
    293,
    562,
    482,
    428,
    464,
    607,
    290,
    154,
    358,
    419,
    478,
    118,
    660,
    660,
    413,
    289,
    422,
    331,
    521,
    413,
    171,
    597,
    489,
    590,
    653]
;