// Generated by InstanceGenerator.py v0.1
// Juan Francisco Martinez Vera
// AMMM - MIRI, FIB UPC
//
// RAND_SEED=1484782917

bigM=100000;

nLocations=70;
startLocation=37;
distances=[   [   0,
        129,
        79,
        88,
        82,
        216,
        157,
        23,
        59,
        90,
        106,
        156,
        131,
        104,
        142,
        60,
        80,
        91,
        157,
        182,
        61,
        94,
        60,
        26,
        38,
        52,
        56,
        185,
        148,
        51,
        158,
        152,
        154,
        45,
        200,
        167,
        98,
        110,
        103,
        137,
        49,
        47,
        108,
        170,
        50,
        95,
        52,
        217,
        10,
        179,
        40,
        57,
        136,
        176,
        63,
        179,
        84,
        43,
        183,
        25,
        73,
        149,
        48,
        71,
        165,
        123,
        23,
        205,
        38,
        27],
    [   129,
        0,
        145,
        43,
        200,
        96,
        133,
        106,
        165,
        127,
        158,
        136,
        42,
        207,
        145,
        108,
        162,
        150,
        88,
        88,
        190,
        73,
        96,
        155,
        168,
        182,
        128,
        157,
        71,
        140,
        30,
        57,
        41,
        84,
        191,
        160,
        73,
        88,
        39,
        146,
        162,
        105,
        138,
        81,
        99,
        206,
        95,
        88,
        129,
        51,
        161,
        97,
        54,
        147,
        191,
        112,
        190,
        92,
        144,
        106,
        148,
        44,
        90,
        120,
        43,
        10,
        114,
        75,
        92,
        139],
    [   79,
        145,
        0,
        121,
        75,
        204,
        97,
        82,
        137,
        165,
        27,
        94,
        168,
        67,
        214,
        132,
        19,
        11,
        122,
        155,
        107,
        75,
        51,
        77,
        91,
        97,
        134,
        120,
        122,
        28,
        165,
        135,
        183,
        84,
        126,
        96,
        77,
        74,
        106,
        210,
        125,
        48,
        184,
        143,
        53,
        72,
        117,
        218,
        69,
        183,
        63,
        51,
        177,
        114,
        91,
        135,
        55,
        69,
        124,
        89,
        152,
        140,
        107,
        146,
        163,
        135,
        62,
        212,
        90,
        54],
    [   88,
        43,
        121,
        0,
        164,
        138,
        139,
        65,
        122,
        90,
        139,
        141,
        47,
        176,
        120,
        66,
        135,
        128,
        108,
        119,
        149,
        64,
        69,
        115,
        127,
        141,
        85,
        166,
        93,
        108,
        73,
        86,
        66,
        45,
        196,
        162,
        66,
        86,
        40,
        118,
        119,
        74,
        104,
        110,
        69,
        172,
        52,
        131,
        89,
        94,
        123,
        70,
        56,
        156,
        152,
        134,
        157,
        56,
        157,
        64,
        107,
        76,
        46,
        80,
        84,
        40,
        77,
        117,
        50,
        102],
    [   82,
        200,
        75,
        164,
        0,
        273,
        171,
        101,
        112,
        168,
        92,
        168,
        210,
        32,
        220,
        141,
        57,
        81,
        195,
        228,
        56,
        140,
        106,
        58,
        58,
        52,
        132,
        193,
        193,
        62,
        225,
        204,
        230,
        118,
        192,
        166,
        144,
        146,
        165,
        214,
        100,
        95,
        184,
        215,
        101,
        17,
        134,
        282,
        76,
        245,
        42,
        104,
        216,
        188,
        34,
        210,
        23,
        108,
        198,
        106,
        141,
        206,
        129,
        150,
        227,
        191,
        87,
        273,
        117,
        61],
    [   216,
        96,
        204,
        138,
        273,
        0,
        140,
        195,
        260,
        223,
        205,
        145,
        128,
        272,
        234,
        204,
        223,
        204,
        88,
        55,
        277,
        132,
        167,
        239,
        254,
        267,
        223,
        149,
        82,
        210,
        66,
        69,
        107,
        172,
        186,
        168,
        129,
        130,
        113,
        236,
        255,
        180,
        232,
        64,
        174,
        274,
        190,
        36,
        213,
        50,
        241,
        170,
        136,
        142,
        273,
        93,
        257,
        174,
        132,
        196,
        244,
        68,
        183,
        216,
        53,
        97,
        197,
        51,
        182,
        219],
    [   157,
        133,
        97,
        139,
        171,
        140,
        0,
        146,
        216,
        220,
        82,
        4,
        173,
        157,
        258,
        187,
        114,
        89,
        54,
        85,
        201,
        76,
        98,
        167,
        182,
        191,
        198,
        28,
        68,
        119,
        134,
        87,
        174,
        133,
        57,
        29,
        74,
        54,
        101,
        256,
        206,
        110,
        237,
        77,
        108,
        165,
        169,
        167,
        148,
        144,
        157,
        101,
        185,
        19,
        187,
        50,
        150,
        121,
        27,
        153,
        220,
        99,
        158,
        204,
        122,
        124,
        134,
        170,
        144,
        141],
    [   23,
        106,
        82,
        65,
        101,
        195,
        146,
        0,
        72,
        83,
        108,
        146,
        109,
        120,
        132,
        49,
        88,
        93,
        140,
        163,
        84,
        77,
        48,
        49,
        61,
        75,
        54,
        175,
        129,
        58,
        135,
        132,
        131,
        22,
        194,
        159,
        81,
        96,
        82,
        128,
        63,
        38,
        101,
        151,
        38,
        113,
        36,
        194,
        25,
        157,
        59,
        45,
        114,
        166,
        86,
        163,
        100,
        25,
        171,
        7,
        74,
        127,
        28,
        64,
        143,
        101,
        19,
        182,
        15,
        41],
    [   59,
        165,
        137,
        122,
        112,
        260,
        216,
        72,
        0,
        68,
        164,
        215,
        152,
        142,
        116,
        61,
        133,
        148,
        211,
        233,
        60,
        149,
        118,
        62,
        54,
        60,
        41,
        244,
        200,
        108,
        196,
        201,
        178,
        91,
        260,
        226,
        153,
        167,
        150,
        109,
        12,
        106,
        80,
        222,
        108,
        129,
        70,
        253,
        69,
        217,
        80,
        115,
        152,
        236,
        79,
        235,
        124,
        97,
        242,
        67,
        34,
        195,
        76,
        57,
        206,
        162,
        82,
        238,
        80,
        82],
    [   90,
        127,
        165,
        90,
        168,
        223,
        220,
        83,
        68,
        0,
        191,
        220,
        99,
        193,
        52,
        33,
        170,
        176,
        198,
        210,
        124,
        143,
        126,
        110,
        110,
        121,
        35,
        248,
        183,
        140,
        156,
        177,
        125,
        88,
        272,
        237,
        147,
        166,
        129,
        46,
        74,
        120,
        18,
        201,
        119,
        183,
        51,
        208,
        100,
        175,
        128,
        124,
        96,
        238,
        140,
        223,
        173,
        102,
        241,
        76,
        34,
        167,
        62,
        18,
        171,
        128,
        102,
        191,
        77,
        118],
    [   106,
        158,
        27,
        139,
        92,
        205,
        82,
        108,
        164,
        191,
        0,
        78,
        185,
        75,
        239,
        157,
        35,
        15,
        118,
        153,
        132,
        84,
        71,
        104,
        117,
        122,
        161,
        101,
        122,
        55,
        173,
        138,
        197,
        107,
        102,
        74,
        85,
        75,
        118,
        235,
        152,
        72,
        209,
        141,
        75,
        84,
        142,
        223,
        96,
        190,
        89,
        71,
        195,
        97,
        114,
        126,
        69,
        92,
        108,
        115,
        179,
        144,
        132,
        172,
        169,
        148,
        89,
        219,
        115,
        81],
    [   156,
        136,
        94,
        141,
        168,
        145,
        4,
        146,
        215,
        220,
        78,
        0,
        176,
        153,
        259,
        187,
        110,
        86,
        58,
        90,
        199,
        77,
        97,
        165,
        180,
        188,
        198,
        29,
        72,
        117,
        138,
        91,
        177,
        133,
        55,
        25,
        74,
        55,
        103,
        257,
        205,
        109,
        237,
        81,
        107,
        161,
        169,
        172,
        147,
        148,
        155,
        100,
        187,
        20,
        185,
        54,
        146,
        121,
        30,
        152,
        220,
        103,
        158,
        204,
        126,
        126,
        133,
        174,
        144,
        139],
    [   131,
        42,
        168,
        47,
        210,
        128,
        173,
        109,
        152,
        99,
        185,
        176,
        0,
        224,
        106,
        90,
        183,
        175,
        131,
        129,
        189,
        105,
        117,
        158,
        168,
        182,
        110,
        198,
        114,
        156,
        63,
        100,
        26,
        91,
        231,
        199,
        106,
        124,
        73,
        108,
        151,
        122,
        106,
        124,
        116,
        219,
        84,
        109,
        134,
        78,
        168,
        117,
        11,
        188,
        195,
        155,
        204,
        104,
        186,
        106,
        127,
        86,
        84,
        98,
        80,
        50,
        123,
        91,
        93,
        148],
    [   104,
        207,
        67,
        176,
        32,
        272,
        157,
        120,
        142,
        193,
        75,
        153,
        224,
        0,
        245,
        165,
        48,
        69,
        189,
        223,
        89,
        141,
        111,
        83,
        88,
        83,
        158,
        175,
        190,
        68,
        230,
        203,
        242,
        133,
        169,
        147,
        144,
        141,
        170,
        240,
        130,
        102,
        211,
        210,
        108,
        14,
        155,
        285,
        96,
        249,
        65,
        110,
        231,
        172,
        66,
        200,
        20,
        119,
        183,
        125,
        169,
        207,
        148,
        175,
        230,
        198,
        102,
        277,
        134,
        78],
    [   142,
        145,
        214,
        120,
        220,
        234,
        258,
        132,
        116,
        52,
        239,
        259,
        106,
        245,
        0,
        82,
        220,
        225,
        228,
        233,
        174,
        182,
        171,
        162,
        162,
        173,
        87,
        286,
        211,
        190,
        169,
        201,
        128,
        133,
        313,
        279,
        184,
        204,
        160,
        6,
        124,
        167,
        36,
        226,
        165,
        235,
        97,
        212,
        151,
        184,
        180,
        170,
        98,
        276,
        191,
        253,
        226,
        148,
        277,
        125,
        82,
        189,
        107,
        70,
        186,
        150,
        152,
        193,
        124,
        169],
    [   60,
        108,
        132,
        66,
        141,
        204,
        187,
        49,
        61,
        33,
        157,
        187,
        90,
        165,
        82,
        0,
        138,
        143,
        169,
        184,
        105,
        111,
        92,
        83,
        88,
        101,
        20,
        216,
        155,
        107,
        138,
        151,
        116,
        54,
        239,
        204,
        115,
        133,
        101,
        78,
        61,
        86,
        52,
        174,
        85,
        156,
        17,
        194,
        69,
        158,
        100,
        90,
        91,
        206,
        117,
        194,
        145,
        68,
        210,
        42,
        40,
        143,
        29,
        16,
        151,
        106,
        69,
        178,
        44,
        87],
    [   80,
        162,
        19,
        135,
        57,
        223,
        114,
        88,
        133,
        170,
        35,
        110,
        183,
        48,
        220,
        138,
        0,
        24,
        141,
        175,
        96,
        93,
        66,
        72,
        84,
        87,
        137,
        136,
        142,
        30,
        183,
        155,
        199,
        95,
        138,
        110,
        96,
        93,
        123,
        216,
        122,
        60,
        188,
        162,
        66,
        52,
        124,
        237,
        70,
        202,
        55,
        65,
        191,
        130,
        78,
        154,
        36,
        80,
        141,
        95,
        153,
        159,
        115,
        151,
        182,
        153,
        68,
        230,
        99,
        53],
    [   91,
        150,
        11,
        128,
        81,
        204,
        89,
        93,
        148,
        176,
        15,
        86,
        175,
        69,
        225,
        143,
        24,
        0,
        119,
        154,
        118,
        78,
        59,
        89,
        103,
        108,
        145,
        112,
        121,
        40,
        168,
        136,
        189,
        94,
        116,
        86,
        79,
        73,
        110,
        221,
        137,
        58,
        195,
        141,
        62,
        76,
        128,
        219,
        80,
        186,
        74,
        59,
        185,
        106,
        101,
        131,
        60,
        78,
        117,
        100,
        164,
        141,
        117,
        157,
        165,
        140,
        74,
        214,
        101,
        66],
    [   157,
        88,
        122,
        108,
        195,
        88,
        54,
        140,
        211,
        198,
        118,
        58,
        131,
        189,
        228,
        169,
        141,
        119,
        0,
        34,
        212,
        63,
        98,
        174,
        190,
        201,
        184,
        71,
        17,
        135,
        83,
        34,
        126,
        120,
        108,
        83,
        59,
        50,
        68,
        227,
        203,
        112,
        212,
        23,
        107,
        194,
        151,
        113,
        150,
        90,
        170,
        101,
        142,
        62,
        203,
        25,
        177,
        114,
        57,
        144,
        207,
        48,
        141,
        185,
        69,
        81,
        134,
        115,
        132,
        150],
    [   182,
        88,
        155,
        119,
        228,
        55,
        85,
        163,
        233,
        210,
        153,
        90,
        129,
        223,
        233,
        184,
        175,
        154,
        34,
        0,
        240,
        90,
        126,
        202,
        217,
        230,
        202,
        96,
        34,
        166,
        70,
        33,
        118,
        142,
        133,
        114,
        86,
        82,
        83,
        233,
        226,
        140,
        223,
        12,
        135,
        227,
        168,
        84,
        177,
        69,
        200,
        129,
        140,
        88,
        233,
        39,
        210,
        139,
        79,
        166,
        224,
        44,
        159,
        199,
        53,
        83,
        160,
        90,
        153,
        179],
    [   61,
        190,
        107,
        149,
        56,
        277,
        201,
        84,
        60,
        124,
        132,
        199,
        189,
        89,
        174,
        105,
        96,
        118,
        212,
        240,
        0,
        149,
        113,
        37,
        22,
        10,
        91,
        227,
        205,
        82,
        219,
        211,
        213,
        106,
        234,
        203,
        153,
        162,
        164,
        168,
        50,
        99,
        138,
        227,
        104,
        74,
        105,
        278,
        63,
        240,
        44,
        110,
        193,
        220,
        22,
        231,
        74,
        102,
        229,
        84,
        92,
        209,
        105,
        109,
        226,
        184,
        80,
        266,
        99,
        61],
    [   94,
        73,
        75,
        64,
        140,
        132,
        76,
        77,
        149,
        143,
        84,
        77,
        105,
        141,
        182,
        111,
        93,
        78,
        63,
        90,
        149,
        0,
        36,
        112,
        127,
        139,
        125,
        105,
        55,
        78,
        90,
        63,
        114,
        59,
        132,
        97,
        4,
        22,
        34,
        179,
        140,
        50,
        160,
        77,
        44,
        143,
        93,
        143,
        87,
        108,
        110,
        39,
        116,
        94,
        143,
        85,
        125,
        51,
        98,
        82,
        147,
        65,
        82,
        128,
        88,
        63,
        71,
        137,
        71,
        89],
    [   60,
        96,
        51,
        69,
        106,
        167,
        98,
        48,
        118,
        126,
        71,
        97,
        117,
        111,
        171,
        92,
        66,
        59,
        98,
        126,
        113,
        36,
        0,
        76,
        92,
        103,
        101,
        127,
        91,
        44,
        118,
        99,
        132,
        38,
        146,
        112,
        40,
        50,
        58,
        168,
        109,
        14,
        144,
        113,
        9,
        111,
        75,
        175,
        52,
        138,
        74,
        3,
        126,
        117,
        107,
        119,
        94,
        24,
        124,
        54,
        122,
        99,
        64,
        109,
        120,
        87,
        36,
        166,
        48,
        52],
    [   26,
        155,
        77,
        115,
        58,
        239,
        167,
        49,
        62,
        110,
        104,
        165,
        158,
        83,
        162,
        83,
        72,
        89,
        174,
        202,
        37,
        112,
        76,
        0,
        15,
        27,
        75,
        193,
        167,
        49,
        183,
        173,
        181,
        70,
        203,
        172,
        116,
        125,
        126,
        156,
        50,
        62,
        127,
        189,
        67,
        73,
        78,
        242,
        26,
        204,
        19,
        73,
        163,
        185,
        37,
        194,
        64,
        65,
        194,
        51,
        85,
        171,
        74,
        92,
        189,
        148,
        42,
        230,
        65,
        25],
    [   38,
        168,
        91,
        127,
        58,
        254,
        182,
        61,
        54,
        110,
        117,
        180,
        168,
        88,
        162,
        88,
        84,
        103,
        190,
        217,
        22,
        127,
        92,
        15,
        0,
        14,
        76,
        209,
        183,
        64,
        196,
        188,
        191,
        83,
        218,
        187,
        131,
        141,
        141,
        156,
        42,
        78,
        126,
        205,
        82,
        75,
        85,
        255,
        40,
        218,
        29,
        88,
        172,
        201,
        29,
        210,
        70,
        80,
        209,
        62,
        82,
        186,
        84,
        93,
        203,
        162,
        57,
        243,
        76,
        41],
    [   52,
        182,
        97,
        141,
        52,
        267,
        191,
        75,
        60,
        121,
        122,
        188,
        182,
        83,
        173,
        101,
        87,
        108,
        201,
        230,
        10,
        139,
        103,
        27,
        14,
        0,
        87,
        217,
        195,
        71,
        210,
        201,
        206,
        97,
        224,
        193,
        143,
        152,
        154,
        167,
        50,
        89,
        137,
        217,
        94,
        69,
        99,
        269,
        54,
        231,
        34,
        100,
        186,
        209,
        18,
        221,
        68,
        93,
        218,
        76,
        92,
        199,
        98,
        105,
        216,
        176,
        70,
        257,
        90,
        51],
    [   56,
        128,
        134,
        85,
        132,
        223,
        198,
        54,
        41,
        35,
        161,
        198,
        110,
        158,
        87,
        20,
        137,
        145,
        184,
        202,
        91,
        125,
        101,
        75,
        76,
        87,
        0,
        227,
        171,
        107,
        158,
        169,
        137,
        66,
        248,
        213,
        128,
        146,
        118,
        81,
        43,
        92,
        52,
        191,
        92,
        148,
        33,
        214,
        66,
        178,
        93,
        98,
        111,
        217,
        105,
        209,
        139,
        77,
        222,
        47,
        22,
        161,
        43,
        17,
        170,
        126,
        72,
        199,
        54,
        84],
    [   185,
        157,
        120,
        166,
        193,
        149,
        28,
        175,
        244,
        248,
        101,
        29,
        198,
        175,
        286,
        216,
        136,
        112,
        71,
        96,
        227,
        105,
        127,
        193,
        209,
        217,
        227,
        0,
        87,
        145,
        154,
        106,
        197,
        161,
        37,
        29,
        102,
        82,
        128,
        284,
        234,
        138,
        265,
        90,
        136,
        185,
        198,
        180,
        176,
        161,
        183,
        129,
        210,
        10,
        212,
        56,
        171,
        150,
        16,
        181,
        249,
        119,
        187,
        232,
        140,
        148,
        162,
        185,
        173,
        168],
    [   148,
        71,
        122,
        93,
        193,
        82,
        68,
        129,
        200,
        183,
        122,
        72,
        114,
        190,
        211,
        155,
        142,
        121,
        17,
        34,
        205,
        55,
        91,
        167,
        183,
        195,
        171,
        87,
        0,
        132,
        67,
        19,
        109,
        109,
        124,
        97,
        51,
        48,
        53,
        211,
        193,
        105,
        197,
        22,
        100,
        194,
        138,
        102,
        142,
        76,
        165,
        94,
        125,
        78,
        198,
        41,
        176,
        105,
        73,
        133,
        194,
        31,
        128,
        171,
        54,
        63,
        126,
        102,
        120,
        144],
    [   51,
        140,
        28,
        108,
        62,
        210,
        119,
        58,
        108,
        140,
        55,
        117,
        156,
        68,
        190,
        107,
        30,
        40,
        135,
        166,
        82,
        78,
        44,
        49,
        64,
        71,
        107,
        145,
        132,
        0,
        163,
        141,
        174,
        66,
        154,
        122,
        81,
        85,
        103,
        186,
        96,
        34,
        158,
        153,
        40,
        66,
        94,
        220,
        41,
        183,
        38,
        42,
        164,
        137,
        69,
        152,
        49,
        52,
        146,
        65,
        125,
        143,
        85,
        121,
        165,
        131,
        38,
        211,
        69,
        26],
    [   158,
        30,
        165,
        73,
        225,
        66,
        134,
        135,
        196,
        156,
        173,
        138,
        63,
        230,
        169,
        138,
        183,
        168,
        83,
        70,
        219,
        90,
        118,
        183,
        196,
        210,
        158,
        154,
        67,
        163,
        0,
        48,
        47,
        113,
        191,
        163,
        88,
        99,
        59,
        171,
        192,
        130,
        166,
        68,
        123,
        230,
        125,
        58,
        157,
        21,
        188,
        121,
        72,
        144,
        219,
        103,
        213,
        118,
        140,
        136,
        178,
        35,
        120,
        150,
        18,
        34,
        141,
        48,
        121,
        166],
    [   152,
        57,
        135,
        86,
        204,
        69,
        87,
        132,
        201,
        177,
        138,
        91,
        100,
        203,
        201,
        151,
        155,
        136,
        34,
        33,
        211,
        63,
        99,
        173,
        188,
        201,
        169,
        106,
        19,
        141,
        48,
        0,
        93,
        110,
        142,
        116,
        60,
        62,
        50,
        201,
        194,
        112,
        190,
        24,
        107,
        205,
        135,
        85,
        147,
        57,
        173,
        102,
        111,
        96,
        206,
        56,
        188,
        108,
        91,
        135,
        191,
        13,
        126,
        166,
        35,
        51,
        131,
        84,
        121,
        151],
    [   154,
        41,
        183,
        66,
        230,
        107,
        174,
        131,
        178,
        125,
        197,
        177,
        26,
        242,
        128,
        116,
        199,
        189,
        126,
        118,
        213,
        114,
        132,
        181,
        191,
        206,
        137,
        197,
        109,
        174,
        47,
        93,
        0,
        112,
        232,
        201,
        114,
        130,
        80,
        130,
        177,
        139,
        131,
        115,
        133,
        239,
        109,
        84,
        156,
        57,
        190,
        133,
        30,
        186,
        218,
        149,
        223,
        123,
        183,
        129,
        153,
        79,
        108,
        124,
        65,
        51,
        143,
        66,
        115,
        169],
    [   45,
        84,
        84,
        45,
        118,
        172,
        133,
        22,
        91,
        88,
        107,
        133,
        91,
        133,
        133,
        54,
        95,
        94,
        120,
        142,
        106,
        59,
        38,
        70,
        83,
        97,
        66,
        161,
        109,
        66,
        113,
        110,
        112,
        0,
        184,
        149,
        63,
        80,
        60,
        129,
        84,
        35,
        106,
        130,
        32,
        128,
        37,
        172,
        44,
        134,
        78,
        37,
        98,
        152,
        107,
        144,
        113,
        15,
        156,
        24,
        88,
        105,
        26,
        71,
        120,
        78,
        31,
        160,
        11,
        57],
    [   200,
        191,
        126,
        196,
        192,
        186,
        57,
        194,
        260,
        272,
        102,
        55,
        231,
        169,
        313,
        239,
        138,
        116,
        108,
        133,
        234,
        132,
        146,
        203,
        218,
        224,
        248,
        37,
        124,
        154,
        191,
        142,
        232,
        184,
        0,
        34,
        129,
        109,
        159,
        311,
        249,
        155,
        290,
        128,
        155,
        181,
        221,
        218,
        190,
        198,
        190,
        149,
        243,
        46,
        216,
        94,
        169,
        170,
        54,
        201,
        269,
        156,
        210,
        255,
        177,
        182,
        178,
        222,
        195,
        179],
    [   167,
        160,
        96,
        162,
        166,
        168,
        29,
        159,
        226,
        237,
        74,
        25,
        199,
        147,
        279,
        204,
        110,
        86,
        83,
        114,
        203,
        97,
        112,
        172,
        187,
        193,
        213,
        29,
        97,
        122,
        163,
        116,
        201,
        149,
        34,
        0,
        95,
        76,
        126,
        276,
        216,
        121,
        255,
        106,
        121,
        157,
        186,
        196,
        157,
        173,
        159,
        114,
        210,
        29,
        187,
        76,
        144,
        136,
        41,
        166,
        234,
        128,
        175,
        220,
        151,
        151,
        144,
        199,
        160,
        147],
    [   98,
        73,
        77,
        66,
        144,
        129,
        74,
        81,
        153,
        147,
        85,
        74,
        106,
        144,
        184,
        115,
        96,
        79,
        59,
        86,
        153,
        4,
        40,
        116,
        131,
        143,
        128,
        102,
        51,
        81,
        88,
        60,
        114,
        63,
        129,
        95,
        0,
        19,
        33,
        182,
        144,
        54,
        163,
        73,
        49,
        146,
        97,
        140,
        91,
        106,
        114,
        43,
        117,
        91,
        146,
        81,
        129,
        55,
        94,
        86,
        151,
        62,
        86,
        131,
        85,
        63,
        75,
        134,
        75,
        93],
    [   110,
        88,
        74,
        86,
        146,
        130,
        54,
        96,
        167,
        166,
        75,
        55,
        124,
        141,
        204,
        133,
        93,
        73,
        50,
        82,
        162,
        22,
        50,
        125,
        141,
        152,
        146,
        82,
        48,
        85,
        99,
        62,
        130,
        80,
        109,
        76,
        19,
        0,
        51,
        202,
        158,
        63,
        182,
        69,
        60,
        145,
        115,
        147,
        103,
        115,
        120,
        53,
        135,
        72,
        153,
        69,
        128,
        70,
        76,
        101,
        168,
        69,
        104,
        150,
        93,
        78,
        87,
        143,
        92,
        100],
    [   103,
        39,
        106,
        40,
        165,
        113,
        101,
        82,
        150,
        129,
        118,
        103,
        73,
        170,
        160,
        101,
        123,
        110,
        68,
        83,
        164,
        34,
        58,
        126,
        141,
        154,
        118,
        128,
        53,
        103,
        59,
        50,
        80,
        60,
        159,
        126,
        33,
        51,
        0,
        159,
        144,
        70,
        144,
        72,
        64,
        170,
        85,
        116,
        100,
        80,
        129,
        61,
        84,
        117,
        161,
        94,
        153,
        61,
        117,
        84,
        141,
        45,
        75,
        117,
        62,
        29,
        84,
        107,
        70,
        107],
    [   137,
        146,
        210,
        118,
        214,
        236,
        256,
        128,
        109,
        46,
        235,
        257,
        108,
        240,
        6,
        78,
        216,
        221,
        227,
        233,
        168,
        179,
        168,
        156,
        156,
        167,
        81,
        284,
        211,
        186,
        171,
        201,
        130,
        129,
        311,
        276,
        182,
        202,
        159,
        0,
        118,
        163,
        29,
        226,
        161,
        230,
        93,
        215,
        146,
        186,
        175,
        166,
        100,
        274,
        185,
        252,
        220,
        144,
        276,
        121,
        76,
        189,
        104,
        65,
        187,
        150,
        148,
        196,
        120,
        164],
    [   49,
        162,
        125,
        119,
        100,
        255,
        206,
        63,
        12,
        74,
        152,
        205,
        151,
        130,
        124,
        61,
        122,
        137,
        203,
        226,
        50,
        140,
        109,
        50,
        42,
        50,
        43,
        234,
        193,
        96,
        192,
        194,
        177,
        84,
        249,
        216,
        144,
        158,
        144,
        118,
        0,
        96,
        88,
        215,
        99,
        118,
        67,
        250,
        58,
        213,
        68,
        106,
        153,
        226,
        69,
        226,
        112,
        89,
        232,
        60,
        42,
        189,
        72,
        61,
        202,
        158,
        72,
        236,
        73,
        70],
    [   47,
        105,
        48,
        74,
        95,
        180,
        110,
        38,
        106,
        120,
        72,
        109,
        122,
        102,
        167,
        86,
        60,
        58,
        112,
        140,
        99,
        50,
        14,
        62,
        78,
        89,
        92,
        138,
        105,
        34,
        130,
        112,
        139,
        35,
        155,
        121,
        54,
        63,
        70,
        163,
        96,
        0,
        138,
        127,
        6,
        100,
        70,
        187,
        39,
        150,
        60,
        10,
        130,
        129,
        93,
        132,
        84,
        20,
        136,
        45,
        113,
        112,
        59,
        102,
        132,
        97,
        23,
        178,
        43,
        39],
    [   108,
        138,
        184,
        104,
        184,
        232,
        237,
        101,
        80,
        18,
        209,
        237,
        106,
        211,
        36,
        52,
        188,
        195,
        212,
        223,
        138,
        160,
        144,
        127,
        126,
        137,
        52,
        265,
        197,
        158,
        166,
        190,
        131,
        106,
        290,
        255,
        163,
        182,
        144,
        29,
        88,
        138,
        0,
        214,
        137,
        200,
        69,
        215,
        118,
        183,
        145,
        142,
        101,
        255,
        155,
        238,
        191,
        120,
        258,
        94,
        46,
        179,
        80,
        37,
        181,
        140,
        121,
        198,
        96,
        136],
    [   170,
        81,
        143,
        110,
        215,
        64,
        77,
        151,
        222,
        201,
        141,
        81,
        124,
        210,
        226,
        174,
        162,
        141,
        23,
        12,
        227,
        77,
        113,
        189,
        205,
        217,
        191,
        90,
        22,
        153,
        68,
        24,
        115,
        130,
        128,
        106,
        73,
        69,
        72,
        226,
        215,
        127,
        214,
        0,
        122,
        215,
        157,
        90,
        165,
        71,
        187,
        116,
        135,
        81,
        220,
        35,
        198,
        127,
        74,
        155,
        214,
        37,
        148,
        189,
        52,
        76,
        148,
        94,
        141,
        166],
    [   50,
        99,
        53,
        69,
        101,
        174,
        108,
        38,
        108,
        119,
        75,
        107,
        116,
        108,
        165,
        85,
        66,
        62,
        107,
        135,
        104,
        44,
        9,
        67,
        82,
        94,
        92,
        136,
        100,
        40,
        123,
        107,
        133,
        32,
        155,
        121,
        49,
        60,
        64,
        161,
        99,
        6,
        137,
        122,
        0,
        106,
        68,
        181,
        43,
        144,
        66,
        6,
        125,
        127,
        99,
        128,
        90,
        17,
        133,
        45,
        113,
        106,
        57,
        101,
        126,
        90,
        27,
        171,
        41,
        44],
    [   95,
        206,
        72,
        172,
        17,
        274,
        165,
        113,
        129,
        183,
        84,
        161,
        219,
        14,
        235,
        156,
        52,
        76,
        194,
        227,
        74,
        143,
        111,
        73,
        75,
        69,
        148,
        185,
        194,
        66,
        230,
        205,
        239,
        128,
        181,
        157,
        146,
        145,
        170,
        230,
        118,
        100,
        200,
        215,
        106,
        0,
        147,
        286,
        88,
        250,
        55,
        109,
        226,
        181,
        52,
        207,
        17,
        116,
        192,
        118,
        157,
        208,
        141,
        165,
        230,
        197,
        96,
        277,
        128,
        71],
    [   52,
        95,
        117,
        52,
        134,
        190,
        169,
        36,
        70,
        51,
        142,
        169,
        84,
        155,
        97,
        17,
        124,
        128,
        151,
        168,
        105,
        93,
        75,
        78,
        85,
        99,
        33,
        198,
        138,
        94,
        125,
        135,
        109,
        37,
        221,
        186,
        97,
        115,
        85,
        93,
        67,
        70,
        69,
        157,
        68,
        147,
        0,
        183,
        59,
        146,
        92,
        73,
        87,
        188,
        114,
        176,
        135,
        51,
        192,
        30,
        56,
        127,
        11,
        34,
        137,
        93,
        56,
        168,
        27,
        76],
    [   217,
        88,
        218,
        131,
        282,
        36,
        167,
        194,
        253,
        208,
        223,
        172,
        109,
        285,
        212,
        194,
        237,
        219,
        113,
        84,
        278,
        143,
        175,
        242,
        255,
        269,
        214,
        180,
        102,
        220,
        58,
        85,
        84,
        172,
        218,
        196,
        140,
        147,
        116,
        215,
        250,
        187,
        215,
        90,
        181,
        286,
        183,
        0,
        215,
        37,
        246,
        177,
        115,
        172,
        277,
        123,
        269,
        177,
        163,
        195,
        233,
        78,
        178,
        205,
        55,
        93,
        200,
        18,
        180,
        224],
    [   10,
        129,
        69,
        89,
        76,
        213,
        148,
        25,
        69,
        100,
        96,
        147,
        134,
        96,
        151,
        69,
        70,
        80,
        150,
        177,
        63,
        87,
        52,
        26,
        40,
        54,
        66,
        176,
        142,
        41,
        157,
        147,
        156,
        44,
        190,
        157,
        91,
        103,
        100,
        146,
        58,
        39,
        118,
        165,
        43,
        88,
        59,
        215,
        0,
        178,
        34,
        49,
        139,
        167,
        62,
        171,
        76,
        39,
        174,
        29,
        83,
        145,
        53,
        81,
        162,
        122,
        16,
        204,
        40,
        18],
    [   179,
        51,
        183,
        94,
        245,
        50,
        144,
        157,
        217,
        175,
        190,
        148,
        78,
        249,
        184,
        158,
        202,
        186,
        90,
        69,
        240,
        108,
        138,
        204,
        218,
        231,
        178,
        161,
        76,
        183,
        21,
        57,
        57,
        134,
        198,
        173,
        106,
        115,
        80,
        186,
        213,
        150,
        183,
        71,
        144,
        250,
        146,
        37,
        178,
        0,
        209,
        141,
        86,
        152,
        240,
        107,
        233,
        139,
        145,
        157,
        198,
        46,
        141,
        170,
        22,
        56,
        163,
        28,
        142,
        187],
    [   40,
        161,
        63,
        123,
        42,
        241,
        157,
        59,
        80,
        128,
        89,
        155,
        168,
        65,
        180,
        100,
        55,
        74,
        170,
        200,
        44,
        110,
        74,
        19,
        29,
        34,
        93,
        183,
        165,
        38,
        188,
        173,
        190,
        78,
        190,
        159,
        114,
        120,
        129,
        175,
        68,
        60,
        145,
        187,
        66,
        55,
        92,
        246,
        34,
        209,
        0,
        71,
        174,
        175,
        32,
        189,
        46,
        69,
        184,
        64,
        104,
        172,
        87,
        109,
        192,
        154,
        46,
        236,
        75,
        22],
    [   57,
        97,
        51,
        70,
        104,
        170,
        101,
        45,
        115,
        124,
        71,
        100,
        117,
        110,
        170,
        90,
        65,
        59,
        101,
        129,
        110,
        39,
        3,
        73,
        88,
        100,
        98,
        129,
        94,
        42,
        121,
        102,
        133,
        37,
        149,
        114,
        43,
        53,
        61,
        166,
        106,
        10,
        142,
        116,
        6,
        109,
        73,
        177,
        49,
        141,
        71,
        0,
        126,
        120,
        104,
        122,
        92,
        22,
        126,
        52,
        120,
        102,
        62,
        106,
        122,
        88,
        33,
        169,
        46,
        49],
    [   136,
        54,
        177,
        56,
        216,
        136,
        185,
        114,
        152,
        96,
        195,
        187,
        11,
        231,
        98,
        91,
        191,
        185,
        142,
        140,
        193,
        116,
        126,
        163,
        172,
        186,
        111,
        210,
        125,
        164,
        72,
        111,
        30,
        98,
        243,
        210,
        117,
        135,
        84,
        100,
        153,
        130,
        101,
        135,
        125,
        226,
        87,
        115,
        139,
        86,
        174,
        126,
        0,
        199,
        200,
        167,
        212,
        111,
        198,
        111,
        126,
        98,
        88,
        97,
        90,
        62,
        130,
        97,
        99,
        155],
    [   176,
        147,
        114,
        156,
        188,
        142,
        19,
        166,
        236,
        238,
        97,
        20,
        188,
        172,
        276,
        206,
        130,
        106,
        62,
        88,
        220,
        94,
        117,
        185,
        201,
        209,
        217,
        10,
        78,
        137,
        144,
        96,
        186,
        152,
        46,
        29,
        91,
        72,
        117,
        274,
        226,
        129,
        255,
        81,
        127,
        181,
        188,
        172,
        167,
        152,
        175,
        120,
        199,
        0,
        205,
        49,
        166,
        140,
        12,
        172,
        239,
        109,
        177,
        222,
        131,
        138,
        153,
        176,
        163,
        160],
    [   63,
        191,
        91,
        152,
        34,
        273,
        187,
        86,
        79,
        140,
        114,
        185,
        195,
        66,
        191,
        117,
        78,
        101,
        203,
        233,
        22,
        143,
        107,
        37,
        29,
        18,
        105,
        212,
        198,
        69,
        219,
        206,
        218,
        107,
        216,
        187,
        146,
        153,
        161,
        185,
        69,
        93,
        155,
        220,
        99,
        52,
        114,
        277,
        62,
        240,
        32,
        104,
        200,
        205,
        0,
        221,
        53,
        100,
        215,
        88,
        110,
        205,
        111,
        123,
        224,
        185,
        77,
        266,
        102,
        54],
    [   179,
        112,
        135,
        134,
        210,
        93,
        50,
        163,
        235,
        223,
        126,
        54,
        155,
        200,
        253,
        194,
        154,
        131,
        25,
        39,
        231,
        85,
        119,
        194,
        210,
        221,
        209,
        56,
        41,
        152,
        103,
        56,
        149,
        144,
        94,
        76,
        81,
        69,
        94,
        252,
        226,
        132,
        238,
        35,
        128,
        207,
        176,
        123,
        171,
        107,
        189,
        122,
        167,
        49,
        221,
        0,
        190,
        137,
        40,
        167,
        231,
        70,
        166,
        210,
        87,
        105,
        155,
        129,
        156,
        169],
    [   84,
        190,
        55,
        157,
        23,
        257,
        150,
        100,
        124,
        173,
        69,
        146,
        204,
        20,
        226,
        145,
        36,
        60,
        177,
        210,
        74,
        125,
        94,
        64,
        70,
        68,
        139,
        171,
        176,
        49,
        213,
        188,
        223,
        113,
        169,
        144,
        129,
        128,
        153,
        220,
        112,
        84,
        191,
        198,
        90,
        17,
        135,
        269,
        76,
        233,
        46,
        92,
        212,
        166,
        53,
        190,
        0,
        100,
        177,
        105,
        150,
        191,
        128,
        155,
        213,
        181,
        82,
        261,
        114,
        58],
    [   43,
        92,
        69,
        56,
        108,
        174,
        121,
        25,
        97,
        102,
        92,
        121,
        104,
        119,
        148,
        68,
        80,
        78,
        114,
        139,
        102,
        51,
        24,
        65,
        80,
        93,
        77,
        150,
        105,
        52,
        118,
        108,
        123,
        15,
        170,
        136,
        55,
        70,
        61,
        144,
        89,
        20,
        120,
        127,
        17,
        116,
        51,
        177,
        39,
        139,
        69,
        22,
        111,
        140,
        100,
        137,
        100,
        0,
        146,
        31,
        99,
        106,
        40,
        84,
        123,
        84,
        23,
        166,
        24,
        47],
    [   183,
        144,
        124,
        157,
        198,
        132,
        27,
        171,
        242,
        241,
        108,
        30,
        186,
        183,
        277,
        210,
        141,
        117,
        57,
        79,
        229,
        98,
        124,
        194,
        209,
        218,
        222,
        16,
        73,
        146,
        140,
        91,
        183,
        156,
        54,
        41,
        94,
        76,
        117,
        276,
        232,
        136,
        258,
        74,
        133,
        192,
        192,
        163,
        174,
        145,
        184,
        126,
        198,
        12,
        215,
        40,
        177,
        146,
        0,
        177,
        244,
        105,
        181,
        226,
        125,
        136,
        160,
        169,
        168,
        168],
    [   25,
        106,
        89,
        64,
        106,
        196,
        153,
        7,
        67,
        76,
        115,
        152,
        106,
        125,
        125,
        42,
        95,
        100,
        144,
        166,
        84,
        82,
        54,
        51,
        62,
        76,
        47,
        181,
        133,
        65,
        136,
        135,
        129,
        24,
        201,
        166,
        86,
        101,
        84,
        121,
        60,
        45,
        94,
        155,
        45,
        118,
        30,
        195,
        29,
        157,
        64,
        52,
        111,
        172,
        88,
        167,
        105,
        31,
        177,
        0,
        68,
        130,
        23,
        57,
        144,
        101,
        26,
        182,
        14,
        46],
    [   73,
        148,
        152,
        107,
        141,
        244,
        220,
        74,
        34,
        34,
        179,
        220,
        127,
        169,
        82,
        40,
        153,
        164,
        207,
        224,
        92,
        147,
        122,
        85,
        82,
        92,
        22,
        249,
        194,
        125,
        178,
        191,
        153,
        88,
        269,
        234,
        151,
        168,
        141,
        76,
        42,
        113,
        46,
        214,
        113,
        157,
        56,
        233,
        83,
        198,
        104,
        120,
        126,
        239,
        110,
        231,
        150,
        99,
        244,
        68,
        0,
        183,
        65,
        28,
        191,
        147,
        91,
        217,
        76,
        100],
    [   149,
        44,
        140,
        76,
        206,
        68,
        99,
        127,
        195,
        167,
        144,
        103,
        86,
        207,
        189,
        143,
        159,
        141,
        48,
        44,
        209,
        65,
        99,
        171,
        186,
        199,
        161,
        119,
        31,
        143,
        35,
        13,
        79,
        105,
        156,
        128,
        62,
        69,
        45,
        189,
        189,
        112,
        179,
        37,
        106,
        208,
        127,
        78,
        145,
        46,
        172,
        102,
        98,
        109,
        205,
        70,
        191,
        106,
        105,
        130,
        183,
        0,
        119,
        157,
        24,
        39,
        129,
        74,
        115,
        150],
    [   48,
        90,
        107,
        46,
        129,
        183,
        158,
        28,
        76,
        62,
        132,
        158,
        84,
        148,
        107,
        29,
        115,
        117,
        141,
        159,
        105,
        82,
        64,
        74,
        84,
        98,
        43,
        187,
        128,
        85,
        120,
        126,
        108,
        26,
        210,
        175,
        86,
        104,
        75,
        104,
        72,
        59,
        80,
        148,
        57,
        141,
        11,
        178,
        53,
        141,
        87,
        62,
        88,
        177,
        111,
        166,
        128,
        40,
        181,
        23,
        65,
        119,
        0,
        45,
        130,
        86,
        47,
        164,
        16,
        70],
    [   71,
        120,
        146,
        80,
        150,
        216,
        204,
        64,
        57,
        18,
        172,
        204,
        98,
        175,
        70,
        16,
        151,
        157,
        185,
        199,
        109,
        128,
        109,
        92,
        93,
        105,
        17,
        232,
        171,
        121,
        150,
        166,
        124,
        71,
        255,
        220,
        131,
        150,
        117,
        65,
        61,
        102,
        37,
        189,
        101,
        165,
        34,
        205,
        81,
        170,
        109,
        106,
        97,
        222,
        123,
        210,
        155,
        84,
        226,
        57,
        28,
        157,
        45,
        0,
        164,
        120,
        83,
        189,
        60,
        99],
    [   165,
        43,
        163,
        84,
        227,
        53,
        122,
        143,
        206,
        171,
        169,
        126,
        80,
        230,
        186,
        151,
        182,
        165,
        69,
        53,
        226,
        88,
        120,
        189,
        203,
        216,
        170,
        140,
        54,
        165,
        18,
        35,
        65,
        120,
        177,
        151,
        85,
        93,
        62,
        187,
        202,
        132,
        181,
        52,
        126,
        230,
        137,
        55,
        162,
        22,
        192,
        122,
        90,
        131,
        224,
        87,
        213,
        123,
        125,
        144,
        191,
        24,
        130,
        164,
        0,
        44,
        147,
        49,
        129,
        170],
    [   123,
        10,
        135,
        40,
        191,
        97,
        124,
        101,
        162,
        128,
        148,
        126,
        50,
        198,
        150,
        106,
        153,
        140,
        81,
        83,
        184,
        63,
        87,
        148,
        162,
        176,
        126,
        148,
        63,
        131,
        34,
        51,
        51,
        78,
        182,
        151,
        63,
        78,
        29,
        150,
        158,
        97,
        140,
        76,
        90,
        197,
        93,
        93,
        122,
        56,
        154,
        88,
        62,
        138,
        185,
        105,
        181,
        84,
        136,
        101,
        147,
        39,
        86,
        120,
        44,
        0,
        107,
        81,
        86,
        132],
    [   23,
        114,
        62,
        77,
        87,
        197,
        134,
        19,
        82,
        102,
        89,
        133,
        123,
        102,
        152,
        69,
        68,
        74,
        134,
        160,
        80,
        71,
        36,
        42,
        57,
        70,
        72,
        162,
        126,
        38,
        141,
        131,
        143,
        31,
        178,
        144,
        75,
        87,
        84,
        148,
        72,
        23,
        121,
        148,
        27,
        96,
        56,
        200,
        16,
        163,
        46,
        33,
        130,
        153,
        77,
        155,
        82,
        23,
        160,
        26,
        91,
        129,
        47,
        83,
        147,
        107,
        0,
        189,
        32,
        25],
    [   205,
        75,
        212,
        117,
        273,
        51,
        170,
        182,
        238,
        191,
        219,
        174,
        91,
        277,
        193,
        178,
        230,
        214,
        115,
        90,
        266,
        137,
        166,
        230,
        243,
        257,
        199,
        185,
        102,
        211,
        48,
        84,
        66,
        160,
        222,
        199,
        134,
        143,
        107,
        196,
        236,
        178,
        198,
        94,
        171,
        277,
        168,
        18,
        204,
        28,
        236,
        169,
        97,
        176,
        266,
        129,
        261,
        166,
        169,
        182,
        217,
        74,
        164,
        189,
        49,
        81,
        189,
        0,
        167,
        214],
    [   38,
        92,
        90,
        50,
        117,
        182,
        144,
        15,
        80,
        77,
        115,
        144,
        93,
        134,
        124,
        44,
        99,
        101,
        132,
        153,
        99,
        71,
        48,
        65,
        76,
        90,
        54,
        173,
        120,
        69,
        121,
        121,
        115,
        11,
        195,
        160,
        75,
        92,
        70,
        120,
        73,
        43,
        96,
        141,
        41,
        128,
        27,
        180,
        40,
        142,
        75,
        46,
        99,
        163,
        102,
        156,
        114,
        24,
        168,
        14,
        76,
        115,
        16,
        60,
        129,
        86,
        32,
        167,
        0,
        56],
    [   27,
        139,
        54,
        102,
        61,
        219,
        141,
        41,
        82,
        118,
        81,
        139,
        148,
        78,
        169,
        87,
        53,
        66,
        150,
        179,
        61,
        89,
        52,
        25,
        41,
        51,
        84,
        168,
        144,
        26,
        166,
        151,
        169,
        57,
        179,
        147,
        93,
        100,
        107,
        164,
        70,
        39,
        136,
        166,
        44,
        71,
        76,
        224,
        18,
        187,
        22,
        49,
        155,
        160,
        54,
        169,
        58,
        47,
        168,
        46,
        100,
        150,
        70,
        99,
        170,
        132,
        25,
        214,
        56,
        0]]
;
task=[   150,
    281,
    506,
    505,
    259,
    141,
    171,
    281,
    25,
    369,
    278,
    49,
    404,
    314,
    73,
    423,
    269,
    67,
    312,
    33,
    6,
    323,
    164,
    13,
    237,
    90,
    119,
    125,
    456,
    192,
    115,
    401,
    37,
    546,
    56,
    333,
    0,
    133,
    199,
    147,
    17,
    468,
    16,
    556,
    259,
    38,
    524,
    357,
    303,
    406,
    86,
    259,
    252,
    296,
    166,
    503,
    150,
    70,
    62,
    259,
    297,
    308,
    139,
    274,
    508,
    420,
    397,
    314,
    458,
    217]
;
minW=[   18,
    47,
    68,
    25,
    15,
    122,
    72,
    75,
    59,
    36,
    80,
    1,
    103,
    0,
    104,
    34,
    63,
    75,
    4,
    28,
    4,
    2,
    10,
    79,
    22,
    118,
    13,
    34,
    48,
    68,
    0,
    0,
    98,
    21,
    22,
    64,
    0,
    2,
    8,
    16,
    21,
    2,
    46,
    31,
    1,
    60,
    7,
    135,
    27,
    22,
    15,
    23,
    12,
    63,
    102,
    56,
    0,
    47,
    63,
    49,
    25,
    5,
    57,
    68,
    27,
    50,
    11,
    53,
    7,
    26]
;
maxW=[   194,
    312,
    421,
    174,
    298,
    216,
    290,
    144,
    311,
    452,
    275,
    295,
    266,
    393,
    332,
    214,
    274,
    298,
    262,
    204,
    291,
    92,
    245,
    435,
    404,
    156,
    277,
    230,
    75,
    348,
    174,
    339,
    301,
    125,
    181,
    344,
    720,
    132,
    155,
    456,
    458,
    400,
    491,
    129,
    275,
    308,
    290,
    304,
    168,
    119,
    273,
    177,
    321,
    264,
    342,
    396,
    356,
    276,
    361,
    133,
    421,
    200,
    322,
    453,
    233,
    209,
    75,
    409,
    331,
    241]
;