// Generated by InstanceGenerator.py v0.1
// Juan Francisco Martinez Vera
// AMMM - MIRI, FIB UPC
//
// RAND_SEED=1484783432

bigM=100000;

nLocations=70;
startLocation=35;
distances=[   [   0,
        66,
        146,
        94,
        99,
        152,
        100,
        164,
        182,
        71,
        127,
        27,
        188,
        175,
        95,
        86,
        15,
        125,
        139,
        56,
        192,
        110,
        131,
        113,
        52,
        98,
        130,
        124,
        98,
        180,
        178,
        59,
        178,
        190,
        119,
        75,
        108,
        174,
        39,
        163,
        121,
        77,
        104,
        126,
        94,
        53,
        116,
        129,
        103,
        123,
        126,
        132,
        52,
        113,
        154,
        68,
        83,
        165,
        98,
        58,
        157,
        48,
        181,
        149,
        113,
        65,
        94,
        71,
        49,
        165],
    [   66,
        0,
        188,
        136,
        153,
        183,
        165,
        230,
        240,
        127,
        128,
        86,
        196,
        188,
        74,
        133,
        51,
        167,
        141,
        117,
        256,
        151,
        188,
        47,
        26,
        39,
        195,
        99,
        99,
        238,
        243,
        66,
        220,
        203,
        91,
        137,
        67,
        218,
        92,
        171,
        60,
        22,
        171,
        130,
        160,
        114,
        142,
        170,
        141,
        61,
        192,
        199,
        111,
        111,
        211,
        58,
        70,
        167,
        57,
        56,
        223,
        111,
        247,
        215,
        179,
        120,
        136,
        120,
        48,
        227],
    [   146,
        188,
        0,
        52,
        198,
        273,
        107,
        177,
        239,
        80,
        271,
        158,
        326,
        310,
        240,
        59,
        150,
        21,
        281,
        161,
        215,
        36,
        212,
        225,
        191,
        228,
        105,
        270,
        243,
        240,
        200,
        205,
        279,
        325,
        264,
        166,
        249,
        273,
        107,
        302,
        248,
        181,
        131,
        269,
        136,
        159,
        249,
        18,
        47,
        249,
        111,
        150,
        97,
        258,
        227,
        137,
        229,
        307,
        238,
        204,
        167,
        106,
        191,
        161,
        127,
        84,
        52,
        74,
        195,
        210],
    [   94,
        136,
        52,
        0,
        160,
        231,
        86,
        166,
        217,
        38,
        221,
        109,
        279,
        264,
        188,
        12,
        97,
        31,
        232,
        118,
        203,
        16,
        180,
        175,
        138,
        176,
        99,
        218,
        193,
        217,
        187,
        154,
        244,
        279,
        212,
        127,
        196,
        239,
        55,
        254,
        197,
        131,
        108,
        220,
        108,
        116,
        203,
        34,
        10,
        197,
        102,
        134,
        50,
        208,
        199,
        88,
        177,
        258,
        186,
        152,
        156,
        61,
        182,
        149,
        108,
        39,
        1,
        25,
        143,
        190],
    [   99,
        153,
        198,
        160,
        0,
        78,
        97,
        102,
        87,
        121,
        114,
        72,
        143,
        124,
        130,
        147,
        114,
        180,
        117,
        45,
        114,
        172,
        34,
        197,
        129,
        169,
        119,
        147,
        103,
        84,
        104,
        97,
        84,
        136,
        149,
        32,
        156,
        79,
        116,
        123,
        189,
        171,
        78,
        109,
        67,
        48,
        70,
        186,
        170,
        193,
        112,
        86,
        111,
        113,
        57,
        167,
        118,
        135,
        151,
        108,
        100,
        99,
        114,
        95,
        88,
        121,
        159,
        136,
        110,
        80],
    [   152,
        183,
        273,
        231,
        78,
        0,
        175,
        166,
        116,
        194,
        80,
        127,
        71,
        53,
        127,
        219,
        162,
        255,
        73,
        113,
        163,
        245,
        83,
        216,
        156,
        181,
        197,
        129,
        93,
        112,
        160,
        116,
        47,
        61,
        135,
        108,
        154,
        51,
        181,
        60,
        196,
        205,
        156,
        74,
        146,
        115,
        41,
        261,
        241,
        200,
        189,
        159,
        181,
        91,
        92,
        217,
        121,
        77,
        154,
        127,
        168,
        170,
        174,
        165,
        166,
        192,
        230,
        206,
        135,
        130],
    [   100,
        165,
        107,
        86,
        97,
        175,
        0,
        81,
        133,
        53,
        195,
        91,
        237,
        219,
        185,
        74,
        114,
        94,
        202,
        75,
        117,
        92,
        106,
        212,
        152,
        198,
        30,
        211,
        173,
        133,
        101,
        144,
        174,
        232,
        209,
        69,
        204,
        168,
        79,
        215,
        221,
        172,
        24,
        191,
        30,
        75,
        160,
        101,
        95,
        224,
        26,
        48,
        60,
        187,
        119,
        143,
        172,
        225,
        194,
        150,
        71,
        56,
        97,
        63,
        22,
        58,
        84,
        72,
        144,
        104],
    [   164,
        230,
        177,
        166,
        102,
        166,
        81,
        0,
        72,
        134,
        216,
        144,
        237,
        218,
        227,
        155,
        179,
        169,
        218,
        115,
        37,
        171,
        82,
        277,
        211,
        255,
        72,
        248,
        204,
        75,
        22,
        189,
        143,
        227,
        248,
        97,
        251,
        135,
        155,
        221,
        278,
        241,
        63,
        211,
        70,
        118,
        171,
        176,
        175,
        281,
        66,
        33,
        137,
        214,
        78,
        220,
        214,
        235,
        244,
        198,
        10,
        130,
        17,
        17,
        58,
        139,
        165,
        153,
        197,
        42],
    [   182,
        240,
        239,
        217,
        87,
        116,
        133,
        72,
        0,
        179,
        186,
        156,
        187,
        169,
        214,
        204,
        197,
        227,
        183,
        125,
        51,
        225,
        53,
        284,
        216,
        256,
        136,
        228,
        184,
        4,
        55,
        184,
        80,
        175,
        231,
        106,
        242,
        73,
        188,
        177,
        276,
        257,
        109,
        180,
        109,
        128,
        138,
        234,
        226,
        280,
        129,
        90,
        176,
        190,
        30,
        247,
        203,
        193,
        237,
        195,
        80,
        166,
        70,
        83,
        112,
        182,
        215,
        198,
        197,
        30],
    [   71,
        127,
        80,
        38,
        121,
        194,
        53,
        134,
        179,
        0,
        191,
        78,
        246,
        229,
        166,
        26,
        79,
        60,
        201,
        81,
        169,
        51,
        142,
        171,
        122,
        164,
        75,
        195,
        164,
        179,
        154,
        128,
        205,
        244,
        190,
        89,
        179,
        200,
        35,
        221,
        187,
        129,
        72,
        189,
        70,
        79,
        168,
        66,
        49,
        189,
        75,
        100,
        18,
        179,
        160,
        94,
        154,
        227,
        168,
        129,
        124,
        26,
        151,
        116,
        75,
        7,
        37,
        18,
        121,
        153],
    [   127,
        128,
        271,
        221,
        114,
        80,
        195,
        216,
        186,
        191,
        0,
        113,
        67,
        61,
        57,
        212,
        129,
        250,
        13,
        120,
        225,
        237,
        139,
        148,
        104,
        113,
        223,
        49,
        30,
        182,
        217,
        70,
        128,
        75,
        56,
        128,
        80,
        130,
        165,
        43,
        122,
        150,
        183,
        5,
        171,
        120,
        48,
        255,
        230,
        127,
        216,
        198,
        174,
        17,
        157,
        177,
        58,
        39,
        83,
        76,
        215,
        165,
        228,
        209,
        194,
        187,
        221,
        197,
        87,
        190],
    [   27,
        86,
        158,
        109,
        72,
        127,
        91,
        144,
        156,
        78,
        113,
        0,
        170,
        154,
        93,
        99,
        41,
        137,
        123,
        31,
        170,
        124,
        105,
        132,
        66,
        111,
        121,
        121,
        87,
        154,
        156,
        53,
        151,
        170,
        118,
        51,
        112,
        147,
        55,
        145,
        134,
        101,
        89,
        111,
        77,
        27,
        94,
        142,
        118,
        137,
        116,
        115,
        60,
        101,
        128,
        95,
        81,
        149,
        104,
        58,
        138,
        51,
        161,
        131,
        99,
        73,
        108,
        84,
        54,
        141],
    [   188,
        196,
        326,
        279,
        143,
        71,
        237,
        237,
        187,
        246,
        67,
        170,
        0,
        18,
        124,
        268,
        193,
        306,
        54,
        166,
        235,
        294,
        154,
        214,
        172,
        179,
        262,
        109,
        97,
        182,
        232,
        136,
        110,
        15,
        118,
        168,
        144,
        116,
        224,
        25,
        186,
        218,
        221,
        66,
        209,
        167,
        77,
        312,
        288,
        190,
        254,
        228,
        229,
        85,
        163,
        243,
        126,
        31,
        149,
        143,
        238,
        219,
        245,
        235,
        231,
        242,
        278,
        254,
        154,
        202],
    [   175,
        188,
        310,
        264,
        124,
        53,
        219,
        218,
        169,
        229,
        61,
        154,
        18,
        0,
        118,
        253,
        181,
        290,
        48,
        149,
        217,
        279,
        136,
        210,
        163,
        174,
        244,
        107,
        88,
        164,
        213,
        125,
        94,
        15,
        115,
        150,
        141,
        99,
        210,
        18,
        183,
        210,
        202,
        58,
        191,
        151,
        61,
        296,
        273,
        188,
        236,
        209,
        214,
        78,
        145,
        232,
        118,
        33,
        144,
        133,
        220,
        203,
        227,
        216,
        213,
        226,
        263,
        239,
        143,
        183],
    [   95,
        74,
        240,
        188,
        130,
        127,
        185,
        227,
        214,
        166,
        57,
        93,
        124,
        118,
        0,
        181,
        90,
        219,
        70,
        114,
        244,
        204,
        162,
        91,
        54,
        55,
        215,
        29,
        34,
        211,
        233,
        40,
        172,
        133,
        24,
        130,
        27,
        172,
        134,
        101,
        68,
        95,
        180,
        60,
        167,
        112,
        87,
        223,
        195,
        73,
        210,
        202,
        147,
        40,
        184,
        127,
        12,
        94,
        26,
        36,
        223,
        141,
        242,
        216,
        191,
        160,
        188,
        166,
        45,
        210],
    [   86,
        133,
        59,
        12,
        147,
        219,
        74,
        155,
        204,
        26,
        212,
        99,
        268,
        253,
        181,
        0,
        90,
        38,
        222,
        106,
        192,
        25,
        168,
        173,
        132,
        172,
        90,
        210,
        183,
        204,
        176,
        145,
        231,
        268,
        205,
        115,
        191,
        226,
        47,
        244,
        193,
        130,
        96,
        210,
        95,
        104,
        192,
        43,
        22,
        194,
        92,
        123,
        39,
        198,
        186,
        89,
        169,
        248,
        180,
        144,
        145,
        49,
        172,
        138,
        97,
        27,
        11,
        14,
        135,
        178],
    [   15,
        51,
        150,
        97,
        114,
        162,
        114,
        179,
        197,
        79,
        129,
        41,
        193,
        181,
        90,
        90,
        0,
        128,
        142,
        71,
        208,
        113,
        146,
        98,
        42,
        85,
        143,
        120,
        99,
        195,
        194,
        59,
        190,
        196,
        114,
        91,
        100,
        187,
        45,
        168,
        108,
        61,
        119,
        129,
        109,
        68,
        124,
        132,
        104,
        110,
        140,
        148,
        62,
        114,
        170,
        55,
        80,
        168,
        89,
        55,
        172,
        59,
        196,
        164,
        128,
        72,
        97,
        76,
        45,
        181],
    [   125,
        167,
        21,
        31,
        180,
        255,
        94,
        169,
        227,
        60,
        250,
        137,
        306,
        290,
        219,
        38,
        128,
        0,
        260,
        142,
        206,
        16,
        197,
        205,
        169,
        207,
        98,
        248,
        222,
        228,
        191,
        184,
        263,
        305,
        243,
        148,
        228,
        257,
        85,
        282,
        228,
        161,
        118,
        248,
        121,
        140,
        229,
        6,
        27,
        228,
        103,
        139,
        76,
        237,
        213,
        118,
        208,
        287,
        217,
        183,
        159,
        86,
        184,
        152,
        115,
        63,
        31,
        53,
        173,
        198],
    [   139,
        141,
        281,
        232,
        117,
        73,
        202,
        218,
        183,
        201,
        13,
        123,
        54,
        48,
        70,
        222,
        142,
        260,
        0,
        127,
        225,
        248,
        139,
        162,
        118,
        126,
        229,
        60,
        43,
        179,
        218,
        83,
        121,
        62,
        68,
        134,
        93,
        124,
        176,
        30,
        135,
        164,
        189,
        12,
        176,
        127,
        47,
        266,
        241,
        140,
        222,
        202,
        184,
        31,
        155,
        190,
        71,
        26,
        96,
        89,
        217,
        175,
        230,
        212,
        200,
        197,
        231,
        207,
        100,
        190],
    [   56,
        117,
        161,
        118,
        45,
        113,
        75,
        115,
        125,
        81,
        120,
        31,
        166,
        149,
        114,
        106,
        71,
        142,
        127,
        0,
        139,
        132,
        75,
        163,
        96,
        140,
        103,
        138,
        98,
        123,
        126,
        75,
        128,
        163,
        137,
        19,
        137,
        124,
        71,
        143,
        162,
        132,
        66,
        116,
        53,
        3,
        88,
        148,
        128,
        166,
        97,
        88,
        68,
        112,
        98,
        123,
        101,
        151,
        129,
        82,
        110,
        57,
        131,
        103,
        77,
        79,
        117,
        94,
        81,
        110],
    [   192,
        256,
        215,
        203,
        114,
        163,
        117,
        37,
        51,
        169,
        225,
        170,
        235,
        217,
        244,
        192,
        208,
        206,
        225,
        139,
        0,
        208,
        85,
        302,
        235,
        279,
        109,
        262,
        218,
        56,
        15,
        209,
        131,
        224,
        263,
        120,
        270,
        124,
        188,
        223,
        301,
        270,
        97,
        220,
        102,
        142,
        177,
        213,
        212,
        304,
        103,
        69,
        171,
        226,
        71,
        252,
        232,
        238,
        264,
        219,
        47,
        164,
        25,
        54,
        94,
        174,
        202,
        188,
        219,
        34],
    [   110,
        151,
        36,
        16,
        172,
        245,
        92,
        171,
        225,
        51,
        237,
        124,
        294,
        279,
        204,
        25,
        113,
        16,
        248,
        132,
        208,
        0,
        191,
        189,
        154,
        191,
        101,
        234,
        208,
        225,
        192,
        170,
        256,
        294,
        228,
        140,
        212,
        250,
        71,
        270,
        212,
        145,
        115,
        235,
        117,
        130,
        218,
        18,
        11,
        212,
        105,
        139,
        65,
        223,
        208,
        102,
        193,
        274,
        202,
        168,
        160,
        75,
        186,
        153,
        114,
        52,
        16,
        40,
        159,
        197],
    [   131,
        188,
        212,
        180,
        34,
        83,
        106,
        82,
        53,
        142,
        139,
        105,
        154,
        136,
        162,
        168,
        146,
        197,
        139,
        75,
        85,
        191,
        0,
        231,
        163,
        203,
        120,
        177,
        134,
        50,
        78,
        131,
        69,
        145,
        180,
        57,
        189,
        62,
        143,
        139,
        223,
        205,
        82,
        134,
        76,
        78,
        92,
        203,
        191,
        227,
        113,
        78,
        134,
        141,
        23,
        199,
        151,
        154,
        184,
        142,
        84,
        123,
        91,
        81,
        90,
        143,
        179,
        158,
        144,
        50],
    [   113,
        47,
        225,
        175,
        197,
        216,
        212,
        277,
        284,
        171,
        148,
        132,
        214,
        210,
        91,
        173,
        98,
        205,
        162,
        163,
        302,
        189,
        231,
        0,
        67,
        35,
        241,
        107,
        124,
        281,
        289,
        102,
        256,
        224,
        98,
        183,
        70,
        256,
        137,
        192,
        35,
        43,
        218,
        152,
        207,
        160,
        174,
        206,
        178,
        32,
        238,
        246,
        156,
        132,
        254,
        87,
        94,
        183,
        65,
        91,
        270,
        157,
        293,
        262,
        226,
        164,
        175,
        162,
        86,
        272],
    [   52,
        26,
        191,
        138,
        129,
        156,
        152,
        211,
        216,
        122,
        104,
        66,
        172,
        163,
        54,
        132,
        42,
        169,
        118,
        96,
        235,
        154,
        163,
        67,
        0,
        45,
        182,
        83,
        74,
        213,
        222,
        40,
        193,
        178,
        76,
        115,
        58,
        192,
        87,
        147,
        68,
        48,
        154,
        106,
        143,
        93,
        115,
        173,
        144,
        71,
        179,
        181,
        104,
        87,
        187,
        73,
        47,
        144,
        47,
        29,
        205,
        101,
        227,
        197,
        164,
        115,
        138,
        118,
        21,
        205],
    [   98,
        39,
        228,
        176,
        169,
        181,
        198,
        255,
        256,
        164,
        113,
        111,
        179,
        174,
        55,
        172,
        85,
        207,
        126,
        140,
        279,
        191,
        203,
        35,
        45,
        0,
        228,
        72,
        89,
        253,
        266,
        72,
        223,
        188,
        63,
        159,
        36,
        223,
        129,
        156,
        23,
        53,
        200,
        116,
        188,
        137,
        140,
        209,
        180,
        26,
        224,
        226,
        147,
        96,
        226,
        96,
        59,
        148,
        30,
        61,
        250,
        145,
        272,
        242,
        209,
        157,
        176,
        158,
        59,
        247],
    [   130,
        195,
        105,
        99,
        119,
        197,
        30,
        72,
        136,
        75,
        223,
        121,
        262,
        244,
        215,
        90,
        143,
        98,
        229,
        103,
        109,
        101,
        120,
        241,
        182,
        228,
        0,
        241,
        202,
        138,
        94,
        175,
        190,
        256,
        239,
        95,
        234,
        183,
        105,
        241,
        251,
        200,
        41,
        219,
        53,
        104,
        186,
        104,
        107,
        254,
        7,
        46,
        86,
        216,
        130,
        169,
        202,
        251,
        225,
        180,
        61,
        84,
        86,
        56,
        31,
        81,
        98,
        92,
        175,
        106],
    [   124,
        99,
        270,
        218,
        147,
        129,
        211,
        248,
        228,
        195,
        49,
        121,
        109,
        107,
        29,
        210,
        120,
        248,
        60,
        138,
        262,
        234,
        177,
        107,
        83,
        72,
        241,
        0,
        43,
        224,
        252,
        67,
        176,
        120,
        8,
        152,
        36,
        178,
        163,
        89,
        76,
        120,
        205,
        54,
        192,
        137,
        92,
        252,
        225,
        81,
        235,
        225,
        176,
        38,
        197,
        155,
        40,
        78,
        43,
        65,
        244,
        170,
        262,
        238,
        215,
        189,
        217,
        195,
        75,
        227],
    [   98,
        99,
        243,
        193,
        103,
        93,
        173,
        204,
        184,
        164,
        30,
        87,
        97,
        88,
        34,
        183,
        99,
        222,
        43,
        98,
        218,
        208,
        134,
        124,
        74,
        89,
        202,
        43,
        0,
        180,
        208,
        40,
        137,
        103,
        46,
        110,
        62,
        138,
        137,
        72,
        103,
        122,
        164,
        31,
        151,
        98,
        52,
        227,
        201,
        107,
        196,
        183,
        146,
        14,
        154,
        146,
        30,
        69,
        61,
        46,
        202,
        138,
        218,
        195,
        175,
        159,
        192,
        168,
        57,
        183],
    [   180,
        238,
        240,
        217,
        84,
        112,
        133,
        75,
        4,
        179,
        182,
        154,
        182,
        164,
        211,
        204,
        195,
        228,
        179,
        123,
        56,
        225,
        50,
        281,
        213,
        253,
        138,
        224,
        180,
        0,
        59,
        181,
        75,
        170,
        227,
        104,
        238,
        68,
        187,
        172,
        273,
        254,
        109,
        176,
        108,
        126,
        133,
        234,
        226,
        277,
        131,
        91,
        175,
        186,
        27,
        246,
        200,
        189,
        233,
        192,
        83,
        165,
        74,
        85,
        113,
        181,
        215,
        197,
        194,
        33],
    [   178,
        243,
        200,
        187,
        104,
        160,
        101,
        22,
        55,
        154,
        217,
        156,
        232,
        213,
        233,
        176,
        194,
        191,
        218,
        126,
        15,
        192,
        78,
        289,
        222,
        266,
        94,
        252,
        208,
        59,
        0,
        198,
        131,
        221,
        253,
        107,
        259,
        124,
        172,
        218,
        288,
        255,
        81,
        212,
        87,
        129,
        170,
        198,
        196,
        292,
        88,
        53,
        156,
        217,
        68,
        237,
        221,
        233,
        252,
        207,
        32,
        148,
        15,
        38,
        79,
        158,
        186,
        173,
        207,
        30],
    [   59,
        66,
        205,
        154,
        97,
        116,
        144,
        189,
        184,
        128,
        70,
        53,
        136,
        125,
        40,
        145,
        59,
        184,
        83,
        75,
        209,
        170,
        131,
        102,
        40,
        72,
        175,
        67,
        40,
        181,
        198,
        0,
        154,
        140,
        64,
        92,
        61,
        153,
        98,
        110,
        92,
        88,
        140,
        70,
        128,
        73,
        75,
        188,
        162,
        96,
        169,
        163,
        110,
        55,
        154,
        107,
        27,
        110,
        54,
        11,
        185,
        103,
        205,
        178,
        151,
        122,
        153,
        130,
        19,
        177],
    [   178,
        220,
        279,
        244,
        84,
        47,
        174,
        143,
        80,
        205,
        128,
        151,
        110,
        94,
        172,
        231,
        190,
        263,
        121,
        128,
        131,
        256,
        69,
        256,
        193,
        223,
        190,
        176,
        137,
        75,
        131,
        154,
        0,
        97,
        181,
        116,
        199,
        7,
        200,
        106,
        240,
        241,
        151,
        122,
        144,
        131,
        85,
        269,
        254,
        244,
        182,
        146,
        195,
        137,
        64,
        246,
        164,
        123,
        198,
        166,
        147,
        184,
        146,
        146,
        159,
        205,
        243,
        220,
        172,
        101],
    [   190,
        203,
        325,
        279,
        136,
        61,
        232,
        227,
        175,
        244,
        75,
        170,
        15,
        15,
        133,
        268,
        196,
        305,
        62,
        163,
        224,
        294,
        145,
        224,
        178,
        188,
        256,
        120,
        103,
        170,
        221,
        140,
        97,
        0,
        129,
        163,
        155,
        103,
        225,
        32,
        197,
        225,
        215,
        73,
        204,
        165,
        75,
        310,
        288,
        201,
        248,
        220,
        229,
        93,
        152,
        248,
        133,
        43,
        158,
        149,
        229,
        218,
        235,
        226,
        225,
        241,
        278,
        254,
        159,
        191],
    [   119,
        91,
        264,
        212,
        149,
        135,
        209,
        248,
        231,
        190,
        56,
        118,
        118,
        115,
        24,
        205,
        114,
        243,
        68,
        137,
        263,
        228,
        180,
        98,
        76,
        63,
        239,
        8,
        46,
        227,
        253,
        64,
        181,
        129,
        0,
        152,
        27,
        183,
        158,
        97,
        68,
        111,
        203,
        61,
        191,
        136,
        97,
        247,
        219,
        72,
        233,
        224,
        172,
        43,
        200,
        148,
        37,
        86,
        34,
        61,
        245,
        166,
        262,
        238,
        214,
        184,
        212,
        190,
        69,
        229],
    [   75,
        137,
        166,
        127,
        32,
        108,
        69,
        97,
        106,
        89,
        128,
        51,
        168,
        150,
        130,
        115,
        91,
        148,
        134,
        19,
        120,
        140,
        57,
        183,
        115,
        159,
        95,
        152,
        110,
        104,
        107,
        92,
        116,
        163,
        152,
        0,
        154,
        111,
        86,
        146,
        181,
        152,
        54,
        124,
        42,
        23,
        91,
        154,
        137,
        185,
        88,
        72,
        79,
        123,
        80,
        141,
        117,
        156,
        146,
        100,
        93,
        67,
        113,
        86,
        65,
        88,
        126,
        104,
        99,
        90],
    [   108,
        67,
        249,
        196,
        156,
        154,
        204,
        251,
        242,
        179,
        80,
        112,
        144,
        141,
        27,
        191,
        100,
        228,
        93,
        137,
        270,
        212,
        189,
        70,
        58,
        36,
        234,
        36,
        62,
        238,
        259,
        61,
        199,
        155,
        27,
        154,
        0,
        200,
        145,
        123,
        42,
        86,
        201,
        84,
        189,
        135,
        114,
        231,
        203,
        47,
        229,
        225,
        161,
        65,
        211,
        125,
        38,
        113,
        10,
        54,
        247,
        156,
        267,
        240,
        212,
        172,
        196,
        176,
        59,
        237],
    [   174,
        218,
        273,
        239,
        79,
        51,
        168,
        135,
        73,
        200,
        130,
        147,
        116,
        99,
        172,
        226,
        187,
        257,
        124,
        124,
        124,
        250,
        62,
        256,
        192,
        223,
        183,
        178,
        138,
        68,
        124,
        153,
        7,
        103,
        183,
        111,
        200,
        0,
        195,
        110,
        240,
        239,
        145,
        124,
        138,
        127,
        86,
        264,
        249,
        244,
        175,
        139,
        190,
        139,
        57,
        242,
        164,
        127,
        198,
        165,
        140,
        179,
        139,
        139,
        152,
        200,
        237,
        215,
        171,
        94],
    [   39,
        92,
        107,
        55,
        116,
        181,
        79,
        155,
        188,
        35,
        165,
        55,
        224,
        210,
        134,
        47,
        45,
        85,
        176,
        71,
        188,
        71,
        143,
        137,
        87,
        129,
        105,
        163,
        137,
        187,
        172,
        98,
        200,
        225,
        158,
        86,
        145,
        195,
        0,
        199,
        152,
        95,
        92,
        164,
        85,
        68,
        150,
        90,
        64,
        153,
        104,
        121,
        19,
        152,
        165,
        65,
        122,
        203,
        134,
        97,
        146,
        24,
        172,
        138,
        97,
        28,
        55,
        32,
        88,
        166],
    [   163,
        171,
        302,
        254,
        123,
        60,
        215,
        221,
        177,
        221,
        43,
        145,
        25,
        18,
        101,
        244,
        168,
        282,
        30,
        143,
        223,
        270,
        139,
        192,
        147,
        156,
        241,
        89,
        72,
        172,
        218,
        110,
        106,
        32,
        97,
        146,
        123,
        110,
        199,
        0,
        165,
        194,
        200,
        41,
        188,
        144,
        55,
        287,
        263,
        169,
        234,
        209,
        205,
        61,
        151,
        218,
        101,
        17,
        126,
        118,
        222,
        195,
        231,
        218,
        210,
        218,
        254,
        229,
        129,
        188],
    [   121,
        60,
        248,
        197,
        189,
        196,
        221,
        278,
        276,
        187,
        122,
        134,
        186,
        183,
        68,
        193,
        108,
        228,
        135,
        162,
        301,
        212,
        223,
        35,
        68,
        23,
        251,
        76,
        103,
        273,
        288,
        92,
        240,
        197,
        68,
        181,
        42,
        240,
        152,
        165,
        0,
        69,
        223,
        126,
        211,
        160,
        155,
        230,
        201,
        4,
        247,
        249,
        170,
        107,
        246,
        114,
        75,
        154,
        41,
        81,
        272,
        168,
        294,
        265,
        233,
        180,
        197,
        180,
        81,
        269],
    [   77,
        22,
        181,
        131,
        171,
        205,
        172,
        241,
        257,
        129,
        150,
        101,
        218,
        210,
        95,
        130,
        61,
        161,
        164,
        132,
        270,
        145,
        205,
        43,
        48,
        53,
        200,
        120,
        122,
        254,
        255,
        88,
        241,
        225,
        111,
        152,
        86,
        239,
        95,
        194,
        69,
        0,
        180,
        152,
        170,
        129,
        164,
        163,
        134,
        68,
        198,
        209,
        114,
        133,
        228,
        45,
        92,
        189,
        77,
        78,
        234,
        116,
        258,
        226,
        188,
        122,
        132,
        118,
        69,
        242],
    [   104,
        171,
        131,
        108,
        78,
        156,
        24,
        63,
        109,
        72,
        183,
        89,
        221,
        202,
        180,
        96,
        119,
        118,
        189,
        66,
        97,
        115,
        82,
        218,
        154,
        200,
        41,
        205,
        164,
        109,
        81,
        140,
        151,
        215,
        203,
        54,
        201,
        145,
        92,
        200,
        223,
        180,
        0,
        179,
        12,
        67,
        145,
        124,
        118,
        226,
        33,
        29,
        74,
        177,
        95,
        156,
        167,
        210,
        193,
        147,
        54,
        67,
        80,
        46,
        11,
        77,
        107,
        91,
        143,
        81],
    [   126,
        130,
        269,
        220,
        109,
        74,
        191,
        211,
        180,
        189,
        5,
        111,
        66,
        58,
        60,
        210,
        129,
        248,
        12,
        116,
        220,
        235,
        134,
        152,
        106,
        116,
        219,
        54,
        31,
        176,
        212,
        70,
        122,
        73,
        61,
        124,
        84,
        124,
        164,
        41,
        126,
        152,
        179,
        0,
        167,
        116,
        42,
        253,
        228,
        131,
        212,
        194,
        172,
        20,
        151,
        177,
        60,
        39,
        86,
        77,
        210,
        163,
        223,
        205,
        190,
        185,
        219,
        195,
        88,
        185],
    [   94,
        160,
        136,
        108,
        67,
        146,
        30,
        70,
        109,
        70,
        171,
        77,
        209,
        191,
        167,
        95,
        109,
        121,
        176,
        53,
        102,
        117,
        76,
        207,
        143,
        188,
        53,
        192,
        151,
        108,
        87,
        128,
        144,
        204,
        191,
        42,
        189,
        138,
        85,
        188,
        211,
        170,
        12,
        167,
        0,
        54,
        133,
        127,
        118,
        214,
        45,
        38,
        69,
        164,
        92,
        149,
        154,
        198,
        181,
        135,
        63,
        61,
        88,
        55,
        23,
        73,
        106,
        89,
        131,
        83],
    [   53,
        114,
        159,
        116,
        48,
        115,
        75,
        118,
        128,
        79,
        120,
        27,
        167,
        151,
        112,
        104,
        68,
        140,
        127,
        3,
        142,
        130,
        78,
        160,
        93,
        137,
        104,
        137,
        98,
        126,
        129,
        73,
        131,
        165,
        136,
        23,
        135,
        127,
        68,
        144,
        160,
        129,
        67,
        116,
        54,
        0,
        90,
        146,
        126,
        163,
        98,
        90,
        66,
        111,
        101,
        120,
        99,
        152,
        127,
        80,
        112,
        54,
        134,
        105,
        78,
        77,
        115,
        91,
        78,
        113],
    [   116,
        142,
        249,
        203,
        70,
        41,
        160,
        171,
        138,
        168,
        48,
        94,
        77,
        61,
        87,
        192,
        124,
        229,
        47,
        88,
        177,
        218,
        92,
        174,
        115,
        140,
        186,
        92,
        52,
        133,
        170,
        75,
        85,
        75,
        97,
        91,
        114,
        86,
        150,
        55,
        155,
        164,
        145,
        42,
        133,
        90,
        0,
        235,
        213,
        159,
        179,
        156,
        153,
        53,
        108,
        178,
        80,
        65,
        113,
        86,
        170,
        142,
        182,
        165,
        156,
        165,
        202,
        178,
        94,
        142],
    [   129,
        170,
        18,
        34,
        186,
        261,
        101,
        176,
        234,
        66,
        255,
        142,
        312,
        296,
        223,
        43,
        132,
        6,
        266,
        148,
        213,
        18,
        203,
        206,
        173,
        209,
        104,
        252,
        227,
        234,
        198,
        188,
        269,
        310,
        247,
        154,
        231,
        264,
        90,
        287,
        230,
        163,
        124,
        253,
        127,
        146,
        235,
        0,
        28,
        230,
        109,
        146,
        82,
        242,
        219,
        119,
        212,
        292,
        220,
        187,
        165,
        92,
        190,
        159,
        122,
        69,
        35,
        58,
        177,
        205],
    [   103,
        141,
        47,
        10,
        170,
        241,
        95,
        175,
        226,
        49,
        230,
        118,
        288,
        273,
        195,
        22,
        104,
        27,
        241,
        128,
        212,
        11,
        191,
        178,
        144,
        180,
        107,
        225,
        201,
        226,
        196,
        162,
        254,
        288,
        219,
        137,
        203,
        249,
        64,
        263,
        201,
        134,
        118,
        228,
        118,
        126,
        213,
        28,
        0,
        202,
        110,
        143,
        60,
        216,
        209,
        90,
        185,
        267,
        192,
        160,
        165,
        71,
        191,
        157,
        117,
        49,
        11,
        34,
        150,
        199],
    [   123,
        61,
        249,
        197,
        193,
        200,
        224,
        281,
        280,
        189,
        127,
        137,
        190,
        188,
        73,
        194,
        110,
        228,
        140,
        166,
        304,
        212,
        227,
        32,
        71,
        26,
        254,
        81,
        107,
        277,
        292,
        96,
        244,
        201,
        72,
        185,
        47,
        244,
        153,
        169,
        4,
        68,
        226,
        131,
        214,
        163,
        159,
        230,
        202,
        0,
        250,
        252,
        172,
        112,
        250,
        114,
        80,
        159,
        46,
        85,
        276,
        170,
        298,
        268,
        235,
        182,
        198,
        181,
        85,
        272],
    [   126,
        192,
        111,
        102,
        112,
        189,
        26,
        66,
        129,
        75,
        216,
        116,
        254,
        236,
        210,
        92,
        140,
        103,
        222,
        97,
        103,
        105,
        113,
        238,
        179,
        224,
        7,
        235,
        196,
        131,
        88,
        169,
        182,
        248,
        233,
        88,
        229,
        175,
        104,
        234,
        247,
        198,
        33,
        212,
        45,
        98,
        179,
        109,
        110,
        250,
        0,
        39,
        85,
        209,
        122,
        168,
        197,
        244,
        220,
        175,
        56,
        82,
        81,
        49,
        23,
        81,
        101,
        93,
        170,
        99],
    [   132,
        199,
        150,
        134,
        86,
        159,
        48,
        33,
        90,
        100,
        198,
        115,
        228,
        209,
        202,
        123,
        148,
        139,
        202,
        88,
        69,
        139,
        78,
        246,
        181,
        226,
        46,
        225,
        183,
        91,
        53,
        163,
        146,
        220,
        224,
        72,
        225,
        139,
        121,
        209,
        249,
        209,
        29,
        194,
        38,
        90,
        156,
        146,
        143,
        252,
        39,
        0,
        104,
        194,
        84,
        186,
        189,
        222,
        217,
        171,
        24,
        97,
        50,
        16,
        25,
        105,
        133,
        119,
        168,
        59],
    [   52,
        111,
        97,
        50,
        111,
        181,
        60,
        137,
        176,
        18,
        174,
        60,
        229,
        214,
        147,
        39,
        62,
        76,
        184,
        68,
        171,
        65,
        134,
        156,
        104,
        147,
        86,
        176,
        146,
        175,
        156,
        110,
        195,
        229,
        172,
        79,
        161,
        190,
        19,
        205,
        170,
        114,
        74,
        172,
        69,
        66,
        153,
        82,
        60,
        172,
        85,
        104,
        0,
        161,
        154,
        83,
        135,
        210,
        150,
        111,
        128,
        11,
        155,
        120,
        79,
        12,
        49,
        25,
        102,
        152],
    [   113,
        111,
        258,
        208,
        113,
        91,
        187,
        214,
        190,
        179,
        17,
        101,
        85,
        78,
        40,
        198,
        114,
        237,
        31,
        112,
        226,
        223,
        141,
        132,
        87,
        96,
        216,
        38,
        14,
        186,
        217,
        55,
        137,
        93,
        43,
        123,
        65,
        139,
        152,
        61,
        107,
        133,
        177,
        20,
        164,
        111,
        53,
        242,
        216,
        112,
        209,
        194,
        161,
        0,
        160,
        160,
        40,
        56,
        66,
        60,
        212,
        153,
        228,
        206,
        188,
        174,
        207,
        183,
        71,
        191],
    [   154,
        211,
        227,
        199,
        57,
        92,
        119,
        78,
        30,
        160,
        157,
        128,
        163,
        145,
        184,
        186,
        170,
        213,
        155,
        98,
        71,
        208,
        23,
        254,
        187,
        226,
        130,
        197,
        154,
        27,
        68,
        154,
        64,
        152,
        200,
        80,
        211,
        57,
        165,
        151,
        246,
        228,
        95,
        151,
        92,
        101,
        108,
        219,
        209,
        250,
        122,
        84,
        154,
        160,
        0,
        221,
        173,
        167,
        206,
        165,
        83,
        144,
        83,
        82,
        101,
        162,
        197,
        178,
        167,
        38],
    [   68,
        58,
        137,
        88,
        167,
        217,
        143,
        220,
        247,
        94,
        177,
        95,
        243,
        232,
        127,
        89,
        55,
        118,
        190,
        123,
        252,
        102,
        199,
        87,
        73,
        96,
        169,
        155,
        146,
        246,
        237,
        107,
        246,
        248,
        148,
        141,
        125,
        242,
        65,
        218,
        114,
        45,
        156,
        177,
        149,
        120,
        178,
        119,
        90,
        114,
        168,
        186,
        83,
        160,
        221,
        0,
        121,
        216,
        115,
        100,
        211,
        89,
        237,
        203,
        163,
        87,
        89,
        80,
        89,
        228],
    [   83,
        70,
        229,
        177,
        118,
        121,
        172,
        214,
        203,
        154,
        58,
        81,
        126,
        118,
        12,
        169,
        80,
        208,
        71,
        101,
        232,
        193,
        151,
        94,
        47,
        59,
        202,
        40,
        30,
        200,
        221,
        27,
        164,
        133,
        37,
        117,
        38,
        164,
        122,
        101,
        75,
        92,
        167,
        60,
        154,
        99,
        80,
        212,
        185,
        80,
        197,
        189,
        135,
        40,
        173,
        121,
        0,
        96,
        34,
        25,
        210,
        129,
        229,
        203,
        178,
        148,
        177,
        155,
        34,
        199],
    [   165,
        167,
        307,
        258,
        135,
        77,
        225,
        235,
        193,
        227,
        39,
        149,
        31,
        33,
        94,
        248,
        168,
        287,
        26,
        151,
        238,
        274,
        154,
        183,
        144,
        148,
        251,
        78,
        69,
        189,
        233,
        110,
        123,
        43,
        86,
        156,
        113,
        127,
        203,
        17,
        154,
        189,
        210,
        39,
        198,
        152,
        65,
        292,
        267,
        159,
        244,
        222,
        210,
        56,
        167,
        216,
        96,
        0,
        118,
        116,
        235,
        200,
        245,
        231,
        221,
        223,
        258,
        234,
        127,
        203],
    [   98,
        57,
        238,
        186,
        151,
        154,
        194,
        244,
        237,
        168,
        83,
        104,
        149,
        144,
        26,
        180,
        89,
        217,
        96,
        129,
        264,
        202,
        184,
        65,
        47,
        30,
        225,
        43,
        61,
        233,
        252,
        54,
        198,
        158,
        34,
        146,
        10,
        198,
        134,
        126,
        41,
        77,
        193,
        86,
        181,
        127,
        113,
        220,
        192,
        46,
        220,
        217,
        150,
        66,
        206,
        115,
        34,
        118,
        0,
        46,
        239,
        146,
        260,
        232,
        203,
        162,
        186,
        166,
        50,
        231],
    [   58,
        56,
        204,
        152,
        108,
        127,
        150,
        198,
        195,
        129,
        76,
        58,
        143,
        133,
        36,
        144,
        55,
        183,
        89,
        82,
        219,
        168,
        142,
        91,
        29,
        61,
        180,
        65,
        46,
        192,
        207,
        11,
        166,
        149,
        61,
        100,
        54,
        165,
        97,
        118,
        81,
        78,
        147,
        77,
        135,
        80,
        86,
        187,
        160,
        85,
        175,
        171,
        111,
        60,
        165,
        100,
        25,
        116,
        46,
        0,
        193,
        105,
        214,
        186,
        157,
        123,
        152,
        129,
        10,
        187],
    [   157,
        223,
        167,
        156,
        100,
        168,
        71,
        10,
        80,
        124,
        215,
        138,
        238,
        220,
        223,
        145,
        172,
        159,
        217,
        110,
        47,
        160,
        84,
        270,
        205,
        250,
        61,
        244,
        202,
        83,
        32,
        185,
        147,
        229,
        245,
        93,
        247,
        140,
        146,
        222,
        272,
        234,
        54,
        210,
        63,
        112,
        170,
        165,
        165,
        276,
        56,
        24,
        128,
        212,
        83,
        211,
        210,
        235,
        239,
        193,
        0,
        122,
        26,
        8,
        49,
        129,
        155,
        143,
        191,
        50],
    [   48,
        111,
        106,
        61,
        99,
        170,
        56,
        130,
        166,
        26,
        165,
        51,
        219,
        203,
        141,
        49,
        59,
        86,
        175,
        57,
        164,
        75,
        123,
        157,
        101,
        145,
        84,
        170,
        138,
        165,
        148,
        103,
        184,
        218,
        166,
        67,
        156,
        179,
        24,
        195,
        168,
        116,
        67,
        163,
        61,
        54,
        142,
        92,
        71,
        170,
        82,
        97,
        11,
        153,
        144,
        89,
        129,
        200,
        146,
        105,
        122,
        0,
        148,
        114,
        73,
        22,
        60,
        36,
        97,
        143],
    [   181,
        247,
        191,
        182,
        114,
        174,
        97,
        17,
        70,
        151,
        228,
        161,
        245,
        227,
        242,
        172,
        196,
        184,
        230,
        131,
        25,
        186,
        91,
        293,
        227,
        272,
        86,
        262,
        218,
        74,
        15,
        205,
        146,
        235,
        262,
        113,
        267,
        139,
        172,
        231,
        294,
        258,
        80,
        223,
        88,
        134,
        182,
        190,
        191,
        298,
        81,
        50,
        155,
        228,
        83,
        237,
        229,
        245,
        260,
        214,
        26,
        148,
        0,
        34,
        75,
        156,
        181,
        169,
        213,
        45],
    [   149,
        215,
        161,
        149,
        95,
        165,
        63,
        17,
        83,
        116,
        209,
        131,
        235,
        216,
        216,
        138,
        164,
        152,
        212,
        103,
        54,
        153,
        81,
        262,
        197,
        242,
        56,
        238,
        195,
        85,
        38,
        178,
        146,
        226,
        238,
        86,
        240,
        139,
        138,
        218,
        265,
        226,
        46,
        205,
        55,
        105,
        165,
        159,
        157,
        268,
        49,
        16,
        120,
        206,
        82,
        203,
        203,
        231,
        232,
        186,
        8,
        114,
        34,
        0,
        41,
        121,
        147,
        135,
        184,
        52],
    [   113,
        179,
        127,
        108,
        88,
        166,
        22,
        58,
        112,
        75,
        194,
        99,
        231,
        213,
        191,
        97,
        128,
        115,
        200,
        77,
        94,
        114,
        90,
        226,
        164,
        209,
        31,
        215,
        175,
        113,
        79,
        151,
        159,
        225,
        214,
        65,
        212,
        152,
        97,
        210,
        233,
        188,
        11,
        190,
        23,
        78,
        156,
        122,
        117,
        235,
        23,
        25,
        79,
        188,
        101,
        163,
        178,
        221,
        203,
        157,
        49,
        73,
        75,
        41,
        0,
        80,
        107,
        94,
        153,
        83],
    [   65,
        120,
        84,
        39,
        121,
        192,
        58,
        139,
        182,
        7,
        187,
        73,
        242,
        226,
        160,
        27,
        72,
        63,
        197,
        79,
        174,
        52,
        143,
        164,
        115,
        157,
        81,
        189,
        159,
        181,
        158,
        122,
        205,
        241,
        184,
        88,
        172,
        200,
        28,
        218,
        180,
        122,
        77,
        185,
        73,
        77,
        165,
        69,
        49,
        182,
        81,
        105,
        12,
        174,
        162,
        87,
        148,
        223,
        162,
        123,
        129,
        22,
        156,
        121,
        80,
        0,
        38,
        15,
        115,
        157],
    [   94,
        136,
        52,
        1,
        159,
        230,
        84,
        165,
        215,
        37,
        221,
        108,
        278,
        263,
        188,
        11,
        97,
        31,
        231,
        117,
        202,
        16,
        179,
        175,
        138,
        176,
        98,
        217,
        192,
        215,
        186,
        153,
        243,
        278,
        212,
        126,
        196,
        237,
        55,
        254,
        197,
        132,
        107,
        219,
        106,
        115,
        202,
        35,
        11,
        198,
        101,
        133,
        49,
        207,
        197,
        89,
        177,
        258,
        186,
        152,
        155,
        60,
        181,
        147,
        107,
        38,
        0,
        24,
        142,
        188],
    [   71,
        120,
        74,
        25,
        136,
        206,
        72,
        153,
        198,
        18,
        197,
        84,
        254,
        239,
        166,
        14,
        76,
        53,
        207,
        94,
        188,
        40,
        158,
        162,
        118,
        158,
        92,
        195,
        168,
        197,
        173,
        130,
        220,
        254,
        190,
        104,
        176,
        215,
        32,
        229,
        180,
        118,
        91,
        195,
        89,
        91,
        178,
        58,
        34,
        181,
        93,
        119,
        25,
        183,
        178,
        80,
        155,
        234,
        166,
        129,
        143,
        36,
        169,
        135,
        94,
        15,
        24,
        0,
        120,
        172],
    [   49,
        48,
        195,
        143,
        110,
        135,
        144,
        197,
        197,
        121,
        87,
        54,
        154,
        143,
        45,
        135,
        45,
        173,
        100,
        81,
        219,
        159,
        144,
        86,
        21,
        59,
        175,
        75,
        57,
        194,
        207,
        19,
        172,
        159,
        69,
        99,
        59,
        171,
        88,
        129,
        81,
        69,
        143,
        88,
        131,
        78,
        94,
        177,
        150,
        85,
        170,
        168,
        102,
        71,
        167,
        89,
        34,
        127,
        50,
        10,
        191,
        97,
        213,
        184,
        153,
        115,
        142,
        120,
        0,
        188],
    [   165,
        227,
        210,
        190,
        80,
        130,
        104,
        42,
        30,
        153,
        190,
        141,
        202,
        183,
        210,
        178,
        181,
        198,
        190,
        110,
        34,
        197,
        50,
        272,
        205,
        247,
        106,
        227,
        183,
        33,
        30,
        177,
        101,
        191,
        229,
        90,
        237,
        94,
        166,
        188,
        269,
        242,
        81,
        185,
        83,
        113,
        142,
        205,
        199,
        272,
        99,
        59,
        152,
        191,
        38,
        228,
        199,
        203,
        231,
        187,
        50,
        143,
        45,
        52,
        83,
        157,
        188,
        172,
        188,
        0]]
;
task=[   246,
    493,
    111,
    233,
    359,
    277,
    132,
    90,
    93,
    318,
    453,
    248,
    435,
    268,
    334,
    96,
    202,
    231,
    52,
    324,
    26,
    72,
    121,
    426,
    414,
    463,
    63,
    631,
    317,
    97,
    132,
    575,
    270,
    274,
    0,
    199,
    231,
    48,
    190,
    130,
    86,
    76,
    27,
    188,
    232,
    330,
    181,
    41,
    77,
    151,
    213,
    100,
    31,
    586,
    89,
    148,
    293,
    518,
    93,
    112,
    132,
    306,
    101,
    15,
    28,
    83,
    101,
    215,
    427,
    259]
;
minW=[   69,
    64,
    124,
    94,
    132,
    33,
    164,
    144,
    57,
    17,
    49,
    41,
    72,
    26,
    3,
    48,
    20,
    10,
    41,
    69,
    180,
    120,
    68,
    70,
    53,
    50,
    227,
    0,
    43,
    152,
    248,
    43,
    53,
    28,
    0,
    47,
    15,
    37,
    2,
    33,
    10,
    27,
    55,
    5,
    29,
    110,
    7,
    147,
    186,
    69,
    80,
    82,
    9,
    32,
    59,
    49,
    4,
    69,
    3,
    11,
    134,
    96,
    8,
    191,
    86,
    164,
    161,
    106,
    44,
    198]
;
maxW=[   413,
    138,
    551,
    337,
    171,
    180,
    362,
    530,
    285,
    422,
    84,
    279,
    254,
    264,
    219,
    323,
    465,
    327,
    109,
    461,
    506,
    551,
    196,
    218,
    434,
    431,
    549,
    61,
    249,
    375,
    574,
    139,
    324,
    462,
    720,
    466,
    216,
    431,
    530,
    287,
    277,
    192,
    530,
    425,
    282,
    248,
    268,
    279,
    269,
    91,
    629,
    416,
    475,
    288,
    495,
    321,
    346,
    442,
    214,
    241,
    588,
    224,
    628,
    316,
    362,
    401,
    550,
    466,
    466,
    510]
;