// Generated by InstanceGenerator.py v0.1
// Juan Francisco Martinez Vera
// AMMM - MIRI, FIB UPC
//
// RAND_SEED=1484852111

bigM=100000;

nLocations=50;
startLocation=12;
distances=[   [   0,
        86,
        166,
        164,
        117,
        144,
        186,
        121,
        24,
        129,
        195,
        83,
        53,
        100,
        182,
        168,
        146,
        101,
        77,
        116,
        121,
        113,
        138,
        157,
        65,
        61,
        70,
        114,
        83,
        150,
        87,
        76,
        172,
        134,
        72,
        162,
        121,
        86,
        98,
        110,
        194,
        155,
        185,
        146,
        71,
        69,
        107,
        80,
        51,
        102],
    [   86,
        0,
        80,
        173,
        97,
        138,
        104,
        94,
        102,
        78,
        109,
        169,
        132,
        43,
        176,
        83,
        117,
        80,
        163,
        44,
        107,
        63,
        86,
        93,
        112,
        146,
        153,
        109,
        166,
        136,
        173,
        9,
        155,
        50,
        155,
        123,
        99,
        135,
        105,
        33,
        122,
        69,
        172,
        87,
        144,
        16,
        68,
        132,
        137,
        118],
    [   166,
        80,
        0,
        211,
        133,
        170,
        49,
        125,
        182,
        93,
        31,
        250,
        210,
        91,
        200,
        18,
        146,
        125,
        244,
        70,
        152,
        92,
        95,
        78,
        182,
        226,
        233,
        160,
        247,
        163,
        254,
        90,
        175,
        36,
        235,
        130,
        142,
        202,
        157,
        61,
        77,
        11,
        192,
        95,
        222,
        97,
        112,
        200,
        218,
        179],
    [   164,
        173,
        211,
        0,
        79,
        40,
        257,
        86,
        186,
        118,
        241,
        191,
        146,
        216,
        33,
        226,
        287,
        93,
        191,
        217,
        269,
        121,
        117,
        140,
        102,
        200,
        212,
        267,
        219,
        50,
        207,
        170,
        51,
        179,
        213,
        91,
        265,
        90,
        71,
        161,
        171,
        203,
        44,
        260,
        227,
        170,
        238,
        96,
        181,
        262],
    [   117,
        97,
        133,
        79,
        0,
        40,
        178,
        10,
        141,
        42,
        164,
        176,
        126,
        141,
        78,
        147,
        214,
        18,
        173,
        140,
        200,
        42,
        45,
        71,
        79,
        170,
        182,
        200,
        193,
        38,
        188,
        96,
        59,
        100,
        183,
        47,
        194,
        88,
        32,
        82,
        109,
        125,
        76,
        183,
        188,
        97,
        165,
        90,
        153,
        201],
    [   144,
        138,
        170,
        40,
        40,
        0,
        216,
        46,
        167,
        77,
        200,
        188,
        139,
        181,
        39,
        185,
        254,
        57,
        187,
        180,
        238,
        82,
        76,
        100,
        90,
        189,
        202,
        237,
        210,
        13,
        202,
        136,
        30,
        139,
        203,
        54,
        233,
        88,
        45,
        122,
        133,
        163,
        40,
        223,
        212,
        136,
        204,
        93,
        171,
        236],
    [   186,
        104,
        49,
        257,
        178,
        216,
        0,
        170,
        197,
        139,
        35,
        268,
        235,
        91,
        248,
        31,
        121,
        167,
        262,
        71,
        135,
        135,
        142,
        127,
        215,
        241,
        246,
        146,
        260,
        210,
        270,
        113,
        223,
        77,
        248,
        179,
        125,
        237,
        198,
        98,
        123,
        53,
        241,
        69,
        230,
        119,
        103,
        234,
        236,
        170],
    [   121,
        94,
        125,
        86,
        10,
        46,
        170,
        0,
        145,
        32,
        155,
        184,
        134,
        138,
        82,
        139,
        211,
        20,
        181,
        135,
        199,
        35,
        34,
        61,
        87,
        176,
        188,
        199,
        199,
        42,
        195,
        94,
        61,
        93,
        189,
        40,
        192,
        97,
        42,
        75,
        99,
        117,
        78,
        178,
        192,
        96,
        162,
        99,
        160,
        201],
    [   24,
        102,
        182,
        186,
        141,
        167,
        197,
        145,
        0,
        152,
        210,
        72,
        58,
        107,
        205,
        182,
        141,
        125,
        66,
        126,
        114,
        136,
        161,
        179,
        85,
        44,
        50,
        105,
        64,
        174,
        72,
        92,
        196,
        152,
        52,
        186,
        116,
        103,
        121,
        130,
        216,
        171,
        208,
        149,
        47,
        85,
        108,
        97,
        40,
        88],
    [   129,
        78,
        93,
        118,
        42,
        77,
        139,
        32,
        152,
        0,
        123,
        201,
        153,
        120,
        109,
        108,
        194,
        40,
        197,
        113,
        185,
        16,
        8,
        31,
        110,
        189,
        199,
        187,
        211,
        70,
        210,
        81,
        84,
        63,
        200,
        46,
        177,
        125,
        71,
        51,
        72,
        85,
        102,
        155,
        199,
        85,
        145,
        125,
        174,
        194],
    [   195,
        109,
        31,
        241,
        164,
        200,
        35,
        155,
        210,
        123,
        0,
        278,
        240,
        111,
        228,
        27,
        153,
        156,
        273,
        89,
        164,
        123,
        124,
        104,
        214,
        254,
        260,
        174,
        274,
        192,
        282,
        119,
        202,
        68,
        262,
        157,
        154,
        234,
        189,
        92,
        92,
        42,
        220,
        101,
        247,
        126,
        128,
        232,
        246,
        196],
    [   83,
        169,
        250,
        191,
        176,
        188,
        268,
        184,
        72,
        201,
        278,
        0,
        49,
        179,
        219,
        252,
        210,
        164,
        6,
        198,
        181,
        187,
        209,
        231,
        98,
        33,
        39,
        170,
        35,
        198,
        16,
        159,
        219,
        216,
        38,
        223,
        185,
        101,
        147,
        192,
        271,
        238,
        226,
        222,
        66,
        152,
        181,
        96,
        32,
        148],
    [   53,
        132,
        210,
        146,
        126,
        139,
        235,
        134,
        58,
        153,
        240,
        49,
        0,
        152,
        172,
        215,
        198,
        115,
        47,
        168,
        172,
        139,
        160,
        184,
        49,
        54,
        66,
        163,
        72,
        149,
        63,
        122,
        170,
        175,
        66,
        173,
        172,
        56,
        97,
        150,
        224,
        199,
        178,
        199,
        84,
        116,
        160,
        50,
        35,
        147],
    [   100,
        43,
        91,
        216,
        141,
        181,
        91,
        138,
        107,
        120,
        111,
        179,
        152,
        0,
        220,
        84,
        74,
        124,
        173,
        21,
        66,
        106,
        127,
        130,
        145,
        150,
        154,
        72,
        168,
        180,
        179,
        45,
        199,
        76,
        156,
        166,
        58,
        168,
        146,
        70,
        153,
        82,
        216,
        48,
        138,
        46,
        26,
        164,
        147,
        88],
    [   182,
        176,
        200,
        33,
        78,
        39,
        248,
        82,
        205,
        109,
        228,
        219,
        172,
        220,
        0,
        217,
        293,
        96,
        218,
        218,
        278,
        117,
        106,
        124,
        124,
        224,
        236,
        277,
        244,
        40,
        234,
        174,
        26,
        172,
        237,
        72,
        272,
        117,
        84,
        158,
        150,
        194,
        12,
        261,
        249,
        176,
        243,
        123,
        205,
        275],
    [   168,
        83,
        18,
        226,
        147,
        185,
        31,
        139,
        182,
        108,
        27,
        252,
        215,
        84,
        217,
        0,
        132,
        137,
        246,
        62,
        140,
        105,
        110,
        95,
        190,
        227,
        233,
        149,
        247,
        178,
        255,
        92,
        191,
        47,
        235,
        147,
        130,
        211,
        169,
        70,
        95,
        22,
        209,
        80,
        220,
        99,
        102,
        209,
        219,
        170],
    [   146,
        117,
        146,
        287,
        214,
        254,
        121,
        211,
        141,
        194,
        153,
        210,
        198,
        74,
        293,
        132,
        0,
        196,
        203,
        83,
        28,
        180,
        201,
        201,
        205,
        176,
        175,
        41,
        187,
        253,
        204,
        118,
        273,
        144,
        177,
        240,
        25,
        228,
        216,
        143,
        219,
        141,
        290,
        52,
        151,
        117,
        49,
        223,
        181,
        68],
    [   101,
        80,
        125,
        93,
        18,
        57,
        167,
        20,
        125,
        40,
        156,
        164,
        115,
        124,
        96,
        137,
        196,
        0,
        161,
        124,
        182,
        33,
        46,
        72,
        71,
        156,
        167,
        181,
        179,
        57,
        175,
        78,
        78,
        90,
        169,
        61,
        176,
        84,
        32,
        69,
        112,
        115,
        94,
        167,
        172,
        79,
        147,
        85,
        140,
        182],
    [   77,
        163,
        244,
        191,
        173,
        187,
        262,
        181,
        66,
        197,
        273,
        6,
        47,
        173,
        218,
        246,
        203,
        161,
        0,
        192,
        175,
        183,
        205,
        227,
        96,
        27,
        34,
        164,
        31,
        197,
        15,
        154,
        217,
        211,
        33,
        220,
        178,
        101,
        144,
        187,
        267,
        233,
        225,
        216,
        60,
        147,
        174,
        95,
        26,
        141],
    [   116,
        44,
        70,
        217,
        140,
        180,
        71,
        135,
        126,
        113,
        89,
        198,
        168,
        21,
        218,
        62,
        83,
        124,
        192,
        0,
        82,
        101,
        120,
        118,
        155,
        170,
        174,
        89,
        188,
        177,
        199,
        50,
        196,
        61,
        176,
        159,
        73,
        178,
        150,
        61,
        137,
        62,
        213,
        43,
        159,
        54,
        41,
        174,
        165,
        108],
    [   121,
        107,
        152,
        269,
        200,
        238,
        135,
        199,
        114,
        185,
        164,
        181,
        172,
        66,
        278,
        140,
        28,
        182,
        175,
        82,
        0,
        170,
        193,
        197,
        182,
        148,
        146,
        12,
        158,
        239,
        175,
        105,
        260,
        142,
        148,
        230,
        10,
        205,
        198,
        136,
        219,
        144,
        276,
        66,
        122,
        102,
        41,
        200,
        153,
        40],
    [   113,
        63,
        92,
        121,
        42,
        82,
        135,
        35,
        136,
        16,
        123,
        187,
        139,
        106,
        117,
        105,
        180,
        33,
        183,
        101,
        170,
        0,
        25,
        44,
        100,
        173,
        183,
        172,
        196,
        77,
        196,
        65,
        94,
        58,
        185,
        60,
        163,
        116,
        66,
        40,
        84,
        83,
        112,
        144,
        183,
        69,
        131,
        116,
        159,
        178],
    [   138,
        86,
        95,
        117,
        45,
        76,
        142,
        34,
        161,
        8,
        124,
        209,
        160,
        127,
        106,
        110,
        201,
        46,
        205,
        120,
        193,
        25,
        0,
        26,
        117,
        197,
        207,
        195,
        220,
        68,
        218,
        89,
        80,
        67,
        209,
        39,
        185,
        130,
        76,
        58,
        65,
        88,
        98,
        161,
        208,
        93,
        153,
        131,
        182,
        202],
    [   157,
        93,
        78,
        140,
        71,
        100,
        127,
        61,
        179,
        31,
        104,
        231,
        184,
        130,
        124,
        95,
        201,
        72,
        227,
        118,
        197,
        44,
        26,
        0,
        142,
        218,
        228,
        201,
        240,
        90,
        241,
        98,
        98,
        58,
        229,
        52,
        188,
        156,
        102,
        60,
        40,
        74,
        115,
        157,
        226,
        104,
        156,
        157,
        204,
        211],
    [   65,
        112,
        182,
        102,
        79,
        90,
        215,
        87,
        85,
        110,
        214,
        98,
        49,
        145,
        124,
        190,
        205,
        71,
        96,
        155,
        182,
        100,
        117,
        142,
        0,
        99,
        112,
        177,
        120,
        100,
        112,
        104,
        121,
        146,
        112,
        125,
        180,
        23,
        48,
        121,
        182,
        171,
        130,
        193,
        125,
        100,
        160,
        19,
        81,
        167],
    [   61,
        146,
        226,
        200,
        170,
        189,
        241,
        176,
        44,
        189,
        254,
        33,
        54,
        150,
        224,
        227,
        176,
        156,
        27,
        170,
        148,
        173,
        197,
        218,
        99,
        0,
        12,
        137,
        22,
        198,
        28,
        136,
        219,
        195,
        13,
        217,
        151,
        110,
        145,
        172,
        256,
        215,
        229,
        191,
        34,
        129,
        149,
        103,
        18,
        114],
    [   70,
        153,
        233,
        212,
        182,
        202,
        246,
        188,
        50,
        199,
        260,
        39,
        66,
        154,
        236,
        233,
        175,
        167,
        34,
        174,
        146,
        183,
        207,
        228,
        112,
        12,
        0,
        135,
        13,
        210,
        29,
        143,
        232,
        203,
        2,
        228,
        151,
        122,
        157,
        180,
        265,
        222,
        241,
        193,
        27,
        136,
        151,
        116,
        31,
        110],
    [   114,
        109,
        160,
        267,
        200,
        237,
        146,
        199,
        105,
        187,
        174,
        170,
        163,
        72,
        277,
        149,
        41,
        181,
        164,
        89,
        12,
        172,
        195,
        201,
        177,
        137,
        135,
        0,
        146,
        238,
        164,
        106,
        259,
        148,
        136,
        232,
        21,
        199,
        196,
        140,
        225,
        152,
        276,
        77,
        110,
        103,
        48,
        194,
        143,
        27],
    [   83,
        166,
        247,
        219,
        193,
        210,
        260,
        199,
        64,
        211,
        274,
        35,
        72,
        168,
        244,
        247,
        187,
        179,
        31,
        188,
        158,
        196,
        220,
        240,
        120,
        22,
        13,
        146,
        0,
        220,
        20,
        157,
        241,
        216,
        11,
        239,
        163,
        128,
        166,
        194,
        278,
        236,
        250,
        207,
        36,
        150,
        164,
        122,
        39,
        121],
    [   150,
        136,
        163,
        50,
        38,
        13,
        210,
        42,
        174,
        70,
        192,
        198,
        149,
        180,
        40,
        178,
        253,
        57,
        197,
        177,
        239,
        77,
        68,
        90,
        100,
        198,
        210,
        238,
        220,
        0,
        212,
        135,
        22,
        133,
        211,
        42,
        233,
        100,
        53,
        118,
        121,
        156,
        37,
        221,
        219,
        136,
        204,
        104,
        180,
        239],
    [   87,
        173,
        254,
        207,
        188,
        202,
        270,
        195,
        72,
        210,
        282,
        16,
        63,
        179,
        234,
        255,
        204,
        175,
        15,
        199,
        175,
        196,
        218,
        241,
        112,
        28,
        29,
        164,
        20,
        212,
        0,
        163,
        233,
        222,
        27,
        235,
        179,
        117,
        160,
        198,
        279,
        243,
        241,
        220,
        55,
        156,
        178,
        111,
        37,
        139],
    [   76,
        9,
        90,
        170,
        96,
        136,
        113,
        94,
        92,
        81,
        119,
        159,
        122,
        45,
        174,
        92,
        118,
        78,
        154,
        50,
        105,
        65,
        89,
        98,
        104,
        136,
        143,
        106,
        157,
        135,
        163,
        0,
        155,
        59,
        145,
        125,
        98,
        127,
        101,
        40,
        130,
        79,
        172,
        91,
        135,
        7,
        68,
        124,
        127,
        113],
    [   172,
        155,
        175,
        51,
        59,
        30,
        223,
        61,
        196,
        84,
        202,
        219,
        170,
        199,
        26,
        191,
        273,
        78,
        217,
        196,
        260,
        94,
        80,
        98,
        121,
        219,
        232,
        259,
        241,
        22,
        233,
        155,
        0,
        147,
        233,
        45,
        254,
        118,
        75,
        134,
        124,
        169,
        17,
        238,
        241,
        157,
        223,
        123,
        201,
        260],
    [   134,
        50,
        36,
        179,
        100,
        139,
        77,
        93,
        152,
        63,
        68,
        216,
        175,
        76,
        172,
        47,
        144,
        90,
        211,
        61,
        142,
        58,
        67,
        58,
        146,
        195,
        203,
        148,
        216,
        133,
        222,
        59,
        147,
        0,
        205,
        105,
        133,
        166,
        122,
        25,
        77,
        26,
        165,
        98,
        195,
        67,
        101,
        164,
        185,
        162],
    [   72,
        155,
        235,
        213,
        183,
        203,
        248,
        189,
        52,
        200,
        262,
        38,
        66,
        156,
        237,
        235,
        177,
        169,
        33,
        176,
        148,
        185,
        209,
        229,
        112,
        13,
        2,
        136,
        11,
        211,
        27,
        145,
        233,
        205,
        0,
        230,
        152,
        123,
        158,
        182,
        267,
        224,
        242,
        195,
        28,
        138,
        153,
        116,
        31,
        112],
    [   162,
        123,
        130,
        91,
        47,
        54,
        179,
        40,
        186,
        46,
        157,
        223,
        173,
        166,
        72,
        147,
        240,
        61,
        220,
        159,
        230,
        60,
        39,
        52,
        125,
        217,
        228,
        232,
        239,
        42,
        235,
        125,
        45,
        105,
        230,
        0,
        223,
        132,
        77,
        97,
        79,
        125,
        63,
        201,
        233,
        129,
        191,
        135,
        200,
        237],
    [   121,
        99,
        142,
        265,
        194,
        233,
        125,
        192,
        116,
        177,
        154,
        185,
        172,
        58,
        272,
        130,
        25,
        176,
        178,
        73,
        10,
        163,
        185,
        188,
        180,
        151,
        151,
        21,
        163,
        233,
        179,
        98,
        254,
        133,
        152,
        223,
        0,
        204,
        194,
        128,
        210,
        135,
        270,
        56,
        127,
        96,
        32,
        198,
        155,
        48],
    [   86,
        135,
        202,
        90,
        88,
        88,
        237,
        97,
        103,
        125,
        234,
        101,
        56,
        168,
        117,
        211,
        228,
        84,
        101,
        178,
        205,
        116,
        130,
        156,
        23,
        110,
        122,
        199,
        128,
        100,
        117,
        127,
        118,
        166,
        123,
        132,
        204,
        0,
        55,
        141,
        196,
        192,
        124,
        216,
        139,
        123,
        183,
        6,
        91,
        188],
    [   98,
        105,
        157,
        71,
        32,
        45,
        198,
        42,
        121,
        71,
        189,
        147,
        97,
        146,
        84,
        169,
        216,
        32,
        144,
        150,
        198,
        66,
        76,
        102,
        48,
        145,
        157,
        196,
        166,
        53,
        160,
        101,
        75,
        122,
        158,
        77,
        194,
        55,
        0,
        99,
        141,
        148,
        86,
        192,
        166,
        100,
        167,
        57,
        127,
        192],
    [   110,
        33,
        61,
        161,
        82,
        122,
        98,
        75,
        130,
        51,
        92,
        192,
        150,
        70,
        158,
        70,
        143,
        69,
        187,
        61,
        136,
        40,
        58,
        60,
        121,
        172,
        180,
        140,
        194,
        118,
        198,
        40,
        134,
        25,
        182,
        97,
        128,
        141,
        99,
        0,
        89,
        50,
        152,
        104,
        174,
        46,
        96,
        139,
        161,
        151],
    [   194,
        122,
        77,
        171,
        109,
        133,
        123,
        99,
        216,
        72,
        92,
        271,
        224,
        153,
        150,
        95,
        219,
        112,
        267,
        137,
        219,
        84,
        65,
        40,
        182,
        256,
        265,
        225,
        278,
        121,
        279,
        130,
        124,
        77,
        267,
        79,
        210,
        196,
        141,
        89,
        0,
        79,
        139,
        170,
        262,
        136,
        178,
        197,
        243,
        239],
    [   155,
        69,
        11,
        203,
        125,
        163,
        53,
        117,
        171,
        85,
        42,
        238,
        199,
        82,
        194,
        22,
        141,
        115,
        233,
        62,
        144,
        83,
        88,
        74,
        171,
        215,
        222,
        152,
        236,
        156,
        243,
        79,
        169,
        26,
        224,
        125,
        135,
        192,
        148,
        50,
        79,
        0,
        187,
        91,
        212,
        86,
        104,
        190,
        207,
        170],
    [   185,
        172,
        192,
        44,
        76,
        40,
        241,
        78,
        208,
        102,
        220,
        226,
        178,
        216,
        12,
        209,
        290,
        94,
        225,
        213,
        276,
        112,
        98,
        115,
        130,
        229,
        241,
        276,
        250,
        37,
        241,
        172,
        17,
        165,
        242,
        63,
        270,
        124,
        86,
        152,
        139,
        187,
        0,
        256,
        253,
        173,
        240,
        129,
        211,
        275],
    [   146,
        87,
        95,
        260,
        183,
        223,
        69,
        178,
        149,
        155,
        101,
        222,
        199,
        48,
        261,
        80,
        52,
        167,
        216,
        43,
        66,
        144,
        161,
        157,
        193,
        191,
        193,
        77,
        207,
        221,
        220,
        91,
        238,
        98,
        195,
        201,
        56,
        216,
        192,
        104,
        170,
        91,
        256,
        0,
        173,
        94,
        42,
        212,
        190,
        103],
    [   71,
        144,
        222,
        227,
        188,
        212,
        230,
        192,
        47,
        199,
        247,
        66,
        84,
        138,
        249,
        220,
        151,
        172,
        60,
        159,
        122,
        183,
        208,
        226,
        125,
        34,
        27,
        110,
        36,
        219,
        55,
        135,
        241,
        195,
        28,
        233,
        127,
        139,
        166,
        174,
        262,
        212,
        253,
        173,
        0,
        128,
        131,
        133,
        50,
        84],
    [   69,
        16,
        97,
        170,
        97,
        136,
        119,
        96,
        85,
        85,
        126,
        152,
        116,
        46,
        176,
        99,
        117,
        79,
        147,
        54,
        102,
        69,
        93,
        104,
        100,
        129,
        136,
        103,
        150,
        136,
        156,
        7,
        157,
        67,
        138,
        129,
        96,
        123,
        100,
        46,
        136,
        86,
        173,
        94,
        128,
        0,
        68,
        120,
        120,
        108],
    [   107,
        68,
        112,
        238,
        165,
        204,
        103,
        162,
        108,
        145,
        128,
        181,
        160,
        26,
        243,
        102,
        49,
        147,
        174,
        41,
        41,
        131,
        153,
        156,
        160,
        149,
        151,
        48,
        164,
        204,
        178,
        68,
        223,
        101,
        153,
        191,
        32,
        183,
        167,
        96,
        178,
        104,
        240,
        42,
        131,
        68,
        0,
        179,
        149,
        68],
    [   80,
        132,
        200,
        96,
        90,
        93,
        234,
        99,
        97,
        125,
        232,
        96,
        50,
        164,
        123,
        209,
        223,
        85,
        95,
        174,
        200,
        116,
        131,
        157,
        19,
        103,
        116,
        194,
        122,
        104,
        111,
        124,
        123,
        164,
        116,
        135,
        198,
        6,
        57,
        139,
        197,
        190,
        129,
        212,
        133,
        120,
        179,
        0,
        85,
        182],
    [   51,
        137,
        218,
        181,
        153,
        171,
        236,
        160,
        40,
        174,
        246,
        32,
        35,
        147,
        205,
        219,
        181,
        140,
        26,
        165,
        153,
        159,
        182,
        204,
        81,
        18,
        31,
        143,
        39,
        180,
        37,
        127,
        201,
        185,
        31,
        200,
        155,
        91,
        127,
        161,
        243,
        207,
        211,
        190,
        50,
        120,
        149,
        85,
        0,
        122],
    [   102,
        118,
        179,
        262,
        201,
        236,
        170,
        201,
        88,
        194,
        196,
        148,
        147,
        88,
        275,
        170,
        68,
        182,
        141,
        108,
        40,
        178,
        202,
        211,
        167,
        114,
        110,
        27,
        121,
        239,
        139,
        113,
        260,
        162,
        112,
        237,
        48,
        188,
        192,
        151,
        239,
        170,
        275,
        103,
        84,
        108,
        68,
        182,
        122,
        0]]
;
task=[   542,
    110,
    179,
    102,
    326,
    127,
    159,
    56,
    7,
    147,
    23,
    0,
    303,
    40,
    175,
    72,
    157,
    84,
    332,
    301,
    231,
    40,
    251,
    25,
    145,
    332,
    30,
    165,
    379,
    308,
    358,
    12,
    241,
    94,
    590,
    24,
    253,
    253,
    33,
    28,
    46,
    175,
    207,
    56,
    571,
    226,
    251,
    28,
    472,
    58]
;
minW=[   40,
    70,
    154,
    177,
    36,
    163,
    237,
    61,
    64,
    174,
    65,
    0,
    21,
    90,
    141,
    140,
    17,
    18,
    0,
    156,
    126,
    2,
    155,
    208,
    49,
    19,
    23,
    47,
    29,
    25,
    3,
    156,
    168,
    147,
    12,
    34,
    114,
    63,
    144,
    149,
    122,
    73,
    118,
    215,
    19,
    80,
    76,
    7,
    27,
    77]
;
maxW=[   659,
    586,
    654,
    582,
    453,
    593,
    552,
    626,
    588,
    306,
    625,
    720,
    133,
    533,
    698,
    294,
    629,
    481,
    148,
    496,
    432,
    564,
    377,
    647,
    116,
    195,
    153,
    395,
    427,
    575,
    71,
    300,
    446,
    231,
    615,
    523,
    216,
    237,
    588,
    639,
    627,
    603,
    656,
    560,
    636,
    594,
    460,
    289,
    181,
    214]
;