// Generated by InstanceGenerator.py v0.1
// Juan Francisco Martinez Vera
// AMMM - MIRI, FIB UPC
//
// RAND_SEED=1484826416

bigM=100000;

nLocations=30;
startLocation=19;
distances=[   [   0,
        143,
        29,
        74,
        110,
        125,
        179,
        105,
        65,
        118,
        170,
        116,
        97,
        54,
        80,
        65,
        99,
        51,
        111,
        139,
        71,
        83,
        121,
        130,
        172,
        138,
        65,
        45,
        165,
        104],
    [   143,
        0,
        152,
        216,
        87,
        53,
        58,
        166,
        202,
        113,
        72,
        143,
        46,
        192,
        164,
        209,
        143,
        181,
        227,
        244,
        117,
        220,
        32,
        274,
        244,
        280,
        172,
        174,
        181,
        69],
    [   29,
        152,
        0,
        68,
        100,
        123,
        178,
        78,
        81,
        145,
        165,
        93,
        108,
        70,
        51,
        65,
        129,
        74,
        85,
        111,
        54,
        68,
        135,
        131,
        142,
        143,
        35,
        22,
        140,
        125],
    [   74,
        216,
        68,
        0,
        168,
        192,
        246,
        124,
        54,
        182,
        233,
        150,
        171,
        50,
        96,
        15,
        153,
        67,
        74,
        105,
        121,
        23,
        196,
        63,
        159,
        79,
        73,
        49,
        188,
        177],
    [   110,
        87,
        100,
        168,
        0,
        36,
        85,
        82,
        176,
        158,
        66,
        55,
        73,
        165,
        88,
        166,
        169,
        161,
        154,
        165,
        47,
        163,
        95,
        231,
        156,
        244,
        104,
        119,
        96,
        115],
    [   125,
        53,
        123,
        192,
        36,
        0,
        54,
        118,
        191,
        143,
        45,
        91,
        55,
        180,
        122,
        187,
        162,
        172,
        187,
        200,
        76,
        190,
        68,
        254,
        192,
        264,
        134,
        144,
        128,
        97],
    [   179,
        58,
        178,
        246,
        85,
        54,
        0,
        166,
        243,
        171,
        26,
        135,
        93,
        232,
        174,
        242,
        199,
        224,
        240,
        250,
        130,
        245,
        89,
        308,
        235,
        317,
        188,
        199,
        159,
        126],
    [   105,
        166,
        78,
        124,
        82,
        118,
        166,
        0,
        157,
        205,
        143,
        32,
        138,
        146,
        28,
        129,
        199,
        151,
        81,
        84,
        54,
        109,
        165,
        186,
        79,
        204,
        51,
        80,
        64,
        172],
    [   65,
        202,
        81,
        54,
        176,
        191,
        243,
        157,
        0,
        142,
        235,
        175,
        155,
        11,
        128,
        39,
        107,
        22,
        125,
        157,
        134,
        77,
        176,
        78,
        206,
        78,
        106,
        76,
        220,
        149],
    [   118,
        113,
        145,
        182,
        158,
        143,
        171,
        205,
        142,
        0,
        180,
        199,
        88,
        137,
        187,
        169,
        40,
        120,
        229,
        256,
        152,
        198,
        82,
        220,
        281,
        217,
        179,
        163,
        249,
        46],
    [   170,
        72,
        165,
        233,
        66,
        45,
        26,
        143,
        235,
        180,
        0,
        112,
        95,
        224,
        154,
        230,
        203,
        218,
        220,
        228,
        113,
        230,
        99,
        296,
        210,
        307,
        171,
        185,
        133,
        134],
    [   116,
        143,
        93,
        150,
        55,
        91,
        135,
        32,
        175,
        199,
        112,
        0,
        122,
        164,
        54,
        153,
        200,
        166,
        114,
        116,
        49,
        138,
        147,
        213,
        101,
        229,
        76,
        102,
        50,
        161],
    [   97,
        46,
        108,
        171,
        73,
        55,
        93,
        138,
        155,
        88,
        95,
        122,
        0,
        146,
        130,
        163,
        107,
        134,
        188,
        208,
        84,
        176,
        27,
        227,
        217,
        233,
        133,
        131,
        168,
        42],
    [   54,
        192,
        70,
        50,
        165,
        180,
        232,
        146,
        11,
        137,
        224,
        164,
        146,
        0,
        117,
        35,
        104,
        17,
        119,
        150,
        123,
        72,
        167,
        84,
        198,
        87,
        96,
        67,
        209,
        141],
    [   80,
        164,
        51,
        96,
        88,
        122,
        174,
        28,
        128,
        187,
        154,
        54,
        130,
        117,
        0,
        101,
        177,
        123,
        66,
        79,
        47,
        84,
        157,
        159,
        94,
        176,
        23,
        51,
        93,
        158],
    [   65,
        209,
        65,
        15,
        166,
        187,
        242,
        129,
        39,
        169,
        230,
        153,
        163,
        35,
        101,
        0,
        138,
        52,
        87,
        118,
        120,
        37,
        186,
        66,
        170,
        78,
        78,
        50,
        194,
        166],
    [   99,
        143,
        129,
        153,
        169,
        162,
        199,
        199,
        107,
        40,
        203,
        200,
        107,
        104,
        177,
        138,
        0,
        87,
        208,
        238,
        151,
        171,
        111,
        184,
        271,
        179,
        164,
        143,
        250,
        73],
    [   51,
        181,
        74,
        67,
        161,
        172,
        224,
        151,
        22,
        120,
        218,
        166,
        134,
        17,
        123,
        52,
        87,
        0,
        132,
        164,
        122,
        88,
        154,
        100,
        208,
        101,
        103,
        75,
        214,
        126],
    [   111,
        227,
        85,
        74,
        154,
        187,
        240,
        81,
        125,
        229,
        220,
        114,
        188,
        119,
        66,
        87,
        208,
        132,
        0,
        31,
        112,
        50,
        216,
        120,
        86,
        141,
        55,
        65,
        135,
        210],
    [   139,
        244,
        111,
        105,
        165,
        200,
        250,
        84,
        157,
        256,
        228,
        116,
        208,
        150,
        79,
        118,
        238,
        164,
        31,
        0,
        127,
        82,
        236,
        147,
        60,
        169,
        77,
        94,
        125,
        234],
    [   71,
        117,
        54,
        121,
        47,
        76,
        130,
        54,
        134,
        152,
        113,
        49,
        84,
        123,
        47,
        120,
        151,
        122,
        112,
        127,
        0,
        116,
        111,
        185,
        133,
        198,
        58,
        72,
        99,
        117],
    [   83,
        220,
        68,
        23,
        163,
        190,
        245,
        109,
        77,
        198,
        230,
        138,
        176,
        72,
        84,
        37,
        171,
        88,
        50,
        82,
        116,
        0,
        203,
        76,
        136,
        95,
        62,
        46,
        172,
        188],
    [   121,
        32,
        135,
        196,
        95,
        68,
        89,
        165,
        176,
        82,
        99,
        147,
        27,
        167,
        157,
        186,
        111,
        154,
        216,
        236,
        111,
        203,
        0,
        250,
        244,
        254,
        160,
        158,
        191,
        37],
    [   130,
        274,
        131,
        63,
        231,
        254,
        308,
        186,
        78,
        220,
        296,
        213,
        227,
        84,
        159,
        66,
        184,
        100,
        120,
        147,
        185,
        76,
        250,
        0,
        206,
        22,
        136,
        113,
        248,
        226],
    [   172,
        244,
        142,
        159,
        156,
        192,
        235,
        79,
        206,
        281,
        210,
        101,
        217,
        198,
        94,
        170,
        271,
        208,
        86,
        60,
        133,
        136,
        244,
        206,
        0,
        228,
        107,
        133,
        84,
        250],
    [   138,
        280,
        143,
        79,
        244,
        264,
        317,
        204,
        78,
        217,
        307,
        229,
        233,
        87,
        176,
        78,
        179,
        101,
        141,
        169,
        198,
        95,
        254,
        22,
        228,
        0,
        153,
        128,
        267,
        227],
    [   65,
        172,
        35,
        73,
        104,
        134,
        188,
        51,
        106,
        179,
        171,
        76,
        133,
        96,
        23,
        78,
        164,
        103,
        55,
        77,
        58,
        62,
        160,
        136,
        107,
        153,
        0,
        29,
        116,
        156],
    [   45,
        174,
        22,
        49,
        119,
        144,
        199,
        80,
        76,
        163,
        185,
        102,
        131,
        67,
        51,
        50,
        143,
        75,
        65,
        94,
        72,
        46,
        158,
        113,
        133,
        128,
        29,
        0,
        144,
        147],
    [   165,
        181,
        140,
        188,
        96,
        128,
        159,
        64,
        220,
        249,
        133,
        50,
        168,
        209,
        93,
        194,
        250,
        214,
        135,
        125,
        99,
        172,
        191,
        248,
        84,
        267,
        116,
        144,
        0,
        209],
    [   104,
        69,
        125,
        177,
        115,
        97,
        126,
        172,
        149,
        46,
        134,
        161,
        42,
        141,
        158,
        166,
        73,
        126,
        210,
        234,
        117,
        188,
        37,
        226,
        250,
        227,
        156,
        147,
        209,
        0]]
;
task=[   178,
    96,
    433,
    292,
    242,
    97,
    169,
    439,
    260,
    42,
    87,
    183,
    270,
    321,
    305,
    469,
    286,
    87,
    0,
    147,
    413,
    112,
    97,
    313,
    136,
    227,
    429,
    32,
    119,
    271]
;
minW=[   40,
    24,
    57,
    15,
    18,
    39,
    168,
    57,
    29,
    132,
    111,
    102,
    28,
    112,
    29,
    21,
    140,
    22,
    0,
    29,
    6,
    10,
    120,
    111,
    25,
    128,
    40,
    18,
    4,
    72]
;
maxW=[   204,
    418,
    684,
    462,
    167,
    420,
    504,
    184,
    514,
    605,
    595,
    548,
    659,
    583,
    309,
    210,
    231,
    246,
    720,
    597,
    196,
    712,
    263,
    247,
    406,
    509,
    654,
    531,
    261,
    682]
;