// Generated by InstanceGenerator.py v0.1
// Juan Francisco Martinez Vera
// AMMM - MIRI, FIB UPC
//
// RAND_SEED=1484777714

bigM=100000;

nLocations=60;
startLocation=51;
distances=[   [   0,
        122,
        138,
        157,
        51,
        131,
        207,
        111,
        104,
        158,
        235,
        108,
        135,
        86,
        70,
        195,
        95,
        192,
        159,
        63,
        147,
        157,
        158,
        160,
        110,
        95,
        76,
        98,
        194,
        54,
        94,
        82,
        76,
        195,
        204,
        120,
        216,
        228,
        87,
        10,
        71,
        88,
        189,
        228,
        135,
        122,
        92,
        150,
        84,
        212,
        104,
        92,
        122,
        251,
        72,
        130,
        141,
        218,
        253,
        22],
    [   122,
        0,
        204,
        221,
        168,
        217,
        242,
        191,
        155,
        214,
        253,
        15,
        138,
        187,
        161,
        269,
        30,
        160,
        241,
        162,
        139,
        228,
        241,
        201,
        36,
        47,
        48,
        221,
        199,
        81,
        42,
        83,
        198,
        168,
        238,
        97,
        282,
        299,
        99,
        123,
        93,
        153,
        249,
        264,
        97,
        102,
        39,
        228,
        204,
        232,
        133,
        206,
        99,
        321,
        179,
        194,
        80,
        289,
        229,
        104],
    [   138,
        204,
        0,
        19,
        107,
        34,
        77,
        30,
        49,
        23,
        114,
        196,
        90,
        67,
        69,
        64,
        194,
        140,
        41,
        78,
        102,
        23,
        43,
        41,
        171,
        157,
        180,
        157,
        99,
        132,
        162,
        120,
        148,
        135,
        75,
        122,
        80,
        95,
        105,
        148,
        112,
        54,
        51,
        95,
        134,
        118,
        165,
        28,
        113,
        95,
        73,
        95,
        121,
        118,
        82,
        10,
        157,
        85,
        168,
        154],
    [   157,
        221,
        19,
        0,
        124,
        42,
        64,
        47,
        66,
        15,
        103,
        214,
        101,
        83,
        87,
        47,
        212,
        145,
        35,
        96,
        112,
        11,
        37,
        40,
        187,
        174,
        199,
        171,
        98,
        150,
        179,
        138,
        163,
        139,
        63,
        136,
        61,
        77,
        122,
        166,
        130,
        72,
        32,
        81,
        147,
        131,
        182,
        25,
        127,
        87,
        89,
        108,
        135,
        100,
        98,
        28,
        171,
        67,
        165,
        173],
    [   51,
        168,
        107,
        124,
        0,
        90,
        183,
        77,
        92,
        130,
        217,
        154,
        139,
        42,
        42,
        155,
        144,
        200,
        117,
        32,
        153,
        122,
        116,
        140,
        149,
        132,
        124,
        65,
        186,
        90,
        133,
        107,
        47,
        200,
        181,
        139,
        177,
        187,
        104,
        57,
        93,
        73,
        156,
        203,
        155,
        139,
        132,
        111,
        35,
        196,
        104,
        41,
        139,
        210,
        27,
        103,
        168,
        178,
        252,
        73],
    [   131,
        217,
        34,
        42,
        90,
        0,
        106,
        25,
        69,
        54,
        145,
        207,
        119,
        47,
        62,
        65,
        202,
        173,
        28,
        67,
        132,
        35,
        27,
        75,
        186,
        171,
        186,
        130,
        133,
        139,
        175,
        135,
        124,
        168,
        105,
        145,
        87,
        97,
        121,
        140,
        124,
        64,
        69,
        122,
        159,
        141,
        177,
        21,
        86,
        128,
        95,
        67,
        144,
        120,
        63,
        40,
        180,
        88,
        203,
        150],
    [   207,
        242,
        77,
        64,
        183,
        106,
        0,
        107,
        103,
        54,
        40,
        239,
        105,
        144,
        142,
        78,
        241,
        121,
        94,
        152,
        108,
        72,
        96,
        46,
        206,
        197,
        232,
        234,
        60,
        186,
        203,
        164,
        225,
        112,
        4,
        146,
        69,
        86,
        147,
        217,
        161,
        118,
        47,
        22,
        151,
        141,
        207,
        88,
        190,
        30,
        113,
        172,
        144,
        99,
        158,
        80,
        175,
        81,
        115,
        219],
    [   111,
        191,
        30,
        47,
        77,
        25,
        107,
        0,
        45,
        53,
        143,
        181,
        97,
        37,
        41,
        84,
        177,
        154,
        51,
        49,
        111,
        46,
        51,
        67,
        160,
        145,
        161,
        128,
        122,
        113,
        149,
        109,
        118,
        151,
        105,
        120,
        104,
        117,
        95,
        120,
        98,
        38,
        79,
        126,
        135,
        117,
        151,
        39,
        84,
        123,
        70,
        66,
        119,
        140,
        51,
        28,
        155,
        107,
        191,
        129],
    [   104,
        155,
        49,
        66,
        92,
        69,
        103,
        45,
        0,
        61,
        130,
        148,
        53,
        68,
        50,
        113,
        146,
        113,
        88,
        60,
        68,
        73,
        89,
        56,
        121,
        108,
        133,
        154,
        94,
        85,
        113,
        71,
        139,
        111,
        99,
        76,
        128,
        144,
        55,
        114,
        63,
        18,
        95,
        125,
        90,
        72,
        116,
        75,
        113,
        108,
        25,
        100,
        75,
        166,
        75,
        38,
        111,
        134,
        160,
        116],
    [   158,
        214,
        23,
        15,
        130,
        54,
        54,
        53,
        61,
        0,
        91,
        208,
        89,
        90,
        91,
        58,
        206,
        131,
        50,
        100,
        99,
        26,
        53,
        25,
        179,
        167,
        194,
        180,
        82,
        146,
        172,
        131,
        171,
        124,
        52,
        125,
        68,
        85,
        114,
        168,
        124,
        71,
        35,
        73,
        136,
        121,
        175,
        39,
        136,
        73,
        80,
        118,
        124,
        106,
        105,
        27,
        160,
        76,
        151,
        173],
    [   235,
        253,
        114,
        103,
        217,
        145,
        40,
        143,
        130,
        91,
        0,
        252,
        116,
        181,
        175,
        117,
        256,
        110,
        134,
        185,
        114,
        112,
        136,
        77,
        217,
        210,
        250,
        271,
        54,
        207,
        217,
        181,
        261,
        100,
        40,
        156,
        104,
        118,
        165,
        245,
        181,
        147,
        86,
        36,
        157,
        150,
        221,
        127,
        227,
        22,
        134,
        209,
        154,
        126,
        194,
        115,
        179,
        116,
        83,
        245],
    [   108,
        15,
        196,
        214,
        154,
        207,
        239,
        181,
        148,
        208,
        252,
        0,
        136,
        175,
        150,
        261,
        15,
        164,
        232,
        150,
        138,
        220,
        232,
        197,
        36,
        42,
        33,
        206,
        199,
        69,
        36,
        77,
        184,
        172,
        235,
        96,
        276,
        292,
        93,
        108,
        84,
        144,
        243,
        261,
        99,
        102,
        32,
        220,
        190,
        230,
        128,
        193,
        98,
        314,
        167,
        186,
        84,
        282,
        233,
        89],
    [   135,
        138,
        90,
        101,
        139,
        119,
        105,
        97,
        53,
        89,
        116,
        136,
        0,
        121,
        101,
        147,
        140,
        61,
        132,
        109,
        14,
        111,
        133,
        69,
        102,
        94,
        134,
        204,
        65,
        95,
        100,
        66,
        186,
        61,
        101,
        41,
        155,
        172,
        52,
        145,
        69,
        69,
        120,
        126,
        47,
        35,
        105,
        118,
        164,
        94,
        34,
        153,
        39,
        192,
        126,
        80,
        72,
        164,
        117,
        139],
    [   86,
        187,
        67,
        83,
        42,
        47,
        144,
        37,
        68,
        90,
        181,
        175,
        121,
        0,
        26,
        112,
        167,
        182,
        75,
        25,
        136,
        80,
        74,
        104,
        161,
        145,
        150,
        91,
        157,
        106,
        147,
        112,
        80,
        180,
        143,
        134,
        135,
        145,
        103,
        94,
        99,
        52,
        114,
        163,
        150,
        132,
        148,
        68,
        47,
        161,
        89,
        32,
        134,
        168,
        15,
        65,
        168,
        135,
        225,
        107],
    [   70,
        161,
        69,
        87,
        42,
        62,
        142,
        41,
        50,
        91,
        175,
        150,
        101,
        26,
        0,
        125,
        143,
        162,
        89,
        9,
        115,
        87,
        89,
        98,
        135,
        118,
        126,
        103,
        144,
        81,
        121,
        86,
        88,
        161,
        140,
        109,
        145,
        158,
        77,
        79,
        72,
        32,
        120,
        163,
        125,
        108,
        122,
        80,
        63,
        154,
        67,
        54,
        109,
        181,
        25,
        63,
        142,
        148,
        211,
        88],
    [   195,
        269,
        64,
        47,
        155,
        65,
        78,
        84,
        113,
        58,
        117,
        261,
        147,
        112,
        125,
        0,
        258,
        186,
        37,
        132,
        157,
        40,
        39,
        81,
        235,
        221,
        244,
        188,
        131,
        196,
        227,
        185,
        186,
        178,
        80,
        184,
        24,
        32,
        169,
        204,
        176,
        117,
        33,
        83,
        194,
        179,
        229,
        45,
        147,
        108,
        137,
        127,
        182,
        56,
        128,
        75,
        218,
        23,
        193,
        214],
    [   95,
        30,
        194,
        212,
        144,
        202,
        241,
        177,
        146,
        206,
        256,
        15,
        140,
        167,
        143,
        258,
        0,
        173,
        228,
        142,
        144,
        217,
        228,
        197,
        46,
        47,
        19,
        193,
        204,
        63,
        40,
        77,
        170,
        180,
        237,
        102,
        274,
        289,
        93,
        95,
        82,
        140,
        241,
        263,
        107,
        107,
        35,
        215,
        179,
        234,
        128,
        183,
        104,
        312,
        158,
        183,
        95,
        280,
        242,
        75],
    [   192,
        160,
        140,
        145,
        200,
        173,
        121,
        154,
        113,
        131,
        110,
        164,
        61,
        182,
        162,
        186,
        173,
        0,
        180,
        171,
        47,
        157,
        182,
        106,
        127,
        127,
        173,
        265,
        60,
        145,
        134,
        113,
        247,
        10,
        117,
        75,
        186,
        204,
        105,
        201,
        121,
        130,
        154,
        136,
        66,
        72,
        138,
        168,
        226,
        96,
        95,
        214,
        73,
        220,
        188,
        133,
        80,
        197,
        69,
        192],
    [   159,
        241,
        41,
        35,
        117,
        28,
        94,
        51,
        88,
        50,
        134,
        232,
        132,
        75,
        89,
        37,
        228,
        180,
        0,
        95,
        144,
        24,
        2,
        75,
        209,
        194,
        212,
        152,
        133,
        164,
        199,
        158,
        149,
        174,
        94,
        163,
        61,
        69,
        143,
        168,
        148,
        87,
        50,
        106,
        176,
        159,
        201,
        13,
        110,
        120,
        114,
        90,
        162,
        92,
        90,
        52,
        199,
        60,
        201,
        178],
    [   63,
        162,
        78,
        96,
        32,
        67,
        152,
        49,
        60,
        100,
        185,
        150,
        109,
        25,
        9,
        132,
        142,
        171,
        95,
        0,
        124,
        95,
        95,
        108,
        136,
        120,
        124,
        94,
        154,
        80,
        122,
        89,
        79,
        170,
        150,
        115,
        153,
        164,
        82,
        72,
        75,
        41,
        128,
        173,
        131,
        114,
        123,
        87,
        55,
        164,
        75,
        48,
        115,
        188,
        19,
        72,
        147,
        155,
        220,
        83],
    [   147,
        139,
        102,
        112,
        153,
        132,
        108,
        111,
        68,
        99,
        114,
        138,
        14,
        136,
        115,
        157,
        144,
        47,
        144,
        124,
        0,
        122,
        146,
        77,
        103,
        97,
        140,
        218,
        60,
        104,
        104,
        74,
        200,
        47,
        104,
        42,
        163,
        180,
        62,
        156,
        79,
        84,
        129,
        128,
        43,
        36,
        108,
        131,
        179,
        93,
        48,
        167,
        40,
        200,
        141,
        93,
        67,
        172,
        106,
        150],
    [   157,
        228,
        23,
        11,
        122,
        35,
        72,
        46,
        73,
        26,
        112,
        220,
        111,
        80,
        87,
        40,
        217,
        157,
        24,
        95,
        122,
        0,
        26,
        51,
        195,
        181,
        203,
        165,
        109,
        155,
        186,
        144,
        159,
        151,
        72,
        145,
        58,
        72,
        129,
        167,
        135,
        77,
        34,
        87,
        157,
        140,
        188,
        15,
        121,
        97,
        97,
        102,
        144,
        95,
        95,
        34,
        180,
        62,
        177,
        175],
    [   158,
        241,
        43,
        37,
        116,
        27,
        96,
        51,
        89,
        53,
        136,
        232,
        133,
        74,
        89,
        39,
        228,
        182,
        2,
        95,
        146,
        26,
        0,
        77,
        210,
        195,
        212,
        150,
        135,
        165,
        199,
        158,
        147,
        176,
        96,
        164,
        62,
        71,
        144,
        167,
        148,
        88,
        52,
        108,
        177,
        160,
        201,
        15,
        109,
        122,
        115,
        89,
        163,
        93,
        89,
        53,
        200,
        61,
        203,
        178],
    [   160,
        201,
        41,
        40,
        140,
        75,
        46,
        67,
        56,
        25,
        77,
        197,
        69,
        104,
        98,
        81,
        197,
        106,
        75,
        108,
        77,
        51,
        77,
        0,
        166,
        154,
        187,
        195,
        58,
        140,
        160,
        120,
        184,
        99,
        43,
        108,
        86,
        103,
        103,
        170,
        116,
        71,
        51,
        68,
        117,
        103,
        164,
        64,
        151,
        56,
        69,
        134,
        106,
        123,
        117,
        39,
        141,
        95,
        127,
        173],
    [   110,
        36,
        171,
        187,
        149,
        186,
        206,
        160,
        121,
        179,
        217,
        36,
        102,
        161,
        135,
        235,
        46,
        127,
        209,
        136,
        103,
        195,
        210,
        166,
        0,
        16,
        52,
        208,
        164,
        59,
        16,
        51,
        185,
        135,
        202,
        61,
        248,
        264,
        66,
        113,
        62,
        122,
        214,
        228,
        62,
        66,
        19,
        196,
        184,
        196,
        99,
        183,
        63,
        286,
        155,
        160,
        49,
        255,
        197,
        97],
    [   95,
        47,
        157,
        174,
        132,
        171,
        197,
        145,
        108,
        167,
        210,
        42,
        94,
        145,
        118,
        221,
        47,
        127,
        194,
        120,
        97,
        181,
        195,
        154,
        16,
        0,
        46,
        192,
        157,
        43,
        6,
        36,
        170,
        134,
        192,
        55,
        235,
        251,
        52,
        99,
        47,
        107,
        202,
        218,
        61,
        60,
        11,
        181,
        168,
        188,
        86,
        167,
        57,
        273,
        139,
        146,
        53,
        242,
        196,
        83],
    [   76,
        48,
        180,
        199,
        124,
        186,
        232,
        161,
        133,
        194,
        250,
        33,
        134,
        150,
        126,
        244,
        19,
        173,
        212,
        124,
        140,
        203,
        212,
        187,
        52,
        46,
        0,
        173,
        199,
        48,
        40,
        68,
        151,
        180,
        228,
        99,
        261,
        276,
        84,
        75,
        70,
        126,
        229,
        254,
        107,
        104,
        35,
        201,
        159,
        227,
        118,
        164,
        101,
        299,
        140,
        170,
        99,
        266,
        242,
        56],
    [   98,
        221,
        157,
        171,
        65,
        130,
        234,
        128,
        154,
        180,
        271,
        206,
        204,
        91,
        103,
        188,
        193,
        265,
        152,
        94,
        218,
        165,
        150,
        195,
        208,
        192,
        173,
        0,
        247,
        149,
        191,
        171,
        22,
        265,
        233,
        204,
        212,
        217,
        169,
        98,
        157,
        136,
        199,
        252,
        220,
        204,
        190,
        151,
        44,
        252,
        169,
        62,
        205,
        238,
        79,
        156,
        232,
        209,
        314,
        117],
    [   194,
        199,
        99,
        98,
        186,
        133,
        60,
        122,
        94,
        82,
        54,
        199,
        65,
        157,
        144,
        131,
        204,
        60,
        133,
        154,
        60,
        109,
        135,
        58,
        164,
        157,
        199,
        247,
        0,
        159,
        164,
        131,
        233,
        51,
        57,
        103,
        128,
        145,
        116,
        204,
        133,
        113,
        98,
        75,
        102,
        97,
        169,
        122,
        204,
        36,
        90,
        188,
        100,
        160,
        167,
        95,
        124,
        139,
        69,
        201],
    [   54,
        81,
        132,
        150,
        90,
        139,
        186,
        113,
        85,
        146,
        207,
        69,
        95,
        106,
        81,
        196,
        63,
        145,
        164,
        80,
        104,
        155,
        165,
        140,
        59,
        43,
        48,
        149,
        159,
        0,
        43,
        31,
        127,
        149,
        182,
        70,
        212,
        227,
        42,
        60,
        26,
        78,
        181,
        208,
        83,
        73,
        43,
        153,
        125,
        184,
        72,
        126,
        71,
        250,
        98,
        122,
        87,
        217,
        210,
        48],
    [   94,
        42,
        162,
        179,
        133,
        175,
        203,
        149,
        113,
        172,
        217,
        36,
        100,
        147,
        121,
        227,
        40,
        134,
        199,
        122,
        104,
        186,
        199,
        160,
        16,
        6,
        40,
        191,
        164,
        43,
        0,
        41,
        169,
        140,
        199,
        62,
        240,
        257,
        57,
        97,
        51,
        111,
        207,
        225,
        67,
        67,
        4,
        186,
        169,
        195,
        92,
        169,
        64,
        279,
        141,
        151,
        59,
        247,
        202,
        81],
    [   82,
        83,
        120,
        138,
        107,
        135,
        164,
        109,
        71,
        131,
        181,
        77,
        66,
        112,
        86,
        185,
        77,
        113,
        158,
        89,
        74,
        144,
        158,
        120,
        51,
        36,
        68,
        171,
        131,
        31,
        41,
        0,
        150,
        118,
        160,
        39,
        199,
        215,
        16,
        89,
        13,
        71,
        166,
        186,
        53,
        41,
        44,
        145,
        141,
        158,
        51,
        137,
        40,
        237,
        109,
        110,
        61,
        206,
        179,
        79],
    [   76,
        198,
        148,
        163,
        47,
        124,
        225,
        118,
        139,
        171,
        261,
        184,
        186,
        80,
        88,
        186,
        170,
        247,
        149,
        79,
        200,
        159,
        147,
        184,
        185,
        170,
        151,
        22,
        233,
        127,
        169,
        150,
        0,
        248,
        223,
        184,
        210,
        217,
        149,
        75,
        137,
        120,
        193,
        244,
        200,
        185,
        167,
        146,
        38,
        241,
        152,
        58,
        185,
        238,
        67,
        146,
        211,
        208,
        299,
        95],
    [   195,
        168,
        135,
        139,
        200,
        168,
        112,
        151,
        111,
        124,
        100,
        172,
        61,
        180,
        161,
        178,
        180,
        10,
        174,
        170,
        47,
        151,
        176,
        99,
        135,
        134,
        180,
        265,
        51,
        149,
        140,
        118,
        248,
        0,
        108,
        80,
        178,
        195,
        108,
        204,
        125,
        129,
        146,
        126,
        73,
        76,
        145,
        162,
        224,
        86,
        95,
        212,
        78,
        211,
        186,
        128,
        88,
        189,
        62,
        196],
    [   204,
        238,
        75,
        63,
        181,
        105,
        4,
        105,
        99,
        52,
        40,
        235,
        101,
        143,
        140,
        80,
        237,
        117,
        94,
        150,
        104,
        72,
        96,
        43,
        202,
        192,
        228,
        233,
        57,
        182,
        199,
        160,
        223,
        108,
        0,
        142,
        72,
        89,
        143,
        214,
        157,
        115,
        48,
        26,
        147,
        137,
        203,
        87,
        189,
        28,
        110,
        170,
        140,
        103,
        156,
        77,
        171,
        84,
        113,
        216],
    [   120,
        97,
        122,
        136,
        139,
        145,
        146,
        120,
        76,
        125,
        156,
        96,
        41,
        134,
        109,
        184,
        102,
        75,
        163,
        115,
        42,
        145,
        164,
        108,
        61,
        55,
        99,
        204,
        103,
        70,
        62,
        39,
        184,
        80,
        142,
        0,
        193,
        211,
        35,
        128,
        49,
        84,
        159,
        167,
        16,
        5,
        66,
        150,
        170,
        134,
        50,
        163,
        2,
        231,
        135,
        111,
        35,
        202,
        142,
        118],
    [   216,
        282,
        80,
        61,
        177,
        87,
        69,
        104,
        128,
        68,
        104,
        276,
        155,
        135,
        145,
        24,
        274,
        186,
        61,
        153,
        163,
        58,
        62,
        86,
        248,
        235,
        261,
        212,
        128,
        212,
        240,
        199,
        210,
        178,
        72,
        193,
        0,
        17,
        183,
        225,
        191,
        134,
        34,
        68,
        203,
        188,
        243,
        66,
        171,
        100,
        149,
        151,
        192,
        38,
        150,
        90,
        227,
        11,
        184,
        233],
    [   228,
        299,
        95,
        77,
        187,
        97,
        86,
        117,
        144,
        85,
        118,
        292,
        172,
        145,
        158,
        32,
        289,
        204,
        69,
        164,
        180,
        72,
        71,
        103,
        264,
        251,
        276,
        217,
        145,
        227,
        257,
        215,
        217,
        195,
        89,
        211,
        17,
        0,
        199,
        237,
        207,
        149,
        51,
        82,
        220,
        206,
        260,
        77,
        178,
        116,
        165,
        158,
        209,
        23,
        160,
        105,
        244,
        9,
        200,
        246],
    [   87,
        99,
        105,
        122,
        104,
        121,
        147,
        95,
        55,
        114,
        165,
        93,
        52,
        103,
        77,
        169,
        93,
        105,
        143,
        82,
        62,
        129,
        144,
        103,
        66,
        52,
        84,
        169,
        116,
        42,
        57,
        16,
        149,
        108,
        143,
        35,
        183,
        199,
        0,
        96,
        17,
        57,
        149,
        170,
        51,
        35,
        61,
        130,
        136,
        143,
        34,
        130,
        35,
        221,
        101,
        94,
        65,
        189,
        168,
        88],
    [   10,
        123,
        148,
        166,
        57,
        140,
        217,
        120,
        114,
        168,
        245,
        108,
        145,
        94,
        79,
        204,
        95,
        201,
        168,
        72,
        156,
        167,
        167,
        170,
        113,
        99,
        75,
        98,
        204,
        60,
        97,
        89,
        75,
        204,
        214,
        128,
        225,
        237,
        96,
        0,
        79,
        99,
        199,
        238,
        142,
        130,
        95,
        159,
        88,
        222,
        114,
        98,
        129,
        260,
        80,
        140,
        147,
        227,
        262,
        19],
    [   71,
        93,
        112,
        130,
        93,
        124,
        161,
        98,
        63,
        124,
        181,
        84,
        69,
        99,
        72,
        176,
        82,
        121,
        148,
        75,
        79,
        135,
        148,
        116,
        62,
        47,
        70,
        157,
        133,
        26,
        51,
        13,
        137,
        125,
        157,
        49,
        191,
        207,
        17,
        79,
        0,
        60,
        159,
        183,
        64,
        51,
        53,
        135,
        127,
        158,
        47,
        124,
        50,
        230,
        95,
        101,
        74,
        198,
        185,
        71],
    [   88,
        153,
        54,
        72,
        73,
        64,
        118,
        38,
        18,
        71,
        147,
        144,
        69,
        52,
        32,
        117,
        140,
        130,
        87,
        41,
        84,
        77,
        88,
        71,
        122,
        107,
        126,
        136,
        113,
        78,
        111,
        71,
        120,
        129,
        115,
        84,
        134,
        149,
        57,
        99,
        60,
        0,
        104,
        139,
        99,
        82,
        113,
        75,
        95,
        125,
        37,
        83,
        84,
        172,
        57,
        44,
        119,
        139,
        178,
        102],
    [   189,
        249,
        51,
        32,
        156,
        69,
        47,
        79,
        95,
        35,
        86,
        243,
        120,
        114,
        120,
        33,
        241,
        154,
        50,
        128,
        129,
        34,
        52,
        51,
        214,
        202,
        229,
        199,
        98,
        181,
        207,
        166,
        193,
        146,
        48,
        159,
        34,
        51,
        149,
        199,
        159,
        104,
        0,
        56,
        168,
        154,
        210,
        47,
        156,
        76,
        115,
        136,
        157,
        72,
        129,
        59,
        192,
        43,
        160,
        206],
    [   228,
        264,
        95,
        81,
        203,
        122,
        22,
        126,
        125,
        73,
        36,
        261,
        126,
        163,
        163,
        83,
        263,
        136,
        106,
        173,
        128,
        87,
        108,
        68,
        228,
        218,
        254,
        252,
        75,
        208,
        225,
        186,
        244,
        126,
        26,
        167,
        68,
        82,
        170,
        238,
        183,
        139,
        56,
        0,
        172,
        162,
        229,
        102,
        208,
        40,
        136,
        189,
        165,
        90,
        178,
        100,
        195,
        80,
        119,
        241],
    [   135,
        97,
        134,
        147,
        155,
        159,
        151,
        135,
        90,
        136,
        157,
        99,
        47,
        150,
        125,
        194,
        107,
        66,
        176,
        131,
        43,
        157,
        177,
        117,
        62,
        61,
        107,
        220,
        102,
        83,
        67,
        53,
        200,
        73,
        147,
        16,
        203,
        220,
        51,
        142,
        64,
        99,
        168,
        172,
        0,
        17,
        72,
        162,
        186,
        136,
        64,
        179,
        16,
        240,
        151,
        124,
        24,
        212,
        135,
        131],
    [   122,
        102,
        118,
        131,
        139,
        141,
        141,
        117,
        72,
        121,
        150,
        102,
        35,
        132,
        108,
        179,
        107,
        72,
        159,
        114,
        36,
        140,
        160,
        103,
        66,
        60,
        104,
        204,
        97,
        73,
        67,
        41,
        185,
        76,
        137,
        5,
        188,
        206,
        35,
        130,
        51,
        82,
        154,
        162,
        17,
        0,
        72,
        145,
        169,
        129,
        46,
        162,
        3,
        226,
        133,
        107,
        39,
        197,
        138,
        121],
    [   92,
        39,
        165,
        182,
        132,
        177,
        207,
        151,
        116,
        175,
        221,
        32,
        105,
        148,
        122,
        229,
        35,
        138,
        201,
        123,
        108,
        188,
        201,
        164,
        19,
        11,
        35,
        190,
        169,
        43,
        4,
        44,
        167,
        145,
        203,
        66,
        243,
        260,
        61,
        95,
        53,
        113,
        210,
        229,
        72,
        72,
        0,
        188,
        168,
        199,
        95,
        169,
        69,
        282,
        141,
        154,
        63,
        250,
        207,
        78],
    [   150,
        228,
        28,
        25,
        111,
        21,
        88,
        39,
        75,
        39,
        127,
        220,
        118,
        68,
        80,
        45,
        215,
        168,
        13,
        87,
        131,
        15,
        15,
        64,
        196,
        181,
        201,
        151,
        122,
        153,
        186,
        145,
        146,
        162,
        87,
        150,
        66,
        77,
        130,
        159,
        135,
        75,
        47,
        102,
        162,
        145,
        188,
        0,
        108,
        112,
        100,
        88,
        148,
        101,
        84,
        38,
        185,
        68,
        190,
        169],
    [   84,
        204,
        113,
        127,
        35,
        86,
        190,
        84,
        113,
        136,
        227,
        190,
        164,
        47,
        63,
        147,
        179,
        226,
        110,
        55,
        179,
        121,
        109,
        151,
        184,
        168,
        159,
        44,
        204,
        125,
        169,
        141,
        38,
        224,
        189,
        170,
        171,
        178,
        136,
        88,
        127,
        95,
        156,
        208,
        186,
        169,
        168,
        108,
        0,
        208,
        131,
        19,
        170,
        200,
        37,
        112,
        201,
        169,
        272,
        106],
    [   212,
        232,
        95,
        87,
        196,
        128,
        30,
        123,
        108,
        73,
        22,
        230,
        94,
        161,
        154,
        108,
        234,
        96,
        120,
        164,
        93,
        97,
        122,
        56,
        196,
        188,
        227,
        252,
        36,
        184,
        195,
        158,
        241,
        86,
        28,
        134,
        100,
        116,
        143,
        222,
        158,
        125,
        76,
        40,
        136,
        129,
        199,
        112,
        208,
        0,
        112,
        190,
        132,
        128,
        173,
        95,
        159,
        112,
        84,
        222],
    [   104,
        133,
        73,
        89,
        104,
        95,
        113,
        70,
        25,
        80,
        134,
        128,
        34,
        89,
        67,
        137,
        128,
        95,
        114,
        75,
        48,
        97,
        115,
        69,
        99,
        86,
        118,
        169,
        90,
        72,
        92,
        51,
        152,
        95,
        110,
        50,
        149,
        165,
        34,
        114,
        47,
        37,
        115,
        136,
        64,
        46,
        95,
        100,
        131,
        112,
        0,
        120,
        49,
        187,
        93,
        62,
        85,
        156,
        149,
        112],
    [   92,
        206,
        95,
        108,
        41,
        67,
        172,
        66,
        100,
        118,
        209,
        193,
        153,
        32,
        54,
        127,
        183,
        214,
        90,
        48,
        167,
        102,
        89,
        134,
        183,
        167,
        164,
        62,
        188,
        126,
        169,
        137,
        58,
        212,
        170,
        163,
        151,
        158,
        130,
        98,
        124,
        83,
        136,
        189,
        179,
        162,
        169,
        88,
        19,
        190,
        120,
        0,
        163,
        180,
        28,
        95,
        196,
        149,
        257,
        114],
    [   122,
        99,
        121,
        135,
        139,
        144,
        144,
        119,
        75,
        124,
        154,
        98,
        39,
        134,
        109,
        182,
        104,
        73,
        162,
        115,
        40,
        144,
        163,
        106,
        63,
        57,
        101,
        205,
        100,
        71,
        64,
        40,
        185,
        78,
        140,
        2,
        192,
        209,
        35,
        129,
        50,
        84,
        157,
        165,
        16,
        3,
        69,
        148,
        170,
        132,
        49,
        163,
        0,
        230,
        135,
        110,
        36,
        200,
        140,
        119],
    [   251,
        321,
        118,
        100,
        210,
        120,
        99,
        140,
        166,
        106,
        126,
        314,
        192,
        168,
        181,
        56,
        312,
        220,
        92,
        188,
        200,
        95,
        93,
        123,
        286,
        273,
        299,
        238,
        160,
        250,
        279,
        237,
        238,
        211,
        103,
        231,
        38,
        23,
        221,
        260,
        230,
        172,
        72,
        90,
        240,
        226,
        282,
        101,
        200,
        128,
        187,
        180,
        230,
        0,
        183,
        128,
        264,
        33,
        210,
        270],
    [   72,
        179,
        82,
        98,
        27,
        63,
        158,
        51,
        75,
        105,
        194,
        167,
        126,
        15,
        25,
        128,
        158,
        188,
        90,
        19,
        141,
        95,
        89,
        117,
        155,
        139,
        140,
        79,
        167,
        98,
        141,
        109,
        67,
        186,
        156,
        135,
        150,
        160,
        101,
        80,
        95,
        57,
        129,
        178,
        151,
        133,
        141,
        84,
        37,
        173,
        93,
        28,
        135,
        183,
        0,
        79,
        167,
        151,
        234,
        94],
    [   130,
        194,
        10,
        28,
        103,
        40,
        80,
        28,
        38,
        27,
        115,
        186,
        80,
        65,
        63,
        75,
        183,
        133,
        52,
        72,
        93,
        34,
        53,
        39,
        160,
        146,
        170,
        156,
        95,
        122,
        151,
        110,
        146,
        128,
        77,
        111,
        90,
        105,
        94,
        140,
        101,
        44,
        59,
        100,
        124,
        107,
        154,
        38,
        112,
        95,
        62,
        95,
        110,
        128,
        79,
        0,
        147,
        96,
        164,
        146],
    [   141,
        80,
        157,
        171,
        168,
        180,
        175,
        155,
        111,
        160,
        179,
        84,
        72,
        168,
        142,
        218,
        95,
        80,
        199,
        147,
        67,
        180,
        200,
        141,
        49,
        53,
        99,
        232,
        124,
        87,
        59,
        61,
        211,
        88,
        171,
        35,
        227,
        244,
        65,
        147,
        74,
        119,
        192,
        195,
        24,
        39,
        63,
        185,
        201,
        159,
        85,
        196,
        36,
        264,
        167,
        147,
        0,
        235,
        149,
        133],
    [   218,
        289,
        85,
        67,
        178,
        88,
        81,
        107,
        134,
        76,
        116,
        282,
        164,
        135,
        148,
        23,
        280,
        197,
        60,
        155,
        172,
        62,
        61,
        95,
        255,
        242,
        266,
        209,
        139,
        217,
        247,
        206,
        208,
        189,
        84,
        202,
        11,
        9,
        189,
        227,
        198,
        139,
        43,
        80,
        212,
        197,
        250,
        68,
        169,
        112,
        156,
        149,
        200,
        33,
        151,
        96,
        235,
        0,
        196,
        237],
    [   253,
        229,
        168,
        165,
        252,
        203,
        115,
        191,
        160,
        151,
        83,
        233,
        117,
        225,
        211,
        193,
        242,
        69,
        201,
        220,
        106,
        177,
        203,
        127,
        197,
        196,
        242,
        314,
        69,
        210,
        202,
        179,
        299,
        62,
        113,
        142,
        184,
        200,
        168,
        262,
        185,
        178,
        160,
        119,
        135,
        138,
        207,
        190,
        272,
        84,
        149,
        257,
        140,
        210,
        234,
        164,
        149,
        196,
        0,
        256],
    [   22,
        104,
        154,
        173,
        73,
        150,
        219,
        129,
        116,
        173,
        245,
        89,
        139,
        107,
        88,
        214,
        75,
        192,
        178,
        83,
        150,
        175,
        178,
        173,
        97,
        83,
        56,
        117,
        201,
        48,
        81,
        79,
        95,
        196,
        216,
        118,
        233,
        246,
        88,
        19,
        71,
        102,
        206,
        241,
        131,
        121,
        78,
        169,
        106,
        222,
        112,
        114,
        119,
        270,
        94,
        146,
        133,
        237,
        256,
        0]]
;
task=[   185,
    282,
    362,
    60,
    223,
    186,
    298,
    14,
    140,
    435,
    66,
    336,
    289,
    343,
    270,
    327,
    82,
    63,
    388,
    472,
    72,
    182,
    406,
    163,
    505,
    100,
    483,
    121,
    67,
    396,
    4,
    396,
    226,
    136,
    421,
    170,
    370,
    14,
    120,
    185,
    123,
    533,
    395,
    307,
    43,
    323,
    218,
    495,
    38,
    62,
    0,
    388,
    529,
    77,
    175,
    203,
    540,
    317,
    387,
    467]
;
minW=[   12,
    44,
    31,
    31,
    0,
    69,
    15,
    22,
    19,
    55,
    97,
    60,
    6,
    25,
    39,
    108,
    55,
    12,
    99,
    37,
    6,
    55,
    92,
    62,
    48,
    76,
    17,
    47,
    82,
    0,
    7,
    20,
    14,
    55,
    33,
    46,
    87,
    158,
    7,
    107,
    37,
    33,
    84,
    58,
    51,
    38,
    35,
    49,
    120,
    0,
    0,
    6,
    5,
    130,
    29,
    36,
    55,
    147,
    99,
    46]
;
maxW=[   666,
    695,
    311,
    157,
    346,
    413,
    360,
    311,
    52,
    113,
    340,
    589,
    63,
    543,
    566,
    641,
    614,
    444,
    437,
    184,
    717,
    402,
    452,
    655,
    443,
    591,
    653,
    615,
    587,
    602,
    389,
    651,
    226,
    187,
    441,
    525,
    340,
    350,
    197,
    676,
    355,
    294,
    225,
    397,
    678,
    363,
    175,
    539,
    393,
    322,
    720,
    351,
    631,
    440,
    561,
    552,
    581,
    196,
    162,
    236]
;