// Generated by InstanceGenerator.py v0.1
// Juan Francisco Martinez Vera
// AMMM - MIRI, FIB UPC
//
// RAND_SEED=1484782673

bigM=100000;

nLocations=70;
startLocation=34;
distances=[   [   0,
        34,
        178,
        172,
        180,
        152,
        229,
        55,
        252,
        207,
        104,
        83,
        77,
        115,
        77,
        167,
        154,
        179,
        60,
        57,
        242,
        238,
        91,
        102,
        121,
        125,
        80,
        70,
        227,
        36,
        38,
        44,
        68,
        27,
        104,
        107,
        177,
        146,
        42,
        65,
        58,
        92,
        174,
        82,
        51,
        176,
        19,
        232,
        33,
        60,
        134,
        33,
        189,
        217,
        194,
        128,
        5,
        214,
        143,
        177,
        147,
        216,
        205,
        17,
        196,
        182,
        51,
        123,
        134,
        164],
    [   34,
        0,
        147,
        183,
        146,
        152,
        209,
        51,
        230,
        177,
        79,
        87,
        65,
        83,
        43,
        137,
        121,
        177,
        47,
        55,
        223,
        219,
        57,
        98,
        128,
        91,
        92,
        86,
        204,
        45,
        33,
        13,
        39,
        25,
        72,
        127,
        143,
        115,
        75,
        40,
        41,
        72,
        145,
        69,
        63,
        167,
        36,
        213,
        37,
        55,
        103,
        24,
        171,
        189,
        161,
        94,
        29,
        192,
        112,
        152,
        152,
        200,
        171,
        36,
        179,
        176,
        36,
        96,
        136,
        144],
    [   178,
        147,
        0,
        232,
        30,
        175,
        121,
        183,
        121,
        35,
        83,
        162,
        178,
        63,
        112,
        22,
        32,
        182,
        131,
        187,
        132,
        129,
        104,
        143,
        187,
        93,
        181,
        227,
        92,
        163,
        147,
        144,
        136,
        169,
        74,
        218,
        85,
        126,
        213,
        116,
        162,
        164,
        25,
        180,
        170,
        144,
        170,
        128,
        157,
        141,
        45,
        147,
        104,
        54,
        111,
        65,
        173,
        95,
        35,
        60,
        191,
        133,
        101,
        183,
        113,
        164,
        133,
        142,
        174,
        86],
    [   172,
        183,
        232,
        0,
        254,
        58,
        181,
        226,
        212,
        238,
        162,
        95,
        246,
        197,
        208,
        210,
        231,
        65,
        142,
        229,
        188,
        185,
        219,
        97,
        55,
        248,
        91,
        236,
        207,
        139,
        150,
        196,
        219,
        196,
        193,
        71,
        287,
        285,
        154,
        162,
        223,
        255,
        209,
        250,
        122,
        104,
        153,
        177,
        146,
        130,
        198,
        158,
        154,
        231,
        313,
        230,
        172,
        187,
        209,
        183,
        40,
        153,
        314,
        189,
        152,
        88,
        151,
        274,
        58,
        153],
    [   180,
        146,
        30,
        254,
        0,
        199,
        151,
        175,
        150,
        59,
        96,
        177,
        166,
        67,
        106,
        50,
        26,
        208,
        140,
        179,
        162,
        159,
        95,
        161,
        206,
        75,
        194,
        220,
        121,
        170,
        153,
        141,
        128,
        166,
        77,
        234,
        56,
        102,
        218,
        122,
        154,
        149,
        55,
        167,
        180,
        172,
        174,
        159,
        163,
        151,
        57,
        151,
        133,
        80,
        81,
        53,
        174,
        125,
        45,
        90,
        214,
        163,
        71,
        182,
        143,
        191,
        139,
        122,
        196,
        114],
    [   152,
        152,
        175,
        58,
        199,
        0,
        127,
        201,
        159,
        180,
        112,
        69,
        218,
        147,
        167,
        153,
        177,
        26,
        106,
        205,
        136,
        133,
        177,
        54,
        41,
        202,
        77,
        222,
        151,
        116,
        120,
        164,
        184,
        171,
        145,
        85,
        236,
        241,
        150,
        123,
        194,
        222,
        152,
        222,
        102,
        49,
        132,
        125,
        121,
        97,
        144,
        129,
        97,
        173,
        263,
        180,
        151,
        130,
        155,
        125,
        21,
        101,
        262,
        169,
        96,
        40,
        117,
        234,
        19,
        95],
    [   229,
        209,
        121,
        181,
        151,
        127,
        0,
        258,
        31,
        99,
        131,
        166,
        264,
        146,
        195,
        105,
        145,
        115,
        168,
        263,
        13,
        9,
        196,
        138,
        162,
        201,
        183,
        295,
        37,
        197,
        190,
        214,
        220,
        234,
        154,
        207,
        206,
        240,
        246,
        169,
        242,
        257,
        97,
        267,
        193,
        77,
        211,
        8,
        197,
        170,
        127,
        196,
        39,
        80,
        232,
        170,
        225,
        25,
        130,
        66,
        149,
        28,
        222,
        241,
        34,
        92,
        177,
        248,
        141,
        65],
    [   55,
        51,
        183,
        226,
        175,
        201,
        258,
        0,
        277,
        216,
        127,
        134,
        24,
        122,
        70,
        178,
        153,
        227,
        98,
        4,
        272,
        268,
        79,
        148,
        174,
        104,
        134,
        46,
        250,
        87,
        81,
        44,
        46,
        30,
        111,
        162,
        155,
        111,
        89,
        90,
        20,
        44,
        186,
        28,
        104,
        218,
        72,
        263,
        81,
        104,
        143,
        72,
        221,
        230,
        165,
        121,
        53,
        240,
        149,
        198,
        199,
        251,
        179,
        39,
        229,
        227,
        87,
        82,
        184,
        194],
    [   252,
        230,
        121,
        212,
        150,
        159,
        31,
        277,
        0,
        93,
        151,
        194,
        281,
        159,
        211,
        110,
        150,
        147,
        192,
        282,
        27,
        28,
        209,
        167,
        193,
        209,
        212,
        316,
        30,
        222,
        213,
        234,
        236,
        255,
        168,
        238,
        206,
        246,
        273,
        190,
        260,
        272,
        102,
        283,
        220,
        109,
        236,
        35,
        221,
        195,
        139,
        218,
        66,
        71,
        231,
        179,
        248,
        38,
        139,
        79,
        180,
        59,
        219,
        263,
        64,
        124,
        200,
        258,
        172,
        87],
    [   207,
        177,
        35,
        238,
        59,
        180,
        99,
        216,
        93,
        0,
        106,
        180,
        213,
        94,
        145,
        40,
        67,
        182,
        155,
        221,
        108,
        106,
        139,
        157,
        199,
        128,
        199,
        260,
        65,
        188,
        174,
        176,
        170,
        201,
        105,
        235,
        115,
        160,
        240,
        143,
        196,
        199,
        34,
        214,
        193,
        141,
        197,
        107,
        183,
        164,
        74,
        175,
        93,
        21,
        139,
        100,
        203,
        74,
        66,
        55,
        198,
        118,
        126,
        214,
        102,
        161,
        159,
        177,
        183,
        85],
    [   104,
        79,
        83,
        162,
        96,
        112,
        131,
        127,
        151,
        106,
        0,
        80,
        133,
        34,
        66,
        66,
        71,
        129,
        48,
        131,
        145,
        141,
        71,
        66,
        111,
        90,
        98,
        165,
        124,
        82,
        68,
        83,
        90,
        104,
        32,
        137,
        124,
        130,
        133,
        39,
        110,
        128,
        72,
        136,
        87,
        104,
        91,
        136,
        77,
        58,
        39,
        70,
        95,
        114,
        150,
        67,
        99,
        113,
        51,
        73,
        123,
        126,
        151,
        113,
        104,
        119,
        53,
        128,
        104,
        67],
    [   83,
        87,
        162,
        95,
        177,
        69,
        166,
        134,
        194,
        180,
        80,
        0,
        152,
        112,
        113,
        143,
        152,
        95,
        47,
        137,
        178,
        174,
        125,
        27,
        41,
        156,
        19,
        153,
        176,
        47,
        54,
        100,
        123,
        103,
        105,
        56,
        200,
        191,
        84,
        68,
        128,
        159,
        146,
        156,
        33,
        100,
        63,
        167,
        52,
        35,
        120,
        63,
        127,
        182,
        224,
        142,
        82,
        158,
        132,
        133,
        65,
        147,
        228,
        100,
        131,
        101,
        56,
        178,
        50,
        109],
    [   77,
        65,
        178,
        246,
        166,
        218,
        264,
        24,
        281,
        213,
        133,
        152,
        0,
        122,
        69,
        176,
        147,
        243,
        112,
        25,
        278,
        274,
        74,
        164,
        193,
        92,
        155,
        61,
        252,
        107,
        98,
        54,
        44,
        50,
        112,
        185,
        140,
        91,
        113,
        100,
        24,
        22,
        185,
        4,
        124,
        230,
        93,
        269,
        100,
        120,
        143,
        89,
        228,
        229,
        147,
        114,
        75,
        244,
        147,
        201,
        217,
        259,
        163,
        62,
        237,
        241,
        101,
        62,
        202,
        200],
    [   115,
        83,
        63,
        197,
        67,
        147,
        146,
        122,
        159,
        94,
        34,
        112,
        122,
        0,
        52,
        55,
        41,
        163,
        72,
        127,
        160,
        156,
        50,
        100,
        145,
        58,
        129,
        166,
        130,
        103,
        86,
        81,
        78,
        106,
        11,
        168,
        89,
        99,
        151,
        54,
        103,
        112,
        63,
        124,
        112,
        134,
        107,
        152,
        96,
        84,
        21,
        85,
        114,
        108,
        115,
        33,
        110,
        124,
        28,
        81,
        158,
        147,
        116,
        120,
        124,
        151,
        72,
        102,
        139,
        87],
    [   77,
        43,
        112,
        208,
        106,
        167,
        195,
        70,
        211,
        145,
        66,
        113,
        69,
        52,
        0,
        108,
        83,
        189,
        65,
        75,
        209,
        205,
        14,
        113,
        153,
        48,
        123,
        115,
        183,
        81,
        64,
        34,
        25,
        60,
        42,
        161,
        100,
        78,
        118,
        45,
        50,
        62,
        116,
        72,
        97,
        169,
        78,
        201,
        73,
        78,
        74,
        58,
        160,
        160,
        119,
        53,
        72,
        174,
        79,
        132,
        172,
        192,
        128,
        76,
        170,
        182,
        57,
        66,
        154,
        132],
    [   167,
        137,
        22,
        210,
        50,
        153,
        105,
        178,
        110,
        40,
        66,
        143,
        176,
        55,
        108,
        0,
        40,
        160,
        115,
        183,
        117,
        114,
        103,
        122,
        166,
        99,
        162,
        221,
        80,
        148,
        133,
        137,
        133,
        161,
        66,
        199,
        101,
        136,
        199,
        103,
        158,
        164,
        8,
        178,
        154,
        122,
        156,
        112,
        143,
        124,
        34,
        135,
        83,
        52,
        129,
        68,
        162,
        79,
        29,
        40,
        169,
        114,
        121,
        174,
        93,
        142,
        119,
        148,
        152,
        64],
    [   154,
        121,
        32,
        231,
        26,
        177,
        145,
        153,
        150,
        67,
        71,
        152,
        147,
        41,
        83,
        40,
        0,
        189,
        113,
        158,
        157,
        154,
        74,
        136,
        182,
        61,
        168,
        198,
        120,
        144,
        127,
        117,
        106,
        142,
        51,
        208,
        63,
        96,
        192,
        95,
        132,
        132,
        48,
        148,
        154,
        154,
        148,
        152,
        137,
        125,
        33,
        125,
        121,
        85,
        90,
        33,
        149,
        120,
        21,
        79,
        191,
        153,
        85,
        157,
        132,
        173,
        113,
        110,
        173,
        98],
    [   179,
        177,
        182,
        65,
        208,
        26,
        115,
        227,
        147,
        182,
        129,
        95,
        243,
        163,
        189,
        160,
        189,
        0,
        130,
        231,
        122,
        119,
        197,
        78,
        66,
        220,
        104,
        249,
        144,
        142,
        146,
        188,
        206,
        197,
        162,
        109,
        250,
        260,
        176,
        145,
        218,
        245,
        158,
        246,
        129,
        41,
        159,
        112,
        146,
        122,
        156,
        154,
        92,
        172,
        277,
        196,
        177,
        123,
        167,
        127,
        41,
        87,
        274,
        195,
        88,
        23,
        141,
        255,
        46,
        97],
    [   60,
        47,
        131,
        142,
        140,
        106,
        168,
        98,
        192,
        155,
        48,
        47,
        112,
        72,
        65,
        115,
        113,
        130,
        0,
        102,
        181,
        177,
        78,
        51,
        87,
        109,
        59,
        128,
        168,
        33,
        21,
        58,
        78,
        70,
        63,
        98,
        155,
        144,
        85,
        21,
        88,
        116,
        120,
        116,
        40,
        119,
        44,
        171,
        29,
        13,
        85,
        27,
        129,
        162,
        178,
        98,
        56,
        154,
        97,
        118,
        108,
        156,
        183,
        73,
        136,
        128,
        11,
        131,
        91,
        104],
    [   57,
        55,
        187,
        229,
        179,
        205,
        263,
        4,
        282,
        221,
        131,
        137,
        25,
        127,
        75,
        183,
        158,
        231,
        102,
        0,
        277,
        273,
        84,
        152,
        177,
        108,
        137,
        41,
        255,
        90,
        84,
        48,
        51,
        33,
        116,
        164,
        159,
        114,
        89,
        95,
        25,
        46,
        191,
        28,
        107,
        222,
        75,
        268,
        84,
        108,
        148,
        76,
        226,
        235,
        168,
        125,
        56,
        245,
        154,
        203,
        202,
        255,
        183,
        40,
        234,
        231,
        91,
        85,
        188,
        198],
    [   242,
        223,
        132,
        188,
        162,
        136,
        13,
        272,
        27,
        108,
        145,
        178,
        278,
        160,
        209,
        117,
        157,
        122,
        181,
        277,
        0,
        3,
        209,
        150,
        172,
        214,
        195,
        309,
        43,
        210,
        203,
        228,
        234,
        248,
        167,
        217,
        217,
        252,
        259,
        182,
        256,
        271,
        109,
        281,
        205,
        86,
        225,
        11,
        210,
        183,
        141,
        209,
        52,
        88,
        243,
        183,
        238,
        37,
        143,
        79,
        157,
        34,
        233,
        255,
        46,
        99,
        191,
        261,
        150,
        78],
    [   238,
        219,
        129,
        185,
        159,
        133,
        9,
        268,
        28,
        106,
        141,
        174,
        274,
        156,
        205,
        114,
        154,
        119,
        177,
        273,
        3,
        0,
        206,
        147,
        169,
        210,
        191,
        305,
        42,
        206,
        199,
        224,
        230,
        244,
        163,
        214,
        214,
        249,
        255,
        178,
        252,
        267,
        106,
        277,
        202,
        83,
        221,
        7,
        206,
        179,
        137,
        205,
        48,
        86,
        241,
        180,
        234,
        34,
        140,
        76,
        154,
        31,
        230,
        251,
        42,
        96,
        187,
        258,
        147,
        74],
    [   91,
        57,
        104,
        219,
        95,
        177,
        196,
        79,
        209,
        139,
        71,
        125,
        74,
        50,
        14,
        103,
        74,
        197,
        78,
        84,
        209,
        206,
        0,
        124,
        165,
        33,
        136,
        125,
        180,
        96,
        79,
        48,
        32,
        72,
        42,
        175,
        85,
        65,
        133,
        57,
        58,
        62,
        111,
        75,
        111,
        175,
        92,
        202,
        87,
        90,
        70,
        73,
        162,
        155,
        104,
        41,
        86,
        174,
        73,
        130,
        183,
        195,
        113,
        89,
        172,
        190,
        70,
        57,
        165,
        134],
    [   102,
        98,
        143,
        97,
        161,
        54,
        138,
        148,
        167,
        157,
        66,
        27,
        164,
        100,
        113,
        122,
        136,
        78,
        51,
        152,
        150,
        147,
        124,
        0,
        45,
        151,
        45,
        173,
        149,
        66,
        67,
        109,
        129,
        118,
        96,
        77,
        190,
        189,
        110,
        68,
        139,
        167,
        124,
        167,
        56,
        75,
        82,
        140,
        69,
        43,
        103,
        76,
        100,
        157,
        216,
        132,
        100,
        131,
        115,
        107,
        59,
        120,
        217,
        118,
        104,
        80,
        62,
        180,
        41,
        83],
    [   121,
        128,
        187,
        55,
        206,
        41,
        162,
        174,
        193,
        199,
        111,
        41,
        193,
        145,
        153,
        166,
        182,
        66,
        87,
        177,
        172,
        169,
        165,
        45,
        0,
        194,
        40,
        188,
        181,
        86,
        95,
        141,
        164,
        143,
        140,
        45,
        235,
        230,
        111,
        107,
        169,
        200,
        167,
        197,
        70,
        86,
        102,
        161,
        92,
        75,
        148,
        104,
        128,
        196,
        260,
        177,
        120,
        161,
        161,
        146,
        27,
        138,
        262,
        138,
        129,
        80,
        96,
        218,
        22,
        118],
    [   125,
        91,
        93,
        248,
        75,
        202,
        201,
        104,
        209,
        128,
        90,
        156,
        92,
        58,
        48,
        99,
        61,
        220,
        109,
        108,
        214,
        210,
        33,
        151,
        194,
        0,
        168,
        150,
        179,
        129,
        112,
        81,
        60,
        104,
        57,
        207,
        52,
        40,
        166,
        87,
        84,
        74,
        107,
        92,
        144,
        193,
        126,
        208,
        121,
        122,
        73,
        106,
        171,
        147,
        70,
        30,
        120,
        177,
        70,
        134,
        210,
        204,
        80,
        121,
        182,
        209,
        103,
        49,
        192,
        145],
    [   80,
        92,
        181,
        91,
        194,
        77,
        183,
        134,
        212,
        199,
        98,
        19,
        155,
        129,
        123,
        162,
        168,
        104,
        59,
        137,
        195,
        191,
        136,
        45,
        40,
        168,
        0,
        147,
        195,
        47,
        60,
        106,
        130,
        104,
        121,
        39,
        214,
        202,
        72,
        80,
        131,
        164,
        165,
        159,
        30,
        114,
        62,
        184,
        55,
        46,
        137,
        68,
        145,
        201,
        237,
        157,
        80,
        176,
        149,
        152,
        68,
        163,
        242,
        98,
        149,
        113,
        65,
        186,
        57,
        128],
    [   70,
        86,
        227,
        236,
        220,
        222,
        295,
        46,
        316,
        260,
        165,
        153,
        61,
        166,
        115,
        221,
        198,
        249,
        128,
        41,
        309,
        305,
        125,
        173,
        188,
        150,
        147,
        0,
        290,
        106,
        107,
        84,
        92,
        61,
        155,
        166,
        200,
        153,
        83,
        126,
        66,
        83,
        229,
        63,
        120,
        246,
        90,
        299,
        103,
        130,
        187,
        100,
        256,
        273,
        208,
        166,
        72,
        278,
        193,
        238,
        215,
        284,
        224,
        54,
        264,
        253,
        118,
        124,
        203,
        230],
    [   227,
        204,
        92,
        207,
        121,
        151,
        37,
        250,
        30,
        65,
        124,
        176,
        252,
        130,
        183,
        80,
        120,
        144,
        168,
        255,
        43,
        42,
        180,
        149,
        181,
        179,
        195,
        290,
        0,
        200,
        189,
        206,
        208,
        229,
        140,
        224,
        177,
        216,
        251,
        164,
        232,
        243,
        72,
        255,
        199,
        103,
        212,
        45,
        198,
        173,
        110,
        194,
        53,
        44,
        202,
        149,
        223,
        20,
        109,
        51,
        172,
        62,
        190,
        238,
        55,
        121,
        176,
        228,
        161,
        66],
    [   36,
        45,
        163,
        139,
        170,
        116,
        197,
        87,
        222,
        188,
        82,
        47,
        107,
        103,
        81,
        148,
        144,
        142,
        33,
        90,
        210,
        206,
        96,
        66,
        86,
        129,
        47,
        106,
        200,
        0,
        17,
        59,
        84,
        57,
        92,
        81,
        179,
        159,
        51,
        48,
        84,
        117,
        154,
        111,
        17,
        141,
        16,
        200,
        8,
        27,
        117,
        23,
        158,
        195,
        200,
        124,
        35,
        185,
        129,
        151,
        112,
        183,
        208,
        53,
        164,
        146,
        30,
        141,
        98,
        134],
    [   38,
        33,
        147,
        150,
        153,
        120,
        190,
        81,
        213,
        174,
        68,
        54,
        98,
        86,
        64,
        133,
        127,
        146,
        21,
        84,
        203,
        199,
        79,
        67,
        95,
        112,
        60,
        107,
        189,
        17,
        0,
        46,
        70,
        51,
        75,
        96,
        161,
        143,
        66,
        31,
        74,
        105,
        139,
        102,
        32,
        139,
        23,
        193,
        10,
        23,
        102,
        9,
        151,
        182,
        183,
        107,
        35,
        175,
        112,
        139,
        119,
        177,
        190,
        52,
        158,
        147,
        14,
        126,
        103,
        126],
    [   44,
        13,
        144,
        196,
        141,
        164,
        214,
        44,
        234,
        176,
        83,
        100,
        54,
        81,
        34,
        137,
        117,
        188,
        58,
        48,
        228,
        224,
        48,
        109,
        141,
        81,
        106,
        84,
        206,
        59,
        46,
        0,
        25,
        25,
        70,
        140,
        133,
        103,
        86,
        47,
        30,
        59,
        144,
        58,
        76,
        176,
        49,
        219,
        51,
        67,
        102,
        37,
        177,
        189,
        150,
        87,
        39,
        196,
        109,
        155,
        165,
        207,
        161,
        41,
        185,
        186,
        47,
        82,
        148,
        149],
    [   68,
        39,
        136,
        219,
        128,
        184,
        220,
        46,
        236,
        170,
        90,
        123,
        44,
        78,
        25,
        133,
        106,
        206,
        78,
        51,
        234,
        230,
        32,
        129,
        164,
        60,
        130,
        92,
        208,
        84,
        70,
        25,
        0,
        44,
        68,
        165,
        112,
        78,
        110,
        61,
        26,
        39,
        141,
        46,
        101,
        190,
        75,
        226,
        75,
        88,
        99,
        61,
        184,
        185,
        126,
        74,
        64,
        200,
        104,
        157,
        186,
        216,
        139,
        62,
        194,
        202,
        67,
        57,
        169,
        157],
    [   27,
        25,
        169,
        196,
        166,
        171,
        234,
        30,
        255,
        201,
        104,
        103,
        50,
        106,
        60,
        161,
        142,
        197,
        70,
        33,
        248,
        244,
        72,
        118,
        143,
        104,
        104,
        61,
        229,
        57,
        51,
        25,
        44,
        0,
        95,
        134,
        156,
        121,
        67,
        65,
        30,
        64,
        169,
        55,
        74,
        189,
        42,
        238,
        51,
        74,
        127,
        42,
        196,
        213,
        171,
        113,
        25,
        217,
        135,
        177,
        169,
        224,
        183,
        17,
        204,
        198,
        59,
        96,
        154,
        169],
    [   104,
        72,
        74,
        193,
        77,
        145,
        154,
        111,
        168,
        105,
        32,
        105,
        112,
        11,
        42,
        66,
        51,
        162,
        63,
        116,
        167,
        163,
        42,
        96,
        140,
        57,
        121,
        155,
        140,
        92,
        75,
        70,
        68,
        95,
        0,
        160,
        94,
        98,
        140,
        44,
        92,
        103,
        74,
        114,
        103,
        136,
        96,
        159,
        85,
        75,
        32,
        74,
        120,
        118,
        119,
        36,
        99,
        132,
        39,
        89,
        154,
        152,
        122,
        108,
        130,
        152,
        62,
        98,
        136,
        92],
    [   107,
        127,
        218,
        71,
        234,
        85,
        207,
        162,
        238,
        235,
        137,
        56,
        185,
        168,
        161,
        199,
        208,
        109,
        98,
        164,
        217,
        214,
        175,
        77,
        45,
        207,
        39,
        166,
        224,
        81,
        96,
        140,
        165,
        134,
        160,
        0,
        254,
        239,
        83,
        120,
        163,
        197,
        201,
        189,
        64,
        132,
        92,
        206,
        89,
        85,
        176,
        104,
        172,
        235,
        277,
        196,
        109,
        204,
        188,
        185,
        67,
        184,
        282,
        124,
        173,
        125,
        104,
        222,
        67,
        159],
    [   177,
        143,
        85,
        287,
        56,
        236,
        206,
        155,
        206,
        115,
        124,
        200,
        140,
        89,
        100,
        101,
        63,
        250,
        155,
        159,
        217,
        214,
        85,
        190,
        235,
        52,
        214,
        200,
        177,
        179,
        161,
        133,
        112,
        156,
        94,
        254,
        0,
        55,
        219,
        134,
        135,
        119,
        108,
        139,
        193,
        217,
        177,
        213,
        171,
        168,
        93,
        157,
        185,
        136,
        27,
        57,
        172,
        180,
        83,
        142,
        247,
        216,
        28,
        174,
        195,
        236,
        150,
        83,
        229,
        162],
    [   146,
        115,
        126,
        285,
        102,
        241,
        240,
        111,
        246,
        160,
        130,
        191,
        91,
        99,
        78,
        136,
        96,
        260,
        144,
        114,
        252,
        249,
        65,
        189,
        230,
        40,
        202,
        153,
        216,
        159,
        143,
        103,
        78,
        121,
        98,
        239,
        55,
        0,
        188,
        123,
        94,
        69,
        144,
        89,
        175,
        234,
        152,
        247,
        150,
        156,
        114,
        135,
        212,
        180,
        56,
        70,
        142,
        215,
        109,
        173,
        248,
        244,
        73,
        138,
        222,
        250,
        136,
        29,
        230,
        185],
    [   42,
        75,
        213,
        154,
        218,
        150,
        246,
        89,
        273,
        240,
        133,
        84,
        113,
        151,
        118,
        199,
        192,
        176,
        85,
        89,
        259,
        255,
        133,
        110,
        111,
        166,
        72,
        83,
        251,
        51,
        66,
        86,
        110,
        67,
        140,
        83,
        219,
        188,
        0,
        97,
        97,
        130,
        205,
        117,
        53,
        184,
        43,
        248,
        56,
        78,
        168,
        66,
        207,
        247,
        236,
        168,
        46,
        235,
        178,
        202,
        139,
        230,
        246,
        51,
        213,
        185,
        80,
        164,
        130,
        185],
    [   65,
        40,
        116,
        162,
        122,
        123,
        169,
        90,
        190,
        143,
        39,
        68,
        100,
        54,
        45,
        103,
        95,
        145,
        21,
        95,
        182,
        178,
        57,
        68,
        107,
        87,
        80,
        126,
        164,
        48,
        31,
        47,
        61,
        65,
        44,
        120,
        134,
        123,
        97,
        0,
        76,
        101,
        109,
        104,
        59,
        129,
        53,
        173,
        41,
        34,
        70,
        32,
        131,
        152,
        157,
        77,
        60,
        152,
        81,
        113,
        127,
        160,
        162,
        74,
        139,
        141,
        17,
        112,
        109,
        104],
    [   58,
        41,
        162,
        223,
        154,
        194,
        242,
        20,
        260,
        196,
        110,
        128,
        24,
        103,
        50,
        158,
        132,
        218,
        88,
        25,
        256,
        252,
        58,
        139,
        169,
        84,
        131,
        66,
        232,
        84,
        74,
        30,
        26,
        30,
        92,
        163,
        135,
        94,
        97,
        76,
        0,
        34,
        166,
        28,
        101,
        206,
        71,
        247,
        76,
        96,
        124,
        65,
        205,
        211,
        147,
        100,
        55,
        223,
        130,
        181,
        193,
        236,
        161,
        45,
        214,
        216,
        77,
        67,
        177,
        178],
    [   92,
        72,
        164,
        255,
        149,
        222,
        257,
        44,
        272,
        199,
        128,
        159,
        22,
        112,
        62,
        164,
        132,
        245,
        116,
        46,
        271,
        267,
        62,
        167,
        200,
        74,
        164,
        83,
        243,
        117,
        105,
        59,
        39,
        64,
        103,
        197,
        119,
        69,
        130,
        101,
        34,
        0,
        173,
        20,
        134,
        229,
        105,
        263,
        109,
        126,
        132,
        96,
        222,
        216,
        125,
        99,
        89,
        236,
        135,
        193,
        224,
        254,
        141,
        79,
        232,
        242,
        105,
        40,
        207,
        195],
    [   174,
        145,
        25,
        209,
        55,
        152,
        97,
        186,
        102,
        34,
        72,
        146,
        185,
        63,
        116,
        8,
        48,
        158,
        120,
        191,
        109,
        106,
        111,
        124,
        167,
        107,
        165,
        229,
        72,
        154,
        139,
        144,
        141,
        169,
        74,
        201,
        108,
        144,
        205,
        109,
        166,
        173,
        0,
        187,
        158,
        119,
        162,
        105,
        149,
        129,
        42,
        141,
        78,
        44,
        135,
        77,
        169,
        72,
        38,
        34,
        169,
        108,
        126,
        181,
        88,
        139,
        125,
        156,
        153,
        60],
    [   82,
        69,
        180,
        250,
        167,
        222,
        267,
        28,
        283,
        214,
        136,
        156,
        4,
        124,
        72,
        178,
        148,
        246,
        116,
        28,
        281,
        277,
        75,
        167,
        197,
        92,
        159,
        63,
        255,
        111,
        102,
        58,
        46,
        55,
        114,
        189,
        139,
        89,
        117,
        104,
        28,
        20,
        187,
        0,
        128,
        234,
        97,
        272,
        104,
        124,
        145,
        93,
        231,
        230,
        145,
        115,
        80,
        246,
        149,
        204,
        221,
        262,
        161,
        66,
        240,
        244,
        105,
        60,
        206,
        203],
    [   51,
        63,
        170,
        122,
        180,
        102,
        193,
        104,
        220,
        193,
        87,
        33,
        124,
        112,
        97,
        154,
        154,
        129,
        40,
        107,
        205,
        202,
        111,
        56,
        70,
        144,
        30,
        120,
        199,
        17,
        32,
        76,
        101,
        74,
        103,
        64,
        193,
        175,
        53,
        59,
        101,
        134,
        158,
        128,
        0,
        131,
        32,
        195,
        25,
        29,
        125,
        40,
        154,
        198,
        215,
        137,
        50,
        182,
        137,
        152,
        96,
        176,
        221,
        68,
        159,
        134,
        42,
        158,
        83,
        132],
    [   176,
        167,
        144,
        104,
        172,
        49,
        77,
        218,
        109,
        141,
        104,
        100,
        230,
        134,
        169,
        122,
        154,
        41,
        119,
        222,
        86,
        83,
        175,
        75,
        86,
        193,
        114,
        246,
        103,
        141,
        139,
        176,
        190,
        189,
        136,
        132,
        217,
        234,
        184,
        129,
        206,
        229,
        119,
        234,
        131,
        0,
        157,
        75,
        143,
        116,
        124,
        147,
        51,
        131,
        245,
        166,
        174,
        82,
        133,
        87,
        71,
        52,
        240,
        192,
        47,
        20,
        130,
        233,
        64,
        58],
    [   19,
        36,
        170,
        153,
        174,
        132,
        211,
        72,
        236,
        197,
        91,
        63,
        93,
        107,
        78,
        156,
        148,
        159,
        44,
        75,
        225,
        221,
        92,
        82,
        102,
        126,
        62,
        90,
        212,
        16,
        23,
        49,
        75,
        42,
        96,
        92,
        177,
        152,
        43,
        53,
        71,
        105,
        162,
        97,
        32,
        157,
        0,
        214,
        14,
        41,
        124,
        22,
        172,
        205,
        197,
        125,
        18,
        198,
        134,
        162,
        128,
        198,
        206,
        36,
        179,
        162,
        37,
        132,
        114,
        148],
    [   232,
        213,
        128,
        177,
        159,
        125,
        8,
        263,
        35,
        107,
        136,
        167,
        269,
        152,
        201,
        112,
        152,
        112,
        171,
        268,
        11,
        7,
        202,
        140,
        161,
        208,
        184,
        299,
        45,
        200,
        193,
        219,
        226,
        238,
        159,
        206,
        213,
        247,
        248,
        173,
        247,
        263,
        105,
        272,
        195,
        75,
        214,
        0,
        199,
        173,
        134,
        199,
        42,
        88,
        240,
        177,
        228,
        33,
        137,
        73,
        146,
        24,
        230,
        245,
        35,
        89,
        181,
        255,
        139,
        69],
    [   33,
        37,
        157,
        146,
        163,
        121,
        197,
        81,
        221,
        183,
        77,
        52,
        100,
        96,
        73,
        143,
        137,
        146,
        29,
        84,
        210,
        206,
        87,
        69,
        92,
        121,
        55,
        103,
        198,
        8,
        10,
        51,
        75,
        51,
        85,
        89,
        171,
        150,
        56,
        41,
        76,
        109,
        149,
        104,
        25,
        143,
        14,
        199,
        0,
        27,
        112,
        14,
        157,
        191,
        192,
        117,
        30,
        183,
        122,
        148,
        118,
        183,
        199,
        49,
        164,
        149,
        24,
        132,
        103,
        133],
    [   60,
        55,
        141,
        130,
        151,
        97,
        170,
        104,
        195,
        164,
        58,
        35,
        120,
        84,
        78,
        124,
        125,
        122,
        13,
        108,
        183,
        179,
        90,
        43,
        75,
        122,
        46,
        130,
        173,
        27,
        23,
        67,
        88,
        74,
        75,
        85,
        168,
        156,
        78,
        34,
        96,
        126,
        129,
        124,
        29,
        116,
        41,
        173,
        27,
        0,
        96,
        32,
        130,
        169,
        191,
        111,
        57,
        157,
        108,
        124,
        97,
        156,
        196,
        75,
        137,
        123,
        20,
        143,
        81,
        107],
    [   134,
        103,
        45,
        198,
        57,
        144,
        127,
        143,
        139,
        74,
        39,
        120,
        143,
        21,
        74,
        34,
        33,
        156,
        85,
        148,
        141,
        137,
        70,
        103,
        148,
        73,
        137,
        187,
        110,
        117,
        102,
        102,
        99,
        127,
        32,
        176,
        93,
        114,
        168,
        70,
        124,
        132,
        42,
        145,
        125,
        124,
        124,
        134,
        112,
        96,
        0,
        102,
        98,
        86,
        120,
        44,
        129,
        104,
        12,
        61,
        157,
        130,
        118,
        140,
        108,
        142,
        87,
        120,
        139,
        72],
    [   33,
        24,
        147,
        158,
        151,
        129,
        196,
        72,
        218,
        175,
        70,
        63,
        89,
        85,
        58,
        135,
        125,
        154,
        27,
        76,
        209,
        205,
        73,
        76,
        104,
        106,
        68,
        100,
        194,
        23,
        9,
        37,
        61,
        42,
        74,
        104,
        157,
        135,
        66,
        32,
        65,
        96,
        141,
        93,
        40,
        147,
        22,
        199,
        14,
        32,
        102,
        0,
        156,
        184,
        177,
        103,
        29,
        180,
        112,
        143,
        128,
        184,
        185,
        46,
        164,
        155,
        18,
        118,
        112,
        131],
    [   189,
        171,
        104,
        154,
        133,
        97,
        39,
        221,
        66,
        93,
        95,
        127,
        228,
        114,
        160,
        83,
        121,
        92,
        129,
        226,
        52,
        48,
        162,
        100,
        128,
        171,
        145,
        256,
        53,
        158,
        151,
        177,
        184,
        196,
        120,
        172,
        185,
        212,
        207,
        131,
        205,
        222,
        78,
        231,
        154,
        51,
        172,
        42,
        157,
        130,
        98,
        156,
        0,
        81,
        212,
        142,
        186,
        33,
        103,
        43,
        118,
        32,
        204,
        202,
        10,
        70,
        138,
        217,
        107,
        27],
    [   217,
        189,
        54,
        231,
        80,
        173,
        80,
        230,
        71,
        21,
        114,
        182,
        229,
        108,
        160,
        52,
        85,
        172,
        162,
        235,
        88,
        86,
        155,
        157,
        196,
        147,
        201,
        273,
        44,
        195,
        182,
        189,
        185,
        213,
        118,
        235,
        136,
        180,
        247,
        152,
        211,
        216,
        44,
        230,
        198,
        131,
        205,
        88,
        191,
        169,
        86,
        184,
        81,
        0,
        160,
        118,
        212,
        56,
        81,
        50,
        193,
        101,
        147,
        225,
        87,
        150,
        167,
        196,
        178,
        78],
    [   194,
        161,
        111,
        313,
        81,
        263,
        232,
        165,
        231,
        139,
        150,
        224,
        147,
        115,
        119,
        129,
        90,
        277,
        178,
        168,
        243,
        241,
        104,
        216,
        260,
        70,
        237,
        208,
        202,
        200,
        183,
        150,
        126,
        171,
        119,
        277,
        27,
        56,
        236,
        157,
        147,
        125,
        135,
        145,
        215,
        245,
        197,
        240,
        192,
        191,
        120,
        177,
        212,
        160,
        0,
        83,
        189,
        207,
        111,
        169,
        274,
        243,
        19,
        189,
        222,
        263,
        173,
        85,
        255,
        189],
    [   128,
        94,
        65,
        230,
        53,
        180,
        170,
        121,
        179,
        100,
        67,
        142,
        114,
        33,
        53,
        68,
        33,
        196,
        98,
        125,
        183,
        180,
        41,
        132,
        177,
        30,
        157,
        166,
        149,
        124,
        107,
        87,
        74,
        113,
        36,
        196,
        57,
        70,
        168,
        77,
        100,
        99,
        77,
        115,
        137,
        166,
        125,
        177,
        117,
        111,
        44,
        103,
        142,
        118,
        83,
        0,
        123,
        146,
        40,
        103,
        190,
        174,
        85,
        129,
        152,
        184,
        94,
        79,
        172,
        116],
    [   5,
        29,
        173,
        172,
        174,
        151,
        225,
        53,
        248,
        203,
        99,
        82,
        75,
        110,
        72,
        162,
        149,
        177,
        56,
        56,
        238,
        234,
        86,
        100,
        120,
        120,
        80,
        72,
        223,
        35,
        35,
        39,
        64,
        25,
        99,
        109,
        172,
        142,
        46,
        60,
        55,
        89,
        169,
        80,
        50,
        174,
        18,
        228,
        30,
        57,
        129,
        29,
        186,
        212,
        189,
        123,
        0,
        210,
        138,
        172,
        147,
        213,
        200,
        18,
        193,
        180,
        47,
        119,
        133,
        160],
    [   214,
        192,
        95,
        187,
        125,
        130,
        25,
        240,
        38,
        74,
        113,
        158,
        244,
        124,
        174,
        79,
        120,
        123,
        154,
        245,
        37,
        34,
        174,
        131,
        161,
        177,
        176,
        278,
        20,
        185,
        175,
        196,
        200,
        217,
        132,
        204,
        180,
        215,
        235,
        152,
        223,
        236,
        72,
        246,
        182,
        82,
        198,
        33,
        183,
        157,
        104,
        180,
        33,
        56,
        207,
        146,
        210,
        0,
        106,
        43,
        151,
        44,
        196,
        225,
        35,
        100,
        162,
        225,
        140,
        50],
    [   143,
        112,
        35,
        209,
        45,
        155,
        130,
        149,
        139,
        66,
        51,
        132,
        147,
        28,
        79,
        29,
        21,
        167,
        97,
        154,
        143,
        140,
        73,
        115,
        161,
        70,
        149,
        193,
        109,
        129,
        112,
        109,
        104,
        135,
        39,
        188,
        83,
        109,
        178,
        81,
        130,
        135,
        38,
        149,
        137,
        133,
        134,
        137,
        122,
        108,
        12,
        112,
        103,
        81,
        111,
        40,
        138,
        106,
        0,
        63,
        169,
        136,
        107,
        148,
        113,
        152,
        98,
        119,
        151,
        78],
    [   177,
        152,
        60,
        183,
        90,
        125,
        66,
        198,
        79,
        55,
        73,
        133,
        201,
        81,
        132,
        40,
        79,
        127,
        118,
        203,
        79,
        76,
        130,
        107,
        146,
        134,
        152,
        238,
        51,
        151,
        139,
        155,
        157,
        177,
        89,
        185,
        142,
        173,
        202,
        113,
        181,
        193,
        34,
        204,
        152,
        87,
        162,
        73,
        148,
        124,
        61,
        143,
        43,
        50,
        169,
        103,
        172,
        43,
        63,
        0,
        144,
        74,
        161,
        187,
        53,
        107,
        125,
        182,
        129,
        29],
    [   147,
        152,
        191,
        40,
        214,
        21,
        149,
        199,
        180,
        198,
        123,
        65,
        217,
        158,
        172,
        169,
        191,
        41,
        108,
        202,
        157,
        154,
        183,
        59,
        27,
        210,
        68,
        215,
        172,
        112,
        119,
        165,
        186,
        169,
        154,
        67,
        247,
        248,
        139,
        127,
        193,
        224,
        169,
        221,
        96,
        71,
        128,
        146,
        118,
        97,
        157,
        128,
        118,
        193,
        274,
        190,
        147,
        151,
        169,
        144,
        0,
        123,
        274,
        164,
        117,
        59,
        118,
        239,
        18,
        114],
    [   216,
        200,
        133,
        153,
        163,
        101,
        28,
        251,
        59,
        118,
        126,
        147,
        259,
        147,
        192,
        114,
        153,
        87,
        156,
        255,
        34,
        31,
        195,
        120,
        138,
        204,
        163,
        284,
        62,
        183,
        177,
        207,
        216,
        224,
        152,
        184,
        216,
        244,
        230,
        160,
        236,
        254,
        108,
        262,
        176,
        52,
        198,
        24,
        183,
        156,
        130,
        184,
        32,
        101,
        243,
        174,
        213,
        44,
        136,
        74,
        123,
        0,
        235,
        230,
        22,
        65,
        166,
        250,
        116,
        60],
    [   205,
        171,
        101,
        314,
        71,
        262,
        222,
        179,
        219,
        126,
        151,
        228,
        163,
        116,
        128,
        121,
        85,
        274,
        183,
        183,
        233,
        230,
        113,
        217,
        262,
        80,
        242,
        224,
        190,
        208,
        190,
        161,
        139,
        183,
        122,
        282,
        28,
        73,
        246,
        162,
        161,
        141,
        126,
        161,
        221,
        240,
        206,
        230,
        199,
        196,
        118,
        185,
        204,
        147,
        19,
        85,
        200,
        196,
        107,
        161,
        274,
        235,
        0,
        201,
        214,
        259,
        179,
        102,
        256,
        183],
    [   17,
        36,
        183,
        189,
        182,
        169,
        241,
        39,
        263,
        214,
        113,
        100,
        62,
        120,
        76,
        174,
        157,
        195,
        73,
        40,
        255,
        251,
        89,
        118,
        138,
        121,
        98,
        54,
        238,
        53,
        52,
        41,
        62,
        17,
        108,
        124,
        174,
        138,
        51,
        74,
        45,
        79,
        181,
        66,
        68,
        192,
        36,
        245,
        49,
        75,
        140,
        46,
        202,
        225,
        189,
        129,
        18,
        225,
        148,
        187,
        164,
        230,
        201,
        0,
        210,
        198,
        64,
        113,
        151,
        176],
    [   196,
        179,
        113,
        152,
        143,
        96,
        34,
        229,
        64,
        102,
        104,
        131,
        237,
        124,
        170,
        93,
        132,
        88,
        136,
        234,
        46,
        42,
        172,
        104,
        129,
        182,
        149,
        264,
        55,
        164,
        158,
        185,
        194,
        204,
        130,
        173,
        195,
        222,
        213,
        139,
        214,
        232,
        88,
        240,
        159,
        47,
        179,
        35,
        164,
        137,
        108,
        164,
        10,
        87,
        222,
        152,
        193,
        35,
        113,
        53,
        117,
        22,
        214,
        210,
        0,
        65,
        146,
        227,
        107,
        37],
    [   182,
        176,
        164,
        88,
        191,
        40,
        92,
        227,
        124,
        161,
        119,
        101,
        241,
        151,
        182,
        142,
        173,
        23,
        128,
        231,
        99,
        96,
        190,
        80,
        80,
        209,
        113,
        253,
        121,
        146,
        147,
        186,
        202,
        198,
        152,
        125,
        236,
        250,
        185,
        141,
        216,
        242,
        139,
        244,
        134,
        20,
        162,
        89,
        149,
        123,
        142,
        155,
        70,
        150,
        263,
        184,
        180,
        100,
        152,
        107,
        59,
        65,
        259,
        198,
        65,
        0,
        140,
        247,
        58,
        78],
    [   51,
        36,
        133,
        151,
        139,
        117,
        177,
        87,
        200,
        159,
        53,
        56,
        101,
        72,
        57,
        119,
        113,
        141,
        11,
        91,
        191,
        187,
        70,
        62,
        96,
        103,
        65,
        118,
        176,
        30,
        14,
        47,
        67,
        59,
        62,
        104,
        150,
        136,
        80,
        17,
        77,
        105,
        125,
        105,
        42,
        130,
        37,
        181,
        24,
        20,
        87,
        18,
        138,
        167,
        173,
        94,
        47,
        162,
        98,
        125,
        118,
        166,
        179,
        64,
        146,
        140,
        0,
        122,
        101,
        113],
    [   123,
        96,
        142,
        274,
        122,
        234,
        248,
        82,
        258,
        177,
        128,
        178,
        62,
        102,
        66,
        148,
        110,
        255,
        131,
        85,
        261,
        258,
        57,
        180,
        218,
        49,
        186,
        124,
        228,
        141,
        126,
        82,
        57,
        96,
        98,
        222,
        83,
        29,
        164,
        112,
        67,
        40,
        156,
        60,
        158,
        233,
        132,
        255,
        132,
        143,
        120,
        118,
        217,
        196,
        85,
        79,
        119,
        225,
        119,
        182,
        239,
        250,
        102,
        113,
        227,
        247,
        122,
        0,
        221,
        190],
    [   134,
        136,
        174,
        58,
        196,
        19,
        141,
        184,
        172,
        183,
        104,
        50,
        202,
        139,
        154,
        152,
        173,
        46,
        91,
        188,
        150,
        147,
        165,
        41,
        22,
        192,
        57,
        203,
        161,
        98,
        103,
        148,
        169,
        154,
        136,
        67,
        229,
        230,
        130,
        109,
        177,
        207,
        153,
        206,
        83,
        64,
        114,
        139,
        103,
        81,
        139,
        112,
        107,
        178,
        255,
        172,
        133,
        140,
        151,
        129,
        18,
        116,
        256,
        151,
        107,
        58,
        101,
        221,
        0,
        100],
    [   164,
        144,
        86,
        153,
        114,
        95,
        65,
        194,
        87,
        85,
        67,
        109,
        200,
        87,
        132,
        64,
        98,
        97,
        104,
        198,
        78,
        74,
        134,
        83,
        118,
        145,
        128,
        230,
        66,
        134,
        126,
        149,
        157,
        169,
        92,
        159,
        162,
        185,
        185,
        104,
        178,
        195,
        60,
        203,
        132,
        58,
        148,
        69,
        133,
        107,
        72,
        131,
        27,
        78,
        189,
        116,
        160,
        50,
        78,
        29,
        114,
        60,
        183,
        176,
        37,
        78,
        113,
        190,
        100,
        0]]
;
task=[   451,
    48,
    205,
    56,
    30,
    124,
    108,
    300,
    166,
    246,
    4,
    118,
    19,
    365,
    216,
    352,
    18,
    142,
    37,
    571,
    157,
    108,
    222,
    393,
    279,
    81,
    395,
    404,
    204,
    538,
    535,
    136,
    544,
    0,
    442,
    94,
    53,
    346,
    217,
    506,
    634,
    484,
    39,
    262,
    284,
    214,
    265,
    184,
    8,
    205,
    347,
    183,
    3,
    18,
    264,
    428,
    421,
    234,
    39,
    236,
    210,
    21,
    341,
    512,
    272,
    321,
    215,
    432,
    103,
    247]
;
minW=[   2,
    6,
    107,
    115,
    11,
    116,
    177,
    18,
    123,
    22,
    9,
    32,
    12,
    48,
    42,
    50,
    124,
    55,
    66,
    23,
    99,
    126,
    45,
    43,
    96,
    88,
    47,
    22,
    98,
    28,
    2,
    7,
    3,
    0,
    39,
    112,
    45,
    111,
    37,
    41,
    18,
    34,
    44,
    52,
    57,
    181,
    21,
    129,
    42,
    26,
    10,
    8,
    96,
    64,
    47,
    18,
    7,
    203,
    95,
    19,
    19,
    98,
    29,
    3,
    190,
    67,
    23,
    16,
    100,
    125]
;
maxW=[   90,
    163,
    174,
    407,
    317,
    359,
    431,
    223,
    410,
    409,
    287,
    250,
    61,
    251,
    206,
    274,
    151,
    244,
    129,
    189,
    497,
    480,
    209,
    301,
    304,
    315,
    170,
    154,
    456,
    176,
    189,
    124,
    181,
    720,
    248,
    343,
    375,
    302,
    244,
    112,
    219,
    73,
    207,
    101,
    306,
    337,
    88,
    441,
    122,
    255,
    190,
    102,
    343,
    373,
    253,
    216,
    53,
    416,
    377,
    419,
    190,
    442,
    391,
    107,
    410,
    445,
    102,
    298,
    208,
    211]
;