// Generated by InstanceGenerator.py v0.1
// Juan Francisco Martinez Vera
// AMMM - MIRI, FIB UPC
//
// RAND_SEED=1484783198

bigM=100000;

nLocations=70;
startLocation=50;
distances=[   [   0,
        109,
        75,
        144,
        131,
        159,
        77,
        92,
        114,
        74,
        46,
        47,
        77,
        85,
        130,
        96,
        123,
        167,
        88,
        58,
        165,
        36,
        86,
        53,
        169,
        120,
        97,
        79,
        75,
        21,
        132,
        76,
        170,
        60,
        103,
        119,
        46,
        49,
        54,
        93,
        142,
        164,
        102,
        160,
        177,
        98,
        1,
        93,
        116,
        122,
        112,
        82,
        97,
        36,
        63,
        116,
        195,
        140,
        159,
        105,
        46,
        60,
        63,
        173,
        104,
        141,
        200,
        105,
        145,
        198],
    [   109,
        0,
        182,
        252,
        163,
        89,
        43,
        39,
        12,
        117,
        134,
        63,
        125,
        48,
        131,
        200,
        81,
        216,
        34,
        61,
        219,
        73,
        111,
        148,
        210,
        152,
        207,
        99,
        177,
        109,
        236,
        179,
        63,
        82,
        41,
        10,
        156,
        153,
        103,
        193,
        110,
        196,
        111,
        209,
        72,
        16,
        110,
        202,
        225,
        231,
        154,
        191,
        85,
        137,
        127,
        66,
        208,
        236,
        214,
        214,
        139,
        161,
        124,
        91,
        71,
        57,
        217,
        155,
        209,
        216],
    [   75,
        182,
        0,
        82,
        173,
        232,
        145,
        167,
        188,
        102,
        58,
        122,
        99,
        150,
        187,
        67,
        193,
        189,
        157,
        132,
        183,
        109,
        120,
        46,
        197,
        132,
        31,
        142,
        64,
        85,
        89,
        19,
        245,
        114,
        177,
        192,
        29,
        57,
        115,
        76,
        209,
        199,
        137,
        184,
        251,
        172,
        73,
        20,
        62,
        60,
        118,
        11,
        146,
        65,
        83,
        189,
        237,
        115,
        178,
        35,
        52,
        64,
        85,
        247,
        159,
        215,
        239,
        142,
        158,
        236],
    [   144,
        252,
        82,
        0,
        189,
        283,
        221,
        228,
        256,
        184,
        140,
        189,
        182,
        227,
        217,
        61,
        242,
        180,
        231,
        195,
        171,
        180,
        202,
        128,
        193,
        212,
        51,
        187,
        82,
        145,
        38,
        98,
        311,
        194,
        238,
        262,
        100,
        101,
        163,
        74,
        250,
        202,
        219,
        177,
        316,
        239,
        142,
        64,
        28,
        22,
        198,
        70,
        228,
        116,
        165,
        242,
        243,
        73,
        168,
        47,
        134,
        96,
        168,
        302,
        240,
        274,
        241,
        159,
        147,
        238],
    [   131,
        163,
        173,
        189,
        0,
        130,
        167,
        123,
        156,
        203,
        176,
        129,
        208,
        179,
        42,
        130,
        95,
        55,
        171,
        114,
        59,
        137,
        212,
        180,
        46,
        251,
        173,
        67,
        115,
        110,
        153,
        187,
        190,
        178,
        124,
        171,
        149,
        116,
        80,
        116,
        83,
        35,
        225,
        48,
        188,
        147,
        131,
        182,
        164,
        177,
        243,
        171,
        210,
        111,
        195,
        106,
        64,
        129,
        56,
        181,
        175,
        109,
        194,
        150,
        208,
        140,
        68,
        31,
        62,
        66],
    [   159,
        89,
        232,
        283,
        130,
        0,
        126,
        72,
        77,
        197,
        199,
        118,
        204,
        134,
        88,
        223,
        41,
        183,
        120,
        102,
        189,
        133,
        195,
        210,
        171,
        237,
        248,
        97,
        201,
        146,
        257,
        235,
        71,
        161,
        61,
        89,
        203,
        185,
        120,
        212,
        47,
        153,
        198,
        177,
        64,
        83,
        160,
        249,
        255,
        265,
        237,
        237,
        173,
        171,
        202,
        43,
        148,
        244,
        186,
        256,
        202,
        187,
        199,
        20,
        160,
        32,
        159,
        141,
        190,
        158],
    [   77,
        43,
        145,
        221,
        167,
        126,
        0,
        58,
        54,
        74,
        93,
        41,
        81,
        11,
        145,
        173,
        106,
        216,
        11,
        53,
        217,
        42,
        69,
        107,
        213,
        111,
        173,
        100,
        152,
        84,
        209,
        140,
        106,
        39,
        67,
        50,
        121,
        126,
        93,
        169,
        135,
        202,
        72,
        209,
        116,
        43,
        79,
        165,
        194,
        199,
        111,
        155,
        48,
        111,
        84,
        93,
        221,
        215,
        212,
        179,
        98,
        136,
        81,
        131,
        41,
        97,
        230,
        152,
        203,
        228],
    [   92,
        39,
        167,
        228,
        123,
        72,
        58,
        0,
        34,
        125,
        127,
        47,
        132,
        68,
        93,
        172,
        48,
        177,
        55,
        34,
        179,
        62,
        124,
        140,
        170,
        167,
        187,
        60,
        149,
        84,
        208,
        167,
        83,
        89,
        11,
        47,
        138,
        127,
        69,
        163,
        77,
        157,
        129,
        170,
        87,
        23,
        93,
        185,
        200,
        208,
        166,
        173,
        106,
        112,
        129,
        35,
        170,
        204,
        175,
        195,
        131,
        133,
        127,
        82,
        97,
        49,
        179,
        117,
        171,
        177],
    [   114,
        12,
        188,
        256,
        156,
        77,
        54,
        34,
        0,
        128,
        142,
        67,
        136,
        59,
        123,
        202,
        71,
        211,
        45,
        62,
        213,
        79,
        122,
        155,
        203,
        164,
        212,
        94,
        178,
        111,
        238,
        186,
        56,
        92,
        32,
        15,
        161,
        156,
        102,
        194,
        99,
        189,
        123,
        203,
        64,
        16,
        115,
        208,
        228,
        235,
        165,
        196,
        97,
        140,
        137,
        56,
        198,
        236,
        209,
        219,
        147,
        162,
        134,
        79,
        83,
        45,
        208,
        151,
        205,
        207],
    [   74,
        117,
        102,
        184,
        203,
        197,
        74,
        125,
        128,
        0,
        45,
        84,
        7,
        70,
        194,
        155,
        170,
        241,
        83,
        102,
        239,
        70,
        18,
        56,
        243,
        47,
        133,
        143,
        139,
        94,
        186,
        88,
        179,
        36,
        136,
        124,
        90,
        115,
        122,
        157,
        196,
        237,
        35,
        234,
        189,
        116,
        74,
        121,
        163,
        162,
        41,
        114,
        48,
        107,
        19,
        159,
        265,
        204,
        233,
        138,
        51,
        127,
        16,
        204,
        65,
        169,
        271,
        178,
        219,
        269],
    [   46,
        134,
        58,
        140,
        176,
        199,
        93,
        127,
        142,
        45,
        0,
        80,
        44,
        95,
        176,
        111,
        165,
        207,
        104,
        97,
        204,
        65,
        62,
        14,
        211,
        83,
        89,
        125,
        97,
        67,
        141,
        48,
        197,
        57,
        139,
        142,
        46,
        74,
        100,
        114,
        187,
        208,
        79,
        200,
        206,
        126,
        45,
        78,
        118,
        118,
        72,
        70,
        87,
        69,
        26,
        157,
        240,
        160,
        198,
        94,
        6,
        86,
        28,
        210,
        101,
        176,
        245,
        148,
        182,
        242],
    [   47,
        63,
        122,
        189,
        129,
        118,
        41,
        47,
        67,
        84,
        80,
        0,
        90,
        51,
        112,
        137,
        87,
        176,
        48,
        18,
        176,
        15,
        88,
        93,
        174,
        129,
        145,
        63,
        115,
        46,
        174,
        121,
        123,
        51,
        58,
        73,
        94,
        90,
        52,
        132,
        112,
        164,
        97,
        169,
        129,
        50,
        48,
        141,
        162,
        168,
        126,
        129,
        81,
        75,
        84,
        77,
        187,
        176,
        171,
        152,
        84,
        99,
        82,
        129,
        79,
        96,
        194,
        111,
        162,
        192],
    [   77,
        125,
        99,
        182,
        208,
        204,
        81,
        132,
        136,
        7,
        44,
        90,
        0,
        78,
        200,
        155,
        177,
        245,
        91,
        109,
        242,
        76,
        22,
        54,
        247,
        43,
        131,
        148,
        140,
        98,
        185,
        84,
        187,
        43,
        143,
        132,
        90,
        116,
        127,
        157,
        203,
        241,
        38,
        237,
        197,
        123,
        77,
        117,
        161,
        160,
        35,
        111,
        54,
        109,
        17,
        166,
        270,
        204,
        237,
        135,
        50,
        129,
        15,
        212,
        71,
        177,
        276,
        182,
        221,
        274],
    [   85,
        48,
        150,
        227,
        179,
        134,
        11,
        68,
        59,
        70,
        95,
        51,
        78,
        0,
        156,
        181,
        116,
        228,
        14,
        64,
        228,
        51,
        63,
        109,
        224,
        104,
        178,
        111,
        160,
        94,
        217,
        143,
        108,
        38,
        76,
        53,
        127,
        134,
        104,
        178,
        145,
        214,
        63,
        220,
        119,
        50,
        86,
        170,
        201,
        205,
        106,
        160,
        38,
        120,
        83,
        102,
        233,
        224,
        223,
        184,
        101,
        144,
        79,
        138,
        29,
        104,
        241,
        163,
        214,
        239],
    [   130,
        131,
        187,
        217,
        42,
        88,
        145,
        93,
        123,
        194,
        176,
        112,
        200,
        156,
        0,
        156,
        56,
        95,
        146,
        94,
        101,
        124,
        200,
        182,
        84,
        241,
        193,
        51,
        137,
        109,
        185,
        197,
        150,
        164,
        90,
        138,
        159,
        130,
        75,
        143,
        40,
        68,
        210,
        89,
        147,
        116,
        130,
        199,
        190,
        202,
        236,
        187,
        191,
        121,
        190,
        69,
        76,
        165,
        98,
        201,
        176,
        127,
        189,
        108,
        186,
        101,
        86,
        59,
        103,
        84],
    [   96,
        200,
        67,
        61,
        130,
        223,
        173,
        172,
        202,
        155,
        111,
        137,
        155,
        181,
        156,
        0,
        182,
        131,
        183,
        140,
        123,
        131,
        172,
        103,
        141,
        193,
        49,
        126,
        23,
        91,
        36,
        86,
        255,
        154,
        181,
        210,
        64,
        47,
        104,
        13,
        188,
        148,
        189,
        126,
        259,
        185,
        95,
        64,
        34,
        47,
        180,
        58,
        191,
        62,
        137,
        183,
        188,
        49,
        119,
        55,
        105,
        39,
        139,
        242,
        200,
        215,
        187,
        99,
        98,
        185],
    [   123,
        81,
        193,
        242,
        95,
        41,
        106,
        48,
        71,
        170,
        165,
        87,
        177,
        116,
        56,
        182,
        0,
        150,
        104,
        69,
        155,
        102,
        171,
        175,
        140,
        214,
        208,
        55,
        160,
        108,
        215,
        198,
        94,
        135,
        41,
        86,
        164,
        144,
        80,
        171,
        28,
        124,
        178,
        144,
        92,
        69,
        124,
        210,
        214,
        224,
        212,
        197,
        155,
        130,
        172,
        14,
        128,
        203,
        152,
        216,
        168,
        146,
        169,
        60,
        145,
        45,
        138,
        102,
        153,
        137],
    [   167,
        216,
        189,
        180,
        55,
        183,
        216,
        177,
        211,
        241,
        207,
        176,
        245,
        228,
        95,
        131,
        150,
        0,
        221,
        164,
        9,
        182,
        253,
        207,
        16,
        288,
        180,
        118,
        125,
        147,
        142,
        206,
        245,
        221,
        178,
        225,
        171,
        137,
        124,
        118,
        135,
        33,
        267,
        7,
        242,
        200,
        167,
        192,
        161,
        174,
        278,
        184,
        256,
        138,
        230,
        161,
        69,
        109,
        12,
        186,
        205,
        126,
        230,
        204,
        256,
        195,
        63,
        65,
        33,
        61],
    [   88,
        34,
        157,
        231,
        171,
        120,
        11,
        55,
        45,
        83,
        104,
        48,
        91,
        14,
        146,
        183,
        104,
        221,
        0,
        57,
        222,
        52,
        77,
        118,
        217,
        118,
        183,
        103,
        161,
        93,
        219,
        151,
        96,
        49,
        63,
        40,
        132,
        136,
        99,
        179,
        133,
        205,
        78,
        213,
        106,
        37,
        89,
        177,
        205,
        209,
        120,
        166,
        52,
        121,
        94,
        89,
        223,
        224,
        217,
        190,
        109,
        145,
        91,
        124,
        41,
        90,
        231,
        157,
        209,
        229],
    [   58,
        61,
        132,
        195,
        114,
        102,
        53,
        34,
        62,
        102,
        97,
        18,
        109,
        64,
        94,
        140,
        69,
        164,
        57,
        0,
        164,
        33,
        106,
        108,
        160,
        148,
        153,
        47,
        116,
        50,
        176,
        134,
        115,
        70,
        44,
        71,
        103,
        94,
        43,
        132,
        93,
        149,
        115,
        156,
        121,
        46,
        59,
        151,
        167,
        174,
        144,
        139,
        97,
        78,
        103,
        60,
        170,
        174,
        159,
        161,
        100,
        100,
        100,
        115,
        93,
        82,
        177,
        99,
        152,
        175],
    [   165,
        219,
        183,
        171,
        59,
        189,
        217,
        179,
        213,
        239,
        204,
        176,
        242,
        228,
        101,
        123,
        155,
        9,
        222,
        164,
        0,
        181,
        251,
        203,
        25,
        285,
        173,
        120,
        118,
        145,
        133,
        200,
        249,
        219,
        181,
        227,
        166,
        132,
        124,
        111,
        141,
        42,
        265,
        12,
        247,
        202,
        164,
        186,
        153,
        166,
        275,
        178,
        255,
        134,
        227,
        165,
        78,
        100,
        5,
        179,
        201,
        121,
        227,
        210,
        255,
        200,
        72,
        65,
        25,
        70],
    [   36,
        73,
        109,
        180,
        137,
        133,
        42,
        62,
        79,
        70,
        65,
        15,
        76,
        51,
        124,
        131,
        102,
        182,
        52,
        33,
        181,
        0,
        76,
        78,
        180,
        117,
        133,
        73,
        109,
        42,
        167,
        107,
        135,
        40,
        73,
        83,
        82,
        83,
        57,
        126,
        126,
        172,
        87,
        174,
        143,
        63,
        37,
        128,
        153,
        158,
        112,
        117,
        74,
        69,
        69,
        92,
        197,
        172,
        176,
        141,
        69,
        93,
        67,
        145,
        75,
        110,
        204,
        116,
        165,
        201],
    [   86,
        111,
        120,
        202,
        212,
        195,
        69,
        124,
        122,
        18,
        62,
        88,
        22,
        63,
        200,
        172,
        171,
        253,
        77,
        106,
        251,
        76,
        0,
        74,
        254,
        42,
        151,
        150,
        156,
        106,
        203,
        106,
        171,
        36,
        135,
        116,
        108,
        131,
        132,
        173,
        198,
        247,
        17,
        246,
        182,
        112,
        87,
        139,
        181,
        180,
        42,
        132,
        33,
        121,
        37,
        159,
        273,
        220,
        246,
        156,
        69,
        143,
        34,
        201,
        51,
        166,
        280,
        189,
        232,
        277],
    [   53,
        148,
        46,
        128,
        180,
        210,
        107,
        140,
        155,
        56,
        14,
        93,
        54,
        109,
        182,
        103,
        175,
        207,
        118,
        108,
        203,
        78,
        74,
        0,
        212,
        90,
        77,
        132,
        91,
        73,
        131,
        33,
        211,
        72,
        151,
        156,
        39,
        71,
        106,
        107,
        196,
        210,
        91,
        201,
        219,
        140,
        53,
        65,
        107,
        106,
        77,
        57,
        101,
        69,
        37,
        168,
        244,
        152,
        198,
        81,
        8,
        83,
        39,
        223,
        115,
        189,
        248,
        150,
        180,
        245],
    [   169,
        210,
        197,
        193,
        46,
        171,
        213,
        170,
        203,
        243,
        211,
        174,
        247,
        224,
        84,
        141,
        140,
        16,
        217,
        160,
        25,
        180,
        254,
        212,
        0,
        290,
        190,
        113,
        133,
        148,
        155,
        213,
        235,
        220,
        170,
        218,
        177,
        143,
        123,
        128,
        123,
        18,
        267,
        16,
        232,
        193,
        169,
        202,
        173,
        187,
        281,
        193,
        254,
        142,
        233,
        152,
        53,
        123,
        27,
        197,
        209,
        133,
        232,
        191,
        253,
        185,
        48,
        64,
        46,
        46],
    [   120,
        152,
        132,
        212,
        251,
        237,
        111,
        167,
        164,
        47,
        83,
        129,
        43,
        104,
        241,
        193,
        214,
        288,
        118,
        148,
        285,
        117,
        42,
        90,
        290,
        0,
        163,
        190,
        180,
        141,
        220,
        114,
        209,
        78,
        177,
        156,
        129,
        158,
        170,
        197,
        241,
        284,
        41,
        281,
        220,
        154,
        120,
        147,
        195,
        191,
        14,
        143,
        68,
        151,
        58,
        202,
        313,
        242,
        280,
        165,
        88,
        170,
        57,
        242,
        85,
        208,
        319,
        225,
        264,
        316],
    [   97,
        207,
        31,
        51,
        173,
        248,
        173,
        187,
        212,
        133,
        89,
        145,
        131,
        178,
        193,
        49,
        208,
        180,
        183,
        153,
        173,
        133,
        151,
        77,
        190,
        163,
        0,
        154,
        58,
        103,
        61,
        48,
        268,
        144,
        197,
        217,
        51,
        64,
        128,
        62,
        220,
        195,
        168,
        175,
        274,
        195,
        96,
        16,
        33,
        29,
        149,
        19,
        177,
        77,
        114,
        206,
        234,
        91,
        168,
        8,
        83,
        65,
        117,
        265,
        189,
        235,
        234,
        141,
        147,
        232],
    [   79,
        99,
        142,
        187,
        67,
        97,
        100,
        60,
        94,
        143,
        125,
        63,
        148,
        111,
        51,
        126,
        55,
        118,
        103,
        47,
        120,
        73,
        150,
        132,
        113,
        190,
        154,
        0,
        104,
        59,
        160,
        150,
        138,
        114,
        64,
        107,
        113,
        90,
        27,
        115,
        66,
        102,
        160,
        110,
        139,
        82,
        80,
        157,
        158,
        169,
        184,
        145,
        144,
        77,
        138,
        57,
        123,
        149,
        115,
        162,
        126,
        90,
        137,
        115,
        141,
        92,
        131,
        56,
        111,
        128],
    [   75,
        177,
        64,
        82,
        115,
        201,
        152,
        149,
        178,
        139,
        97,
        115,
        140,
        160,
        137,
        23,
        160,
        125,
        161,
        116,
        118,
        109,
        156,
        91,
        133,
        180,
        58,
        104,
        0,
        68,
        59,
        82,
        232,
        135,
        157,
        187,
        52,
        26,
        81,
        18,
        167,
        137,
        172,
        119,
        236,
        162,
        74,
        68,
        54,
        65,
        168,
        59,
        172,
        40,
        123,
        160,
        176,
        65,
        113,
        66,
        92,
        16,
        124,
        219,
        180,
        192,
        177,
        83,
        94,
        174],
    [   21,
        109,
        85,
        145,
        110,
        146,
        84,
        84,
        111,
        94,
        67,
        46,
        98,
        94,
        109,
        91,
        108,
        147,
        93,
        50,
        145,
        42,
        106,
        73,
        148,
        141,
        103,
        59,
        68,
        0,
        127,
        91,
        166,
        76,
        94,
        119,
        56,
        44,
        33,
        85,
        125,
        143,
        120,
        139,
        171,
        95,
        21,
        102,
        116,
        124,
        133,
        90,
        112,
        28,
        85,
        103,
        173,
        130,
        139,
        111,
        67,
        52,
        84,
        162,
        117,
        131,
        178,
        83,
        126,
        176],
    [   132,
        236,
        89,
        38,
        153,
        257,
        209,
        208,
        238,
        186,
        141,
        174,
        185,
        217,
        185,
        36,
        215,
        142,
        219,
        176,
        133,
        167,
        203,
        131,
        155,
        220,
        61,
        160,
        59,
        127,
        0,
        108,
        291,
        188,
        216,
        246,
        95,
        83,
        139,
        44,
        220,
        165,
        221,
        139,
        294,
        222,
        131,
        77,
        28,
        39,
        207,
        77,
        224,
        98,
        167,
        217,
        206,
        35,
        129,
        62,
        135,
        75,
        170,
        276,
        234,
        250,
        203,
        125,
        109,
        201],
    [   76,
        179,
        19,
        98,
        187,
        235,
        140,
        167,
        186,
        88,
        48,
        121,
        84,
        143,
        197,
        86,
        198,
        206,
        151,
        134,
        200,
        107,
        106,
        33,
        213,
        114,
        48,
        150,
        82,
        91,
        108,
        0,
        242,
        105,
        178,
        188,
        37,
        71,
        123,
        94,
        216,
        214,
        123,
        200,
        250,
        170,
        75,
        33,
        81,
        77,
        100,
        30,
        135,
        76,
        69,
        192,
        251,
        134,
        195,
        50,
        41,
        79,
        72,
        249,
        149,
        216,
        253,
        155,
        176,
        251],
    [   170,
        63,
        245,
        311,
        190,
        71,
        106,
        83,
        56,
        179,
        197,
        123,
        187,
        108,
        150,
        255,
        94,
        245,
        96,
        115,
        249,
        135,
        171,
        211,
        235,
        209,
        268,
        138,
        232,
        166,
        291,
        242,
        0,
        145,
        75,
        55,
        217,
        210,
        152,
        246,
        115,
        218,
        168,
        238,
        12,
        72,
        171,
        264,
        283,
        290,
        213,
        252,
        141,
        194,
        190,
        83,
        218,
        286,
        246,
        275,
        202,
        216,
        187,
        58,
        124,
        49,
        229,
        192,
        246,
        228],
    [   60,
        82,
        114,
        194,
        178,
        161,
        39,
        89,
        92,
        36,
        57,
        51,
        43,
        38,
        164,
        154,
        135,
        221,
        49,
        70,
        219,
        40,
        36,
        72,
        220,
        78,
        144,
        114,
        135,
        76,
        188,
        105,
        145,
        0,
        100,
        89,
        94,
        109,
        97,
        153,
        162,
        212,
        46,
        213,
        155,
        80,
        60,
        134,
        169,
        172,
        76,
        125,
        37,
        96,
        45,
        123,
        237,
        200,
        214,
        150,
        64,
        120,
        42,
        168,
        46,
        133,
        244,
        156,
        202,
        242],
    [   103,
        41,
        177,
        238,
        124,
        61,
        67,
        11,
        32,
        136,
        139,
        58,
        143,
        76,
        90,
        181,
        41,
        178,
        63,
        44,
        181,
        73,
        135,
        151,
        170,
        177,
        197,
        64,
        157,
        94,
        216,
        178,
        75,
        100,
        0,
        47,
        148,
        137,
        77,
        172,
        70,
        156,
        139,
        171,
        78,
        27,
        104,
        196,
        209,
        218,
        176,
        184,
        115,
        121,
        140,
        26,
        166,
        211,
        177,
        205,
        143,
        142,
        138,
        71,
        105,
        37,
        176,
        120,
        174,
        174],
    [   119,
        10,
        192,
        262,
        171,
        89,
        50,
        47,
        15,
        124,
        142,
        73,
        132,
        53,
        138,
        210,
        86,
        225,
        40,
        71,
        227,
        83,
        116,
        156,
        218,
        156,
        217,
        107,
        187,
        119,
        246,
        188,
        55,
        89,
        47,
        0,
        165,
        163,
        113,
        203,
        114,
        204,
        115,
        217,
        65,
        25,
        120,
        212,
        235,
        241,
        159,
        200,
        88,
        148,
        135,
        71,
        214,
        246,
        223,
        224,
        148,
        171,
        131,
        89,
        73,
        57,
        224,
        164,
        218,
        222],
    [   46,
        156,
        29,
        100,
        149,
        203,
        121,
        138,
        161,
        90,
        46,
        94,
        90,
        127,
        159,
        64,
        164,
        171,
        132,
        103,
        166,
        82,
        108,
        39,
        177,
        129,
        51,
        113,
        52,
        56,
        95,
        37,
        217,
        94,
        148,
        165,
        0,
        34,
        86,
        68,
        180,
        177,
        125,
        165,
        223,
        144,
        45,
        47,
        75,
        77,
        116,
        35,
        129,
        38,
        72,
        159,
        214,
        113,
        161,
        58,
        40,
        45,
        74,
        218,
        140,
        186,
        216,
        118,
        143,
        214],
    [   49,
        153,
        57,
        101,
        116,
        185,
        126,
        127,
        156,
        115,
        74,
        90,
        116,
        134,
        130,
        47,
        144,
        137,
        136,
        94,
        132,
        83,
        131,
        71,
        143,
        158,
        64,
        90,
        26,
        44,
        83,
        71,
        210,
        109,
        137,
        163,
        34,
        0,
        64,
        44,
        156,
        143,
        147,
        130,
        215,
        139,
        48,
        68,
        72,
        81,
        146,
        57,
        146,
        15,
        100,
        142,
        180,
        91,
        127,
        72,
        70,
        12,
        101,
        202,
        154,
        173,
        182,
        84,
        109,
        180],
    [   54,
        103,
        115,
        163,
        80,
        120,
        93,
        69,
        102,
        122,
        100,
        52,
        127,
        104,
        75,
        104,
        80,
        124,
        99,
        43,
        124,
        57,
        132,
        106,
        123,
        170,
        128,
        27,
        81,
        33,
        139,
        123,
        152,
        97,
        77,
        113,
        86,
        64,
        0,
        95,
        93,
        115,
        144,
        116,
        155,
        87,
        54,
        130,
        135,
        144,
        163,
        118,
        131,
        51,
        116,
        78,
        142,
        134,
        119,
        136,
        100,
        66,
        115,
        138,
        131,
        111,
        148,
        59,
        109,
        146],
    [   93,
        193,
        76,
        74,
        116,
        212,
        169,
        163,
        194,
        157,
        114,
        132,
        157,
        178,
        143,
        13,
        171,
        118,
        179,
        132,
        111,
        126,
        173,
        107,
        128,
        197,
        62,
        115,
        18,
        85,
        44,
        94,
        246,
        153,
        172,
        203,
        68,
        44,
        95,
        0,
        176,
        134,
        190,
        113,
        250,
        178,
        92,
        75,
        48,
        61,
        185,
        68,
        190,
        57,
        140,
        172,
        174,
        47,
        106,
        68,
        108,
        33,
        142,
        231,
        198,
        206,
        174,
        86,
        85,
        171],
    [   142,
        110,
        209,
        250,
        83,
        47,
        135,
        77,
        99,
        196,
        187,
        112,
        203,
        145,
        40,
        188,
        28,
        135,
        133,
        93,
        141,
        126,
        198,
        196,
        123,
        241,
        220,
        66,
        167,
        125,
        220,
        216,
        115,
        162,
        70,
        114,
        180,
        156,
        93,
        176,
        0,
        106,
        205,
        129,
        110,
        97,
        143,
        224,
        222,
        233,
        238,
        212,
        183,
        144,
        196,
        43,
        103,
        203,
        139,
        229,
        189,
        155,
        194,
        68,
        174,
        66,
        114,
        98,
        144,
        113],
    [   164,
        196,
        199,
        202,
        35,
        153,
        202,
        157,
        189,
        237,
        208,
        164,
        241,
        214,
        68,
        148,
        124,
        33,
        205,
        149,
        42,
        172,
        247,
        210,
        18,
        284,
        195,
        102,
        137,
        143,
        165,
        214,
        218,
        212,
        156,
        204,
        177,
        143,
        115,
        134,
        106,
        0,
        259,
        30,
        215,
        180,
        164,
        205,
        180,
        194,
        276,
        196,
        245,
        141,
        228,
        136,
        40,
        135,
        42,
        202,
        206,
        135,
        228,
        174,
        243,
        169,
        39,
        60,
        58,
        37],
    [   102,
        111,
        137,
        219,
        225,
        198,
        72,
        129,
        123,
        35,
        79,
        97,
        38,
        63,
        210,
        189,
        178,
        267,
        78,
        115,
        265,
        87,
        17,
        91,
        267,
        41,
        168,
        160,
        172,
        120,
        221,
        123,
        168,
        46,
        139,
        115,
        125,
        147,
        144,
        190,
        205,
        259,
        0,
        260,
        179,
        114,
        102,
        156,
        198,
        198,
        47,
        149,
        26,
        137,
        54,
        164,
        284,
        237,
        260,
        173,
        86,
        159,
        51,
        202,
        44,
        168,
        291,
        202,
        247,
        289],
    [   160,
        209,
        184,
        177,
        48,
        177,
        209,
        170,
        203,
        234,
        200,
        169,
        237,
        220,
        89,
        126,
        144,
        7,
        213,
        156,
        12,
        174,
        246,
        201,
        16,
        281,
        175,
        110,
        119,
        139,
        139,
        200,
        238,
        213,
        171,
        217,
        165,
        130,
        116,
        113,
        129,
        30,
        260,
        0,
        236,
        192,
        160,
        187,
        157,
        171,
        271,
        179,
        248,
        131,
        223,
        154,
        68,
        107,
        11,
        182,
        198,
        120,
        223,
        198,
        248,
        189,
        64,
        57,
        30,
        62],
    [   177,
        72,
        251,
        316,
        188,
        64,
        116,
        87,
        64,
        189,
        206,
        129,
        197,
        119,
        147,
        259,
        92,
        242,
        106,
        121,
        247,
        143,
        182,
        219,
        232,
        220,
        274,
        139,
        236,
        171,
        294,
        250,
        12,
        155,
        78,
        65,
        223,
        215,
        155,
        250,
        110,
        215,
        179,
        236,
        0,
        79,
        178,
        270,
        287,
        295,
        224,
        259,
        152,
        199,
        200,
        83,
        212,
        288,
        244,
        281,
        211,
        220,
        197,
        49,
        135,
        47,
        223,
        192,
        245,
        222],
    [   98,
        16,
        172,
        239,
        147,
        83,
        43,
        23,
        16,
        116,
        126,
        50,
        123,
        50,
        116,
        185,
        69,
        200,
        37,
        46,
        202,
        63,
        112,
        140,
        193,
        154,
        195,
        82,
        162,
        95,
        222,
        170,
        72,
        80,
        27,
        25,
        144,
        139,
        87,
        178,
        97,
        180,
        114,
        192,
        79,
        0,
        99,
        191,
        211,
        218,
        154,
        180,
        89,
        124,
        123,
        54,
        193,
        220,
        198,
        203,
        131,
        146,
        120,
        88,
        78,
        54,
        202,
        139,
        193,
        200],
    [   1,
        110,
        73,
        142,
        131,
        160,
        79,
        93,
        115,
        74,
        45,
        48,
        77,
        86,
        130,
        95,
        124,
        167,
        89,
        59,
        164,
        37,
        87,
        53,
        169,
        120,
        96,
        80,
        74,
        21,
        131,
        75,
        171,
        60,
        104,
        120,
        45,
        48,
        54,
        92,
        143,
        164,
        102,
        160,
        178,
        99,
        0,
        92,
        115,
        120,
        112,
        80,
        98,
        35,
        63,
        117,
        195,
        139,
        159,
        104,
        46,
        59,
        63,
        174,
        105,
        142,
        200,
        104,
        145,
        198],
    [   93,
        202,
        20,
        64,
        182,
        249,
        165,
        185,
        208,
        121,
        78,
        141,
        117,
        170,
        199,
        64,
        210,
        192,
        177,
        151,
        186,
        128,
        139,
        65,
        202,
        147,
        16,
        157,
        68,
        102,
        77,
        33,
        264,
        134,
        196,
        212,
        47,
        68,
        130,
        75,
        224,
        205,
        156,
        187,
        270,
        191,
        92,
        0,
        49,
        44,
        133,
        12,
        166,
        79,
        101,
        206,
        244,
        108,
        181,
        17,
        71,
        72,
        104,
        265,
        179,
        233,
        245,
        150,
        160,
        243],
    [   116,
        225,
        62,
        28,
        164,
        255,
        194,
        200,
        228,
        163,
        118,
        162,
        161,
        201,
        190,
        34,
        214,
        161,
        205,
        167,
        153,
        153,
        181,
        107,
        173,
        195,
        33,
        158,
        54,
        116,
        28,
        81,
        283,
        169,
        209,
        235,
        75,
        72,
        135,
        48,
        222,
        180,
        198,
        157,
        287,
        211,
        115,
        49,
        0,
        13,
        181,
        51,
        204,
        88,
        144,
        214,
        221,
        62,
        149,
        34,
        112,
        68,
        146,
        273,
        215,
        245,
        220,
        134,
        128,
        217],
    [   122,
        231,
        60,
        22,
        177,
        265,
        199,
        208,
        235,
        162,
        118,
        168,
        160,
        205,
        202,
        47,
        224,
        174,
        209,
        174,
        166,
        158,
        180,
        106,
        187,
        191,
        29,
        169,
        65,
        124,
        39,
        77,
        290,
        172,
        218,
        241,
        77,
        81,
        144,
        61,
        233,
        194,
        198,
        171,
        295,
        218,
        120,
        44,
        13,
        0,
        177,
        48,
        205,
        96,
        143,
        223,
        234,
        74,
        162,
        26,
        111,
        78,
        146,
        283,
        217,
        254,
        233,
        146,
        141,
        231],
    [   112,
        154,
        118,
        198,
        243,
        237,
        111,
        166,
        165,
        41,
        72,
        126,
        35,
        106,
        236,
        180,
        212,
        278,
        120,
        144,
        275,
        112,
        42,
        77,
        281,
        14,
        149,
        184,
        168,
        133,
        207,
        100,
        213,
        76,
        176,
        159,
        116,
        146,
        163,
        185,
        238,
        276,
        47,
        271,
        224,
        154,
        112,
        133,
        181,
        177,
        0,
        130,
        73,
        141,
        48,
        200,
        306,
        230,
        270,
        151,
        76,
        158,
        48,
        243,
        90,
        208,
        311,
        217,
        254,
        309],
    [   82,
        191,
        11,
        70,
        171,
        237,
        155,
        173,
        196,
        114,
        70,
        129,
        111,
        160,
        187,
        58,
        197,
        184,
        166,
        139,
        178,
        117,
        132,
        57,
        193,
        143,
        19,
        145,
        59,
        90,
        77,
        30,
        252,
        125,
        184,
        200,
        35,
        57,
        118,
        68,
        212,
        196,
        149,
        179,
        259,
        180,
        80,
        12,
        51,
        48,
        130,
        0,
        157,
        67,
        94,
        194,
        234,
        105,
        173,
        24,
        63,
        62,
        97,
        252,
        170,
        221,
        236,
        140,
        153,
        233],
    [   97,
        85,
        146,
        228,
        210,
        173,
        48,
        106,
        97,
        48,
        87,
        81,
        54,
        38,
        191,
        191,
        155,
        256,
        52,
        97,
        255,
        74,
        33,
        101,
        254,
        68,
        177,
        144,
        172,
        112,
        224,
        135,
        141,
        37,
        115,
        88,
        129,
        146,
        131,
        190,
        183,
        245,
        26,
        248,
        152,
        89,
        98,
        166,
        204,
        205,
        73,
        157,
        0,
        134,
        66,
        141,
        267,
        237,
        250,
        182,
        94,
        157,
        63,
        176,
        17,
        142,
        275,
        191,
        238,
        273],
    [   36,
        137,
        65,
        116,
        111,
        171,
        111,
        112,
        140,
        107,
        69,
        75,
        109,
        120,
        121,
        62,
        130,
        138,
        121,
        78,
        134,
        69,
        121,
        69,
        142,
        151,
        77,
        77,
        40,
        28,
        98,
        76,
        194,
        96,
        121,
        148,
        38,
        15,
        51,
        57,
        144,
        141,
        137,
        131,
        199,
        124,
        35,
        79,
        88,
        96,
        141,
        67,
        134,
        0,
        93,
        128,
        176,
        104,
        129,
        85,
        66,
        24,
        93,
        187,
        140,
        158,
        179,
        81,
        113,
        176],
    [   63,
        127,
        83,
        165,
        195,
        202,
        84,
        129,
        137,
        19,
        26,
        84,
        17,
        83,
        190,
        137,
        172,
        230,
        94,
        103,
        227,
        69,
        37,
        37,
        233,
        58,
        114,
        138,
        123,
        85,
        167,
        69,
        190,
        45,
        140,
        135,
        72,
        100,
        116,
        140,
        196,
        228,
        54,
        223,
        200,
        123,
        63,
        101,
        144,
        143,
        48,
        94,
        66,
        93,
        0,
        161,
        258,
        186,
        221,
        118,
        32,
        112,
        3,
        211,
        82,
        176,
        264,
        168,
        206,
        261],
    [   116,
        66,
        189,
        242,
        106,
        43,
        93,
        35,
        56,
        159,
        157,
        77,
        166,
        102,
        69,
        183,
        14,
        161,
        89,
        60,
        165,
        92,
        159,
        168,
        152,
        202,
        206,
        57,
        160,
        103,
        217,
        192,
        83,
        123,
        26,
        71,
        159,
        142,
        78,
        172,
        43,
        136,
        164,
        154,
        83,
        54,
        117,
        206,
        214,
        223,
        200,
        194,
        141,
        128,
        161,
        0,
        142,
        207,
        162,
        214,
        160,
        145,
        159,
        59,
        131,
        35,
        153,
        109,
        162,
        151],
    [   195,
        208,
        237,
        243,
        64,
        148,
        221,
        170,
        198,
        265,
        240,
        187,
        270,
        233,
        76,
        188,
        128,
        69,
        223,
        170,
        78,
        197,
        273,
        244,
        53,
        313,
        234,
        123,
        176,
        173,
        206,
        251,
        218,
        237,
        166,
        214,
        214,
        180,
        142,
        174,
        103,
        40,
        284,
        68,
        212,
        193,
        195,
        244,
        221,
        234,
        306,
        234,
        267,
        176,
        258,
        142,
        0,
        175,
        80,
        242,
        239,
        172,
        257,
        166,
        262,
        170,
        11,
        95,
        98,
        11],
    [   140,
        236,
        115,
        73,
        129,
        244,
        215,
        204,
        236,
        204,
        160,
        176,
        204,
        224,
        165,
        49,
        203,
        109,
        224,
        174,
        100,
        172,
        220,
        152,
        123,
        242,
        91,
        149,
        65,
        130,
        35,
        134,
        286,
        200,
        211,
        246,
        113,
        91,
        134,
        47,
        203,
        135,
        237,
        107,
        288,
        220,
        139,
        108,
        62,
        74,
        230,
        105,
        237,
        104,
        186,
        207,
        175,
        0,
        97,
        95,
        154,
        80,
        188,
        264,
        245,
        242,
        172,
        105,
        77,
        170],
    [   159,
        214,
        178,
        168,
        56,
        186,
        212,
        175,
        209,
        233,
        198,
        171,
        237,
        223,
        98,
        119,
        152,
        12,
        217,
        159,
        5,
        176,
        246,
        198,
        27,
        280,
        168,
        115,
        113,
        139,
        129,
        195,
        246,
        214,
        177,
        223,
        161,
        127,
        119,
        106,
        139,
        42,
        260,
        11,
        244,
        198,
        159,
        181,
        149,
        162,
        270,
        173,
        250,
        129,
        221,
        162,
        80,
        97,
        0,
        174,
        195,
        116,
        222,
        207,
        250,
        196,
        75,
        60,
        21,
        72],
    [   105,
        214,
        35,
        47,
        181,
        256,
        179,
        195,
        219,
        138,
        94,
        152,
        135,
        184,
        201,
        55,
        216,
        186,
        190,
        161,
        179,
        141,
        156,
        81,
        197,
        165,
        8,
        162,
        66,
        111,
        62,
        50,
        275,
        150,
        205,
        224,
        58,
        72,
        136,
        68,
        229,
        202,
        173,
        182,
        281,
        203,
        104,
        17,
        34,
        26,
        151,
        24,
        182,
        85,
        118,
        214,
        242,
        95,
        174,
        0,
        87,
        74,
        121,
        273,
        195,
        243,
        242,
        149,
        154,
        239],
    [   46,
        139,
        52,
        134,
        175,
        202,
        98,
        131,
        147,
        51,
        6,
        84,
        50,
        101,
        176,
        105,
        168,
        205,
        109,
        100,
        201,
        69,
        69,
        8,
        209,
        88,
        83,
        126,
        92,
        67,
        135,
        41,
        202,
        64,
        143,
        148,
        40,
        70,
        100,
        108,
        189,
        206,
        86,
        198,
        211,
        131,
        46,
        71,
        112,
        111,
        76,
        63,
        94,
        66,
        32,
        160,
        239,
        154,
        195,
        87,
        0,
        82,
        34,
        214,
        108,
        180,
        243,
        146,
        178,
        241],
    [   60,
        161,
        64,
        96,
        109,
        187,
        136,
        133,
        162,
        127,
        86,
        99,
        129,
        144,
        127,
        39,
        146,
        126,
        145,
        100,
        121,
        93,
        143,
        83,
        133,
        170,
        65,
        90,
        16,
        52,
        75,
        79,
        216,
        120,
        142,
        171,
        45,
        12,
        66,
        33,
        155,
        135,
        159,
        120,
        220,
        146,
        59,
        72,
        68,
        78,
        158,
        62,
        157,
        24,
        112,
        145,
        172,
        80,
        116,
        74,
        82,
        0,
        113,
        205,
        165,
        177,
        174,
        77,
        98,
        172],
    [   63,
        124,
        85,
        168,
        194,
        199,
        81,
        127,
        134,
        16,
        28,
        82,
        15,
        79,
        189,
        139,
        169,
        230,
        91,
        100,
        227,
        67,
        34,
        39,
        232,
        57,
        117,
        137,
        124,
        84,
        170,
        72,
        187,
        42,
        138,
        131,
        74,
        101,
        115,
        142,
        194,
        228,
        51,
        223,
        197,
        120,
        63,
        104,
        146,
        146,
        48,
        97,
        63,
        93,
        3,
        159,
        257,
        188,
        222,
        121,
        34,
        113,
        0,
        208,
        78,
        173,
        263,
        168,
        206,
        260],
    [   173,
        91,
        247,
        302,
        150,
        20,
        131,
        82,
        79,
        204,
        210,
        129,
        212,
        138,
        108,
        242,
        60,
        204,
        124,
        115,
        210,
        145,
        201,
        223,
        191,
        242,
        265,
        115,
        219,
        162,
        276,
        249,
        58,
        168,
        71,
        89,
        218,
        202,
        138,
        231,
        68,
        174,
        202,
        198,
        49,
        88,
        174,
        265,
        273,
        283,
        243,
        252,
        176,
        187,
        211,
        59,
        166,
        264,
        207,
        273,
        214,
        205,
        208,
        0,
        162,
        35,
        178,
        161,
        211,
        177],
    [   104,
        71,
        159,
        240,
        208,
        160,
        41,
        97,
        83,
        65,
        101,
        79,
        71,
        29,
        186,
        200,
        145,
        256,
        41,
        93,
        255,
        75,
        51,
        115,
        253,
        85,
        189,
        141,
        180,
        117,
        234,
        149,
        124,
        46,
        105,
        73,
        140,
        154,
        131,
        198,
        174,
        243,
        44,
        248,
        135,
        78,
        105,
        179,
        215,
        217,
        90,
        170,
        17,
        140,
        82,
        131,
        262,
        245,
        250,
        195,
        108,
        165,
        78,
        162,
        0,
        129,
        271,
        191,
        240,
        269],
    [   141,
        57,
        215,
        274,
        140,
        32,
        97,
        49,
        45,
        169,
        176,
        96,
        177,
        104,
        101,
        215,
        45,
        195,
        90,
        82,
        200,
        110,
        166,
        189,
        185,
        208,
        235,
        92,
        192,
        131,
        250,
        216,
        49,
        133,
        37,
        57,
        186,
        173,
        111,
        206,
        66,
        169,
        168,
        189,
        47,
        54,
        142,
        233,
        245,
        254,
        208,
        221,
        142,
        158,
        176,
        35,
        170,
        242,
        196,
        243,
        180,
        177,
        173,
        35,
        129,
        0,
        181,
        145,
        197,
        179],
    [   200,
        217,
        239,
        241,
        68,
        159,
        230,
        179,
        208,
        271,
        245,
        194,
        276,
        241,
        86,
        187,
        138,
        63,
        231,
        177,
        72,
        204,
        280,
        248,
        48,
        319,
        234,
        131,
        177,
        178,
        203,
        253,
        229,
        244,
        176,
        224,
        216,
        182,
        148,
        174,
        114,
        39,
        291,
        64,
        223,
        202,
        200,
        245,
        220,
        233,
        311,
        236,
        275,
        179,
        264,
        153,
        11,
        172,
        75,
        242,
        243,
        174,
        263,
        178,
        271,
        181,
        0,
        98,
        94,
        2],
    [   105,
        155,
        142,
        159,
        31,
        141,
        152,
        117,
        151,
        178,
        148,
        111,
        182,
        163,
        59,
        99,
        102,
        65,
        157,
        99,
        65,
        116,
        189,
        150,
        64,
        225,
        141,
        56,
        83,
        83,
        125,
        155,
        192,
        156,
        120,
        164,
        118,
        84,
        59,
        86,
        98,
        60,
        202,
        57,
        192,
        139,
        104,
        150,
        134,
        146,
        217,
        140,
        191,
        81,
        168,
        109,
        95,
        105,
        60,
        149,
        146,
        77,
        168,
        161,
        191,
        145,
        98,
        0,
        54,
        95],
    [   145,
        209,
        158,
        147,
        62,
        190,
        203,
        171,
        205,
        219,
        182,
        162,
        221,
        214,
        103,
        98,
        153,
        33,
        209,
        152,
        25,
        165,
        232,
        180,
        46,
        264,
        147,
        111,
        94,
        126,
        109,
        176,
        246,
        202,
        174,
        218,
        143,
        109,
        109,
        85,
        144,
        58,
        247,
        30,
        245,
        193,
        145,
        160,
        128,
        141,
        254,
        153,
        238,
        113,
        206,
        162,
        98,
        77,
        21,
        154,
        178,
        98,
        206,
        211,
        240,
        197,
        94,
        54,
        0,
        92],
    [   198,
        216,
        236,
        238,
        66,
        158,
        228,
        177,
        207,
        269,
        242,
        192,
        274,
        239,
        84,
        185,
        137,
        61,
        229,
        175,
        70,
        201,
        277,
        245,
        46,
        316,
        232,
        128,
        174,
        176,
        201,
        251,
        228,
        242,
        174,
        222,
        214,
        180,
        146,
        171,
        113,
        37,
        289,
        62,
        222,
        200,
        198,
        243,
        217,
        231,
        309,
        233,
        273,
        176,
        261,
        151,
        11,
        170,
        72,
        239,
        241,
        172,
        260,
        177,
        269,
        179,
        2,
        95,
        92,
        0]]
;
task=[   461,
    219,
    286,
    30,
    70,
    168,
    144,
    36,
    133,
    335,
    240,
    358,
    353,
    54,
    167,
    127,
    207,
    291,
    48,
    84,
    319,
    118,
    51,
    424,
    104,
    260,
    472,
    283,
    279,
    305,
    558,
    239,
    72,
    359,
    162,
    54,
    394,
    229,
    212,
    490,
    198,
    210,
    29,
    18,
    84,
    182,
    275,
    559,
    644,
    0,
    341,
    469,
    129,
    243,
    9,
    174,
    175,
    110,
    258,
    255,
    370,
    59,
    130,
    112,
    105,
    51,
    179,
    10,
    181,
    172]
;
minW=[   1,
    26,
    5,
    8,
    144,
    132,
    43,
    140,
    200,
    10,
    17,
    155,
    17,
    42,
    52,
    9,
    88,
    101,
    125,
    81,
    36,
    128,
    10,
    58,
    44,
    33,
    2,
    127,
    13,
    2,
    17,
    43,
    203,
    82,
    37,
    52,
    61,
    20,
    128,
    27,
    214,
    50,
    78,
    101,
    189,
    195,
    41,
    7,
    6,
    0,
    64,
    41,
    31,
    8,
    98,
    64,
    124,
    59,
    41,
    19,
    39,
    57,
    15,
    57,
    7,
    76,
    73,
    91,
    29,
    106]
;
maxW=[   158,
    296,
    201,
    286,
    473,
    552,
    337,
    293,
    342,
    262,
    399,
    375,
    459,
    337,
    433,
    328,
    486,
    223,
    321,
    226,
    330,
    264,
    243,
    161,
    289,
    222,
    244,
    371,
    122,
    145,
    212,
    182,
    488,
    265,
    380,
    521,
    310,
    241,
    155,
    119,
    500,
    374,
    435,
    347,
    399,
    304,
    290,
    58,
    287,
    720,
    321,
    144,
    288,
    198,
    320,
    459,
    269,
    93,
    179,
    112,
    203,
    374,
    421,
    455,
    281,
    460,
    332,
    435,
    351,
    336]
;