// Generated by InstanceGenerator.py v0.1
// Juan Francisco Martinez Vera
// AMMM - MIRI, FIB UPC
//
// RAND_SEED=1484783270

bigM=100000;

nLocations=70;
startLocation=62;
distances=[   [   0,
        192,
        44,
        188,
        132,
        39,
        60,
        71,
        142,
        208,
        146,
        17,
        180,
        180,
        203,
        152,
        59,
        60,
        191,
        180,
        85,
        154,
        174,
        130,
        135,
        155,
        158,
        23,
        194,
        99,
        119,
        39,
        121,
        183,
        177,
        192,
        144,
        85,
        84,
        155,
        246,
        27,
        206,
        19,
        132,
        68,
        69,
        140,
        77,
        91,
        65,
        186,
        216,
        27,
        155,
        80,
        19,
        72,
        89,
        33,
        24,
        162,
        180,
        83,
        87,
        44,
        130,
        125,
        179,
        155],
    [   192,
        0,
        182,
        222,
        277,
        232,
        197,
        178,
        290,
        193,
        52,
        181,
        139,
        251,
        174,
        144,
        134,
        138,
        10,
        61,
        107,
        209,
        195,
        222,
        259,
        84,
        184,
        201,
        154,
        198,
        85,
        210,
        254,
        238,
        137,
        103,
        158,
        108,
        122,
        50,
        196,
        167,
        226,
        205,
        147,
        234,
        157,
        243,
        138,
        250,
        171,
        241,
        215,
        190,
        212,
        112,
        179,
        251,
        214,
        217,
        188,
        53,
        13,
        124,
        235,
        231,
        65,
        202,
        259,
        148],
    [   44,
        182,
        0,
        224,
        176,
        65,
        22,
        27,
        186,
        237,
        131,
        28,
        202,
        220,
        229,
        177,
        55,
        74,
        178,
        184,
        84,
        191,
        206,
        171,
        179,
        165,
        191,
        29,
        217,
        138,
        99,
        83,
        165,
        221,
        198,
        205,
        173,
        85,
        98,
        137,
        271,
        34,
        240,
        38,
        159,
        112,
        98,
        182,
        47,
        135,
        22,
        225,
        248,
        69,
        192,
        78,
        55,
        114,
        132,
        43,
        65,
        163,
        169,
        59,
        131,
        83,
        127,
        163,
        221,
        180],
    [   188,
        222,
        224,
        0,
        131,
        209,
        245,
        247,
        140,
        51,
        216,
        197,
        88,
        43,
        66,
        77,
        186,
        157,
        230,
        164,
        175,
        34,
        26,
        68,
        103,
        137,
        39,
        212,
        79,
        91,
        219,
        160,
        112,
        24,
        88,
        129,
        66,
        172,
        143,
        228,
        94,
        190,
        18,
        207,
        81,
        151,
        126,
        77,
        224,
        144,
        237,
        26,
        39,
        161,
        34,
        176,
        171,
        172,
        109,
        218,
        164,
        168,
        219,
        216,
        129,
        183,
        176,
        65,
        55,
        73],
    [   132,
        277,
        176,
        131,
        0,
        126,
        190,
        204,
        13,
        178,
        246,
        149,
        187,
        95,
        186,
        159,
        172,
        150,
        280,
        236,
        183,
        105,
        137,
        70,
        28,
        204,
        132,
        150,
        190,
        80,
        230,
        93,
        24,
        111,
        186,
        222,
        142,
        181,
        157,
        258,
        223,
        152,
        149,
        142,
        144,
        64,
        121,
        54,
        204,
        41,
        198,
        111,
        170,
        111,
        103,
        179,
        127,
        70,
        62,
        146,
        115,
        229,
        268,
        204,
        47,
        98,
        213,
        87,
        86,
        158],
    [   39,
        232,
        65,
        209,
        126,
        0,
        70,
        90,
        133,
        236,
        184,
        51,
        214,
        193,
        233,
        184,
        98,
        99,
        231,
        219,
        125,
        174,
        198,
        145,
        137,
        193,
        184,
        36,
        226,
        118,
        156,
        48,
        121,
        199,
        211,
        229,
        174,
        125,
        122,
        193,
        276,
        65,
        227,
        28,
        164,
        65,
        102,
        149,
        109,
        85,
        88,
        202,
        240,
        55,
        174,
        119,
        56,
        56,
        101,
        23,
        53,
        202,
        220,
        118,
        89,
        28,
        169,
        144,
        190,
        186],
    [   60,
        197,
        22,
        245,
        190,
        70,
        0,
        23,
        199,
        259,
        145,
        48,
        224,
        240,
        251,
        199,
        75,
        96,
        193,
        203,
        104,
        212,
        228,
        191,
        195,
        186,
        212,
        40,
        239,
        158,
        112,
        99,
        181,
        242,
        220,
        226,
        195,
        105,
        120,
        150,
        294,
        56,
        262,
        48,
        181,
        126,
        120,
        201,
        59,
        149,
        26,
        245,
        270,
        88,
        213,
        98,
        75,
        124,
        150,
        47,
        83,
        183,
        184,
        73,
        147,
        93,
        145,
        183,
        240,
        202],
    [   71,
        178,
        27,
        247,
        204,
        90,
        23,
        0,
        214,
        256,
        126,
        56,
        217,
        246,
        247,
        194,
        66,
        92,
        173,
        189,
        92,
        214,
        228,
        197,
        206,
        174,
        212,
        55,
        233,
        163,
        92,
        111,
        192,
        246,
        214,
        215,
        192,
        94,
        113,
        130,
        288,
        57,
        262,
        64,
        177,
        140,
        120,
        209,
        40,
        163,
        10,
        249,
        269,
        96,
        216,
        87,
        81,
        141,
        158,
        66,
        92,
        168,
        165,
        55,
        159,
        110,
        130,
        187,
        247,
        198],
    [   142,
        290,
        186,
        140,
        13,
        133,
        199,
        214,
        0,
        188,
        258,
        159,
        199,
        101,
        197,
        171,
        184,
        163,
        293,
        249,
        195,
        115,
        148,
        81,
        38,
        217,
        143,
        160,
        202,
        93,
        243,
        103,
        36,
        118,
        198,
        234,
        154,
        193,
        170,
        271,
        233,
        164,
        157,
        151,
        156,
        73,
        134,
        64,
        215,
        51,
        208,
        118,
        179,
        122,
        113,
        192,
        138,
        77,
        75,
        155,
        126,
        242,
        281,
        216,
        59,
        106,
        226,
        99,
        92,
        170],
    [   208,
        193,
        237,
        51,
        178,
        236,
        259,
        256,
        188,
        0,
        198,
        213,
        53,
        95,
        19,
        63,
        191,
        164,
        202,
        132,
        172,
        73,
        41,
        110,
        150,
        112,
        52,
        231,
        38,
        121,
        209,
        188,
        157,
        76,
        55,
        91,
        64,
        169,
        144,
        210,
        44,
        203,
        42,
        228,
        78,
        186,
        140,
        124,
        227,
        184,
        246,
        78,
        23,
        183,
        75,
        175,
        189,
        208,
        143,
        241,
        186,
        142,
        193,
        215,
        167,
        213,
        161,
        98,
        107,
        59],
    [   146,
        52,
        131,
        216,
        246,
        184,
        145,
        126,
        258,
        198,
        0,
        133,
        146,
        237,
        182,
        140,
        86,
        97,
        47,
        82,
        64,
        196,
        190,
        200,
        232,
        87,
        176,
        151,
        163,
        171,
        33,
        169,
        224,
        227,
        143,
        122,
        149,
        66,
        89,
        12,
        213,
        119,
        224,
        157,
        135,
        195,
        124,
        221,
        86,
        214,
        119,
        231,
        219,
        148,
        199,
        69,
        135,
        210,
        183,
        168,
        145,
        62,
        39,
        72,
        200,
        187,
        39,
        182,
        243,
        144],
    [   17,
        181,
        28,
        197,
        149,
        51,
        48,
        56,
        159,
        213,
        133,
        0,
        182,
        192,
        207,
        155,
        47,
        56,
        180,
        174,
        76,
        163,
        181,
        143,
        150,
        151,
        165,
        20,
        196,
        110,
        105,
        55,
        136,
        193,
        178,
        189,
        149,
        76,
        81,
        142,
        250,
        15,
        214,
        24,
        136,
        85,
        73,
        154,
        60,
        108,
        48,
        197,
        223,
        40,
        165,
        70,
        26,
        89,
        103,
        36,
        36,
        155,
        169,
        67,
        103,
        60,
        121,
        135,
        192,
        158],
    [   180,
        139,
        202,
        88,
        187,
        214,
        224,
        217,
        199,
        53,
        146,
        182,
        0,
        126,
        36,
        30,
        150,
        127,
        148,
        78,
        127,
        89,
        63,
        118,
        162,
        58,
        59,
        201,
        17,
        114,
        159,
        169,
        164,
        108,
        3,
        41,
        45,
        125,
        104,
        157,
        71,
        169,
        88,
        200,
        50,
        176,
        112,
        138,
        183,
        181,
        207,
        112,
        76,
        159,
        92,
        131,
        160,
        198,
        137,
        213,
        160,
        88,
        139,
        171,
        163,
        196,
        109,
        100,
        136,
        30],
    [   180,
        251,
        220,
        43,
        95,
        193,
        240,
        246,
        101,
        95,
        237,
        192,
        126,
        0,
        109,
        108,
        192,
        163,
        258,
        196,
        187,
        42,
        62,
        49,
        68,
        167,
        68,
        203,
        121,
        82,
        235,
        146,
        80,
        19,
        125,
        167,
        92,
        184,
        155,
        250,
        137,
        188,
        58,
        196,
        104,
        129,
        129,
        45,
        229,
        117,
        237,
        18,
        81,
        152,
        38,
        186,
        165,
        147,
        92,
        206,
        156,
        197,
        247,
        224,
        105,
        165,
        198,
        59,
        11,
        105],
    [   203,
        174,
        229,
        66,
        186,
        233,
        251,
        247,
        197,
        19,
        182,
        207,
        36,
        109,
        0,
        52,
        180,
        155,
        184,
        113,
        160,
        81,
        49,
        116,
        158,
        95,
        55,
        225,
        19,
        122,
        195,
        186,
        164,
        90,
        38,
        72,
        58,
        157,
        133,
        193,
        43,
        196,
        59,
        223,
        71,
        187,
        134,
        133,
        215,
        187,
        237,
        92,
        42,
        179,
        83,
        163,
        183,
        210,
        145,
        236,
        181,
        124,
        175,
        204,
        170,
        212,
        145,
        102,
        120,
        49],
    [   152,
        144,
        177,
        77,
        159,
        184,
        199,
        194,
        171,
        63,
        140,
        155,
        30,
        108,
        52,
        0,
        128,
        102,
        152,
        88,
        109,
        67,
        51,
        91,
        134,
        60,
        39,
        174,
        41,
        83,
        148,
        139,
        135,
        93,
        28,
        63,
        17,
        106,
        81,
        152,
        94,
        143,
        84,
        172,
        20,
        145,
        83,
        112,
        163,
        150,
        184,
        97,
        80,
        129,
        70,
        111,
        132,
        168,
        107,
        185,
        131,
        91,
        142,
        152,
        132,
        166,
        101,
        72,
        117,
        3],
    [   59,
        134,
        55,
        186,
        172,
        98,
        75,
        66,
        184,
        191,
        86,
        47,
        150,
        192,
        180,
        128,
        0,
        29,
        132,
        129,
        29,
        156,
        165,
        145,
        166,
        110,
        149,
        67,
        166,
        111,
        61,
        86,
        154,
        188,
        147,
        150,
        127,
        30,
        47,
        96,
        221,
        33,
        200,
        71,
        112,
        114,
        62,
        162,
        38,
        135,
        56,
        192,
        204,
        64,
        158,
        23,
        50,
        126,
        114,
        84,
        61,
        109,
        121,
        32,
        125,
        101,
        73,
        132,
        194,
        131],
    [   60,
        138,
        74,
        157,
        150,
        99,
        96,
        92,
        163,
        164,
        97,
        56,
        127,
        163,
        155,
        102,
        29,
        0,
        138,
        120,
        33,
        127,
        136,
        117,
        141,
        95,
        120,
        76,
        142,
        84,
        80,
        72,
        130,
        159,
        124,
        133,
        99,
        31,
        24,
        109,
        197,
        42,
        171,
        78,
        85,
        98,
        33,
        134,
        67,
        117,
        82,
        163,
        176,
        52,
        129,
        29,
        43,
        113,
        90,
        91,
        50,
        102,
        127,
        60,
        103,
        93,
        72,
        103,
        166,
        105],
    [   191,
        10,
        178,
        230,
        280,
        231,
        193,
        173,
        293,
        202,
        47,
        180,
        148,
        258,
        184,
        152,
        132,
        138,
        0,
        70,
        107,
        216,
        203,
        228,
        264,
        92,
        192,
        198,
        164,
        202,
        80,
        211,
        258,
        245,
        146,
        113,
        165,
        108,
        124,
        43,
        206,
        165,
        234,
        204,
        154,
        236,
        160,
        249,
        133,
        253,
        166,
        249,
        224,
        190,
        219,
        112,
        179,
        252,
        218,
        215,
        188,
        61,
        12,
        120,
        237,
        231,
        67,
        208,
        266,
        156],
    [   180,
        61,
        184,
        164,
        236,
        219,
        203,
        189,
        249,
        132,
        82,
        174,
        78,
        196,
        113,
        88,
        129,
        120,
        70,
        0,
        100,
        155,
        138,
        174,
        215,
        32,
        128,
        194,
        93,
        156,
        107,
        186,
        212,
        181,
        77,
        43,
        104,
        98,
        97,
        89,
        136,
        159,
        166,
        197,
        96,
        204,
        126,
        196,
        149,
        217,
        180,
        185,
        155,
        168,
        159,
        105,
        163,
        224,
        176,
        210,
        168,
        21,
        63,
        134,
        199,
        211,
        59,
        154,
        205,
        91],
    [   85,
        107,
        84,
        175,
        183,
        125,
        104,
        92,
        195,
        172,
        64,
        76,
        127,
        187,
        160,
        109,
        29,
        33,
        107,
        100,
        0,
        148,
        151,
        145,
        172,
        82,
        136,
        96,
        144,
        112,
        48,
        104,
        162,
        181,
        124,
        123,
        111,
        2,
        32,
        76,
        199,
        61,
        187,
        100,
        96,
        131,
        62,
        163,
        55,
        150,
        82,
        184,
        188,
        83,
        151,
        5,
        72,
        145,
        121,
        112,
        81,
        80,
        95,
        43,
        136,
        124,
        44,
        128,
        191,
        112],
    [   154,
        209,
        191,
        34,
        105,
        174,
        212,
        214,
        115,
        73,
        196,
        163,
        89,
        42,
        81,
        67,
        156,
        127,
        216,
        155,
        148,
        0,
        32,
        36,
        77,
        125,
        29,
        177,
        87,
        56,
        195,
        125,
        83,
        32,
        88,
        128,
        51,
        145,
        116,
        208,
        118,
        157,
        53,
        172,
        61,
        117,
        94,
        51,
        194,
        112,
        205,
        36,
        69,
        126,
        3,
        148,
        137,
        138,
        74,
        184,
        130,
        155,
        204,
        187,
        96,
        149,
        157,
        30,
        50,
        64],
    [   174,
        195,
        206,
        26,
        137,
        198,
        228,
        228,
        148,
        41,
        190,
        181,
        63,
        62,
        49,
        51,
        165,
        136,
        203,
        138,
        151,
        32,
        0,
        68,
        109,
        111,
        16,
        197,
        58,
        81,
        194,
        149,
        115,
        45,
        63,
        105,
        41,
        149,
        120,
        202,
        86,
        172,
        35,
        193,
        56,
        145,
        108,
        83,
        202,
        142,
        218,
        48,
        42,
        147,
        34,
        153,
        155,
        167,
        102,
        205,
        150,
        142,
        193,
        193,
        126,
        174,
        151,
        57,
        73,
        47],
    [   130,
        222,
        171,
        68,
        70,
        145,
        191,
        197,
        81,
        110,
        200,
        143,
        118,
        49,
        116,
        91,
        145,
        117,
        228,
        174,
        145,
        36,
        68,
        0,
        43,
        143,
        62,
        153,
        120,
        34,
        193,
        97,
        47,
        54,
        116,
        155,
        74,
        142,
        113,
        213,
        154,
        139,
        87,
        147,
        78,
        83,
        83,
        21,
        183,
        75,
        188,
        57,
        105,
        103,
        35,
        143,
        116,
        104,
        43,
        157,
        107,
        171,
        216,
        178,
        61,
        117,
        163,
        20,
        49,
        90],
    [   135,
        259,
        179,
        103,
        28,
        137,
        195,
        206,
        38,
        150,
        232,
        150,
        162,
        68,
        158,
        134,
        166,
        141,
        264,
        215,
        172,
        77,
        109,
        43,
        0,
        183,
        105,
        155,
        163,
        61,
        220,
        96,
        15,
        83,
        160,
        198,
        117,
        169,
        143,
        245,
        195,
        151,
        121,
        147,
        120,
        71,
        109,
        26,
        200,
        53,
        199,
        83,
        142,
        110,
        75,
        169,
        125,
        84,
        51,
        154,
        114,
        209,
        252,
        199,
        48,
        108,
        198,
        62,
        60,
        133],
    [   155,
        84,
        165,
        137,
        204,
        193,
        186,
        174,
        217,
        112,
        87,
        151,
        58,
        167,
        95,
        60,
        110,
        95,
        92,
        32,
        82,
        125,
        111,
        143,
        183,
        0,
        99,
        172,
        75,
        124,
        104,
        157,
        180,
        153,
        56,
        40,
        74,
        80,
        71,
        98,
        126,
        137,
        142,
        173,
        64,
        174,
        96,
        164,
        136,
        185,
        165,
        157,
        133,
        141,
        129,
        87,
        137,
        194,
        144,
        187,
        141,
        31,
        82,
        122,
        168,
        183,
        52,
        122,
        175,
        63],
    [   158,
        184,
        191,
        39,
        132,
        184,
        212,
        212,
        143,
        52,
        176,
        165,
        59,
        68,
        55,
        39,
        149,
        120,
        192,
        128,
        136,
        29,
        16,
        62,
        105,
        99,
        0,
        181,
        58,
        69,
        179,
        136,
        109,
        53,
        58,
        99,
        26,
        133,
        104,
        188,
        95,
        156,
        51,
        178,
        41,
        134,
        92,
        80,
        186,
        132,
        202,
        57,
        57,
        132,
        33,
        137,
        139,
        156,
        91,
        190,
        135,
        131,
        181,
        177,
        115,
        161,
        137,
        47,
        78,
        36],
    [   23,
        201,
        29,
        212,
        150,
        36,
        40,
        55,
        160,
        231,
        151,
        20,
        201,
        203,
        225,
        174,
        67,
        76,
        198,
        194,
        96,
        177,
        197,
        153,
        155,
        172,
        181,
        0,
        215,
        122,
        121,
        59,
        141,
        206,
        198,
        210,
        167,
        96,
        101,
        159,
        268,
        35,
        229,
        9,
        154,
        86,
        91,
        162,
        73,
        109,
        52,
        209,
        239,
        51,
        178,
        90,
        41,
        85,
        111,
        16,
        47,
        176,
        188,
        82,
        107,
        54,
        141,
        148,
        202,
        176],
    [   194,
        154,
        217,
        79,
        190,
        226,
        239,
        233,
        202,
        38,
        163,
        196,
        17,
        121,
        19,
        41,
        166,
        142,
        164,
        93,
        144,
        87,
        58,
        120,
        163,
        75,
        58,
        215,
        0,
        120,
        177,
        180,
        167,
        102,
        20,
        53,
        53,
        142,
        119,
        174,
        54,
        184,
        76,
        213,
        61,
        185,
        125,
        138,
        200,
        187,
        223,
        105,
        61,
        171,
        90,
        148,
        174,
        207,
        144,
        227,
        173,
        105,
        155,
        188,
        169,
        207,
        126,
        103,
        131,
        39],
    [   99,
        198,
        138,
        91,
        80,
        118,
        158,
        163,
        93,
        121,
        171,
        110,
        114,
        82,
        122,
        83,
        111,
        84,
        202,
        156,
        112,
        56,
        81,
        34,
        61,
        124,
        69,
        122,
        120,
        0,
        161,
        69,
        56,
        84,
        111,
        144,
        68,
        110,
        82,
        184,
        164,
        105,
        109,
        116,
        65,
        65,
        50,
        50,
        149,
        66,
        154,
        87,
        123,
        71,
        57,
        111,
        83,
        87,
        23,
        127,
        75,
        148,
        190,
        144,
        48,
        93,
        136,
        26,
        83,
        84],
    [   119,
        85,
        99,
        219,
        230,
        156,
        112,
        92,
        243,
        209,
        33,
        105,
        159,
        235,
        195,
        148,
        61,
        80,
        80,
        107,
        48,
        195,
        194,
        193,
        220,
        104,
        179,
        121,
        177,
        161,
        0,
        147,
        211,
        227,
        157,
        143,
        153,
        51,
        80,
        38,
        230,
        92,
        230,
        128,
        138,
        175,
        111,
        212,
        53,
        195,
        86,
        231,
        228,
        125,
        198,
        51,
        111,
        187,
        170,
        138,
        122,
        86,
        72,
        39,
        183,
        162,
        51,
        176,
        240,
        151],
    [   39,
        210,
        83,
        160,
        93,
        48,
        99,
        111,
        103,
        188,
        169,
        55,
        169,
        146,
        186,
        139,
        86,
        72,
        211,
        186,
        104,
        125,
        149,
        97,
        96,
        157,
        136,
        59,
        180,
        69,
        147,
        0,
        81,
        151,
        166,
        189,
        128,
        103,
        90,
        180,
        229,
        60,
        178,
        52,
        119,
        30,
        61,
        103,
        112,
        52,
        104,
        154,
        192,
        21,
        126,
        100,
        36,
        40,
        54,
        60,
        24,
        172,
        199,
        115,
        47,
        26,
        145,
        95,
        144,
        141],
    [   121,
        254,
        165,
        112,
        24,
        121,
        181,
        192,
        36,
        157,
        224,
        136,
        164,
        80,
        164,
        135,
        154,
        130,
        258,
        212,
        162,
        83,
        115,
        47,
        15,
        180,
        109,
        141,
        167,
        56,
        211,
        81,
        0,
        94,
        162,
        198,
        118,
        160,
        135,
        237,
        202,
        138,
        131,
        133,
        119,
        56,
        100,
        35,
        188,
        38,
        185,
        95,
        151,
        96,
        81,
        159,
        112,
        69,
        41,
        139,
        101,
        205,
        246,
        187,
        33,
        93,
        191,
        63,
        74,
        134],
    [   183,
        238,
        221,
        24,
        111,
        199,
        242,
        246,
        118,
        76,
        227,
        193,
        108,
        19,
        90,
        93,
        188,
        159,
        245,
        181,
        181,
        32,
        45,
        54,
        83,
        153,
        53,
        206,
        102,
        84,
        227,
        151,
        94,
        0,
        108,
        150,
        79,
        178,
        148,
        240,
        118,
        188,
        39,
        200,
        92,
        138,
        126,
        58,
        226,
        128,
        236,
        3,
        62,
        155,
        30,
        181,
        167,
        158,
        98,
        211,
        159,
        184,
        234,
        219,
        115,
        172,
        188,
        58,
        30,
        90],
    [   177,
        137,
        198,
        88,
        186,
        211,
        220,
        214,
        198,
        55,
        143,
        178,
        3,
        125,
        38,
        28,
        147,
        124,
        146,
        77,
        124,
        88,
        63,
        116,
        160,
        56,
        58,
        198,
        20,
        111,
        157,
        166,
        162,
        108,
        0,
        41,
        43,
        122,
        100,
        154,
        74,
        166,
        89,
        197,
        47,
        173,
        108,
        136,
        180,
        178,
        204,
        112,
        77,
        156,
        91,
        128,
        157,
        196,
        135,
        210,
        157,
        86,
        137,
        168,
        160,
        193,
        106,
        98,
        136,
        27],
    [   192,
        103,
        205,
        129,
        222,
        229,
        226,
        215,
        234,
        91,
        122,
        189,
        41,
        167,
        72,
        63,
        150,
        133,
        113,
        43,
        123,
        128,
        105,
        155,
        198,
        40,
        99,
        210,
        53,
        144,
        143,
        189,
        198,
        150,
        41,
        0,
        80,
        121,
        108,
        131,
        93,
        175,
        129,
        210,
        78,
        201,
        128,
        175,
        177,
        209,
        205,
        153,
        114,
        175,
        132,
        127,
        173,
        223,
        166,
        224,
        175,
        60,
        106,
        163,
        191,
        215,
        91,
        135,
        177,
        64],
    [   144,
        158,
        173,
        66,
        142,
        174,
        195,
        192,
        154,
        64,
        149,
        149,
        45,
        92,
        58,
        17,
        127,
        99,
        165,
        104,
        111,
        51,
        41,
        74,
        117,
        74,
        26,
        167,
        53,
        68,
        153,
        128,
        118,
        79,
        43,
        80,
        0,
        108,
        81,
        162,
        102,
        138,
        76,
        164,
        15,
        131,
        75,
        95,
        164,
        135,
        182,
        83,
        77,
        120,
        54,
        113,
        125,
        154,
        91,
        177,
        122,
        105,
        155,
        154,
        117,
        154,
        110,
        55,
        101,
        16],
    [   85,
        108,
        85,
        172,
        181,
        125,
        105,
        94,
        193,
        169,
        66,
        76,
        125,
        184,
        157,
        106,
        30,
        31,
        108,
        98,
        2,
        145,
        149,
        142,
        169,
        80,
        133,
        96,
        142,
        110,
        51,
        103,
        160,
        178,
        122,
        121,
        108,
        0,
        29,
        77,
        197,
        61,
        184,
        100,
        93,
        129,
        60,
        161,
        58,
        148,
        84,
        182,
        185,
        82,
        148,
        6,
        71,
        144,
        119,
        113,
        80,
        79,
        96,
        46,
        135,
        123,
        44,
        125,
        189,
        110],
    [   84,
        122,
        98,
        143,
        157,
        122,
        120,
        113,
        170,
        144,
        89,
        81,
        104,
        155,
        133,
        81,
        47,
        24,
        124,
        97,
        32,
        116,
        120,
        113,
        143,
        71,
        104,
        101,
        119,
        82,
        80,
        90,
        135,
        148,
        100,
        108,
        81,
        29,
        0,
        101,
        174,
        67,
        156,
        102,
        66,
        112,
        35,
        133,
        83,
        128,
        103,
        152,
        158,
        72,
        118,
        32,
        66,
        130,
        94,
        116,
        71,
        81,
        112,
        73,
        113,
        114,
        56,
        96,
        159,
        84],
    [   155,
        50,
        137,
        228,
        258,
        193,
        150,
        130,
        271,
        210,
        12,
        142,
        157,
        250,
        193,
        152,
        96,
        109,
        43,
        89,
        76,
        208,
        202,
        213,
        245,
        98,
        188,
        159,
        174,
        184,
        38,
        180,
        237,
        240,
        154,
        131,
        162,
        77,
        101,
        0,
        223,
        128,
        236,
        165,
        148,
        207,
        136,
        233,
        91,
        226,
        123,
        244,
        230,
        158,
        212,
        80,
        145,
        221,
        196,
        176,
        156,
        71,
        38,
        78,
        212,
        197,
        51,
        195,
        256,
        156],
    [   246,
        196,
        271,
        94,
        223,
        276,
        294,
        288,
        233,
        44,
        213,
        250,
        71,
        137,
        43,
        94,
        221,
        197,
        206,
        136,
        199,
        118,
        86,
        154,
        195,
        126,
        95,
        268,
        54,
        164,
        230,
        229,
        202,
        118,
        74,
        93,
        102,
        197,
        174,
        223,
        0,
        238,
        80,
        266,
        113,
        229,
        177,
        169,
        255,
        228,
        278,
        119,
        56,
        222,
        120,
        203,
        227,
        251,
        187,
        279,
        224,
        152,
        199,
        242,
        211,
        255,
        178,
        142,
        149,
        92],
    [   27,
        167,
        34,
        190,
        152,
        65,
        56,
        57,
        164,
        203,
        119,
        15,
        169,
        188,
        196,
        143,
        33,
        42,
        165,
        159,
        61,
        157,
        172,
        139,
        151,
        137,
        156,
        35,
        184,
        105,
        92,
        60,
        138,
        188,
        166,
        175,
        138,
        61,
        67,
        128,
        238,
        0,
        206,
        39,
        125,
        91,
        64,
        152,
        52,
        113,
        49,
        191,
        214,
        41,
        159,
        55,
        25,
        98,
        102,
        51,
        37,
        140,
        154,
        56,
        105,
        70,
        105,
        129,
        189,
        146],
    [   206,
        226,
        240,
        18,
        149,
        227,
        262,
        262,
        157,
        42,
        224,
        214,
        88,
        58,
        59,
        84,
        200,
        171,
        234,
        166,
        187,
        53,
        35,
        87,
        121,
        142,
        51,
        229,
        76,
        109,
        230,
        178,
        131,
        39,
        89,
        129,
        76,
        184,
        156,
        236,
        80,
        206,
        0,
        224,
        91,
        170,
        142,
        95,
        238,
        163,
        253,
        40,
        23,
        178,
        53,
        188,
        187,
        191,
        127,
        236,
        182,
        173,
        224,
        229,
        148,
        202,
        185,
        83,
        69,
        80],
    [   19,
        205,
        38,
        207,
        142,
        28,
        48,
        64,
        151,
        228,
        157,
        24,
        200,
        196,
        223,
        172,
        71,
        78,
        204,
        197,
        100,
        172,
        193,
        147,
        147,
        173,
        178,
        9,
        213,
        116,
        128,
        52,
        133,
        200,
        197,
        210,
        164,
        100,
        102,
        165,
        266,
        39,
        224,
        0,
        152,
        78,
        88,
        155,
        81,
        100,
        60,
        203,
        235,
        45,
        173,
        94,
        39,
        76,
        105,
        13,
        42,
        178,
        193,
        89,
        99,
        45,
        145,
        142,
        195,
        174],
    [   132,
        147,
        159,
        81,
        144,
        164,
        181,
        177,
        156,
        78,
        135,
        136,
        50,
        104,
        71,
        20,
        112,
        85,
        154,
        96,
        96,
        61,
        56,
        78,
        120,
        64,
        41,
        154,
        61,
        65,
        138,
        119,
        119,
        92,
        47,
        78,
        15,
        93,
        66,
        148,
        113,
        125,
        91,
        152,
        0,
        126,
        63,
        100,
        149,
        132,
        167,
        96,
        92,
        109,
        65,
        98,
        113,
        148,
        88,
        165,
        111,
        94,
        143,
        138,
        114,
        145,
        96,
        58,
        111,
        22],
    [   68,
        234,
        112,
        151,
        64,
        65,
        126,
        140,
        73,
        186,
        195,
        85,
        176,
        129,
        187,
        145,
        114,
        98,
        236,
        204,
        131,
        117,
        145,
        83,
        71,
        174,
        134,
        86,
        185,
        65,
        175,
        30,
        56,
        138,
        173,
        201,
        131,
        129,
        112,
        207,
        229,
        91,
        170,
        78,
        126,
        0,
        78,
        84,
        143,
        22,
        134,
        140,
        186,
        50,
        116,
        126,
        66,
        22,
        42,
        83,
        54,
        192,
        224,
        145,
        23,
        37,
        168,
        88,
        125,
        146],
    [   69,
        157,
        98,
        126,
        121,
        102,
        120,
        120,
        134,
        140,
        124,
        73,
        112,
        129,
        134,
        83,
        62,
        33,
        160,
        126,
        62,
        94,
        108,
        83,
        109,
        96,
        92,
        91,
        125,
        50,
        111,
        61,
        100,
        126,
        108,
        128,
        75,
        60,
        35,
        136,
        177,
        64,
        142,
        88,
        63,
        78,
        0,
        101,
        100,
        93,
        110,
        130,
        149,
        47,
        96,
        60,
        49,
        98,
        59,
        102,
        48,
        113,
        148,
        94,
        77,
        87,
        92,
        69,
        132,
        85],
    [   140,
        243,
        182,
        77,
        54,
        149,
        201,
        209,
        64,
        124,
        221,
        154,
        138,
        45,
        133,
        112,
        162,
        134,
        249,
        196,
        163,
        51,
        83,
        21,
        26,
        164,
        80,
        162,
        138,
        50,
        212,
        103,
        35,
        58,
        136,
        175,
        95,
        161,
        133,
        233,
        169,
        152,
        95,
        155,
        100,
        84,
        101,
        0,
        198,
        71,
        201,
        59,
        116,
        113,
        49,
        161,
        127,
        102,
        50,
        164,
        117,
        192,
        237,
        194,
        60,
        120,
        184,
        41,
        41,
        110],
    [   77,
        138,
        47,
        224,
        204,
        109,
        59,
        40,
        215,
        227,
        86,
        60,
        183,
        229,
        215,
        163,
        38,
        67,
        133,
        149,
        55,
        194,
        202,
        183,
        200,
        136,
        186,
        73,
        200,
        149,
        53,
        112,
        188,
        226,
        180,
        177,
        164,
        58,
        83,
        91,
        255,
        52,
        238,
        81,
        149,
        143,
        100,
        198,
        0,
        165,
        33,
        230,
        241,
        93,
        196,
        52,
        77,
        150,
        149,
        89,
        89,
        128,
        125,
        14,
        156,
        121,
        90,
        170,
        232,
        167],
    [   91,
        250,
        135,
        144,
        41,
        85,
        149,
        163,
        51,
        184,
        214,
        108,
        181,
        117,
        187,
        150,
        135,
        117,
        253,
        217,
        150,
        112,
        142,
        75,
        53,
        185,
        132,
        109,
        187,
        66,
        195,
        52,
        38,
        128,
        178,
        209,
        135,
        148,
        128,
        226,
        228,
        113,
        163,
        100,
        132,
        22,
        93,
        71,
        165,
        0,
        157,
        130,
        181,
        72,
        110,
        146,
        88,
        31,
        43,
        105,
        76,
        206,
        241,
        167,
        18,
        57,
        185,
        85,
        111,
        150],
    [   65,
        171,
        22,
        237,
        198,
        88,
        26,
        10,
        208,
        246,
        119,
        48,
        207,
        237,
        237,
        184,
        56,
        82,
        166,
        180,
        82,
        205,
        218,
        188,
        199,
        165,
        202,
        52,
        223,
        154,
        86,
        104,
        185,
        236,
        204,
        205,
        182,
        84,
        103,
        123,
        278,
        49,
        253,
        60,
        167,
        134,
        110,
        201,
        33,
        157,
        0,
        240,
        259,
        88,
        207,
        77,
        73,
        136,
        150,
        65,
        84,
        159,
        158,
        47,
        152,
        106,
        121,
        178,
        238,
        187],
    [   186,
        241,
        225,
        26,
        111,
        202,
        245,
        249,
        118,
        78,
        231,
        197,
        112,
        18,
        92,
        97,
        192,
        163,
        249,
        185,
        184,
        36,
        48,
        57,
        83,
        157,
        57,
        209,
        105,
        87,
        231,
        154,
        95,
        3,
        112,
        153,
        83,
        182,
        152,
        244,
        119,
        191,
        40,
        203,
        96,
        140,
        130,
        59,
        230,
        130,
        240,
        0,
        63,
        158,
        33,
        185,
        170,
        159,
        100,
        214,
        162,
        188,
        238,
        223,
        117,
        175,
        192,
        62,
        29,
        94],
    [   216,
        215,
        248,
        39,
        170,
        240,
        270,
        269,
        179,
        23,
        219,
        223,
        76,
        81,
        42,
        80,
        204,
        176,
        224,
        155,
        188,
        69,
        42,
        105,
        142,
        133,
        57,
        239,
        61,
        123,
        228,
        192,
        151,
        62,
        77,
        114,
        77,
        185,
        158,
        230,
        56,
        214,
        23,
        235,
        92,
        186,
        149,
        116,
        241,
        181,
        259,
        63,
        0,
        189,
        70,
        190,
        197,
        208,
        143,
        247,
        192,
        164,
        215,
        231,
        165,
        216,
        180,
        98,
        92,
        76],
    [   27,
        190,
        69,
        161,
        111,
        55,
        88,
        96,
        122,
        183,
        148,
        40,
        159,
        152,
        179,
        129,
        64,
        52,
        190,
        168,
        83,
        126,
        147,
        103,
        110,
        141,
        132,
        51,
        171,
        71,
        125,
        21,
        96,
        155,
        156,
        175,
        120,
        82,
        72,
        158,
        222,
        41,
        178,
        45,
        109,
        50,
        47,
        113,
        93,
        72,
        88,
        158,
        189,
        0,
        127,
        78,
        16,
        62,
        62,
        58,
        4,
        153,
        179,
        94,
        64,
        42,
        124,
        97,
        152,
        131],
    [   155,
        212,
        192,
        34,
        103,
        174,
        213,
        216,
        113,
        75,
        199,
        165,
        92,
        38,
        83,
        70,
        158,
        129,
        219,
        159,
        151,
        3,
        34,
        35,
        75,
        129,
        33,
        178,
        90,
        57,
        198,
        126,
        81,
        30,
        91,
        132,
        54,
        148,
        118,
        212,
        120,
        159,
        53,
        173,
        65,
        116,
        96,
        49,
        196,
        110,
        207,
        33,
        70,
        127,
        0,
        151,
        138,
        138,
        74,
        184,
        131,
        159,
        208,
        189,
        95,
        149,
        160,
        30,
        46,
        68],
    [   80,
        112,
        78,
        176,
        179,
        119,
        98,
        87,
        192,
        175,
        69,
        70,
        131,
        186,
        163,
        111,
        23,
        29,
        112,
        105,
        5,
        148,
        153,
        143,
        169,
        87,
        137,
        90,
        148,
        111,
        51,
        100,
        159,
        181,
        128,
        127,
        113,
        6,
        32,
        80,
        203,
        55,
        188,
        94,
        98,
        126,
        60,
        161,
        52,
        146,
        77,
        185,
        190,
        78,
        151,
        0,
        67,
        141,
        118,
        107,
        76,
        85,
        101,
        40,
        133,
        119,
        50,
        127,
        191,
        115],
    [   19,
        179,
        55,
        171,
        127,
        56,
        75,
        81,
        138,
        189,
        135,
        26,
        160,
        165,
        183,
        132,
        50,
        43,
        179,
        163,
        72,
        137,
        155,
        116,
        125,
        137,
        139,
        41,
        174,
        83,
        111,
        36,
        112,
        167,
        157,
        173,
        125,
        71,
        66,
        145,
        227,
        25,
        187,
        39,
        113,
        66,
        49,
        127,
        77,
        88,
        73,
        170,
        197,
        16,
        138,
        67,
        0,
        75,
        77,
        52,
        11,
        146,
        168,
        79,
        80,
        51,
        115,
        108,
        165,
        135],
    [   72,
        251,
        114,
        172,
        70,
        56,
        124,
        141,
        77,
        208,
        210,
        89,
        198,
        147,
        210,
        168,
        126,
        113,
        252,
        224,
        145,
        138,
        167,
        104,
        84,
        194,
        156,
        85,
        207,
        87,
        187,
        40,
        69,
        158,
        196,
        223,
        154,
        144,
        130,
        221,
        251,
        98,
        191,
        76,
        148,
        22,
        98,
        102,
        150,
        31,
        136,
        159,
        208,
        62,
        138,
        141,
        75,
        0,
        64,
        78,
        65,
        211,
        240,
        154,
        42,
        30,
        185,
        110,
        142,
        169],
    [   89,
        214,
        132,
        109,
        62,
        101,
        150,
        158,
        75,
        143,
        183,
        103,
        137,
        92,
        145,
        107,
        114,
        90,
        218,
        176,
        121,
        74,
        102,
        43,
        51,
        144,
        91,
        111,
        144,
        23,
        170,
        54,
        41,
        98,
        135,
        166,
        91,
        119,
        94,
        196,
        187,
        102,
        127,
        105,
        88,
        42,
        59,
        50,
        149,
        43,
        150,
        100,
        143,
        62,
        74,
        118,
        77,
        64,
        0,
        114,
        66,
        167,
        206,
        147,
        25,
        74,
        150,
        45,
        90,
        107],
    [   33,
        217,
        43,
        218,
        146,
        23,
        47,
        66,
        155,
        241,
        168,
        36,
        213,
        206,
        236,
        185,
        84,
        91,
        215,
        210,
        112,
        184,
        205,
        157,
        154,
        187,
        190,
        16,
        227,
        127,
        138,
        60,
        139,
        211,
        210,
        224,
        177,
        113,
        116,
        176,
        279,
        51,
        236,
        13,
        165,
        83,
        102,
        164,
        89,
        105,
        65,
        214,
        247,
        58,
        184,
        107,
        52,
        78,
        114,
        0,
        55,
        192,
        205,
        99,
        106,
        48,
        157,
        154,
        204,
        188],
    [   24,
        188,
        65,
        164,
        115,
        53,
        83,
        92,
        126,
        186,
        145,
        36,
        160,
        156,
        181,
        131,
        61,
        50,
        188,
        168,
        81,
        130,
        150,
        107,
        114,
        141,
        135,
        47,
        173,
        75,
        122,
        24,
        101,
        159,
        157,
        175,
        122,
        80,
        71,
        156,
        224,
        37,
        182,
        42,
        111,
        54,
        48,
        117,
        89,
        76,
        84,
        162,
        192,
        4,
        131,
        76,
        11,
        65,
        66,
        55,
        0,
        152,
        177,
        91,
        68,
        43,
        123,
        100,
        156,
        133],
    [   162,
        53,
        163,
        168,
        229,
        202,
        183,
        168,
        242,
        142,
        62,
        155,
        88,
        197,
        124,
        91,
        109,
        102,
        61,
        21,
        80,
        155,
        142,
        171,
        209,
        31,
        131,
        176,
        105,
        148,
        86,
        172,
        205,
        184,
        86,
        60,
        105,
        79,
        81,
        71,
        152,
        140,
        173,
        178,
        94,
        192,
        113,
        192,
        128,
        206,
        159,
        188,
        164,
        153,
        159,
        85,
        146,
        211,
        167,
        192,
        152,
        0,
        51,
        113,
        189,
        195,
        37,
        150,
        206,
        95],
    [   180,
        13,
        169,
        219,
        268,
        220,
        184,
        165,
        281,
        193,
        39,
        169,
        139,
        247,
        175,
        142,
        121,
        127,
        12,
        63,
        95,
        204,
        193,
        216,
        252,
        82,
        181,
        188,
        155,
        190,
        72,
        199,
        246,
        234,
        137,
        106,
        155,
        96,
        112,
        38,
        199,
        154,
        224,
        193,
        143,
        224,
        148,
        237,
        125,
        241,
        158,
        238,
        215,
        179,
        208,
        101,
        168,
        240,
        206,
        205,
        177,
        51,
        0,
        110,
        225,
        220,
        55,
        196,
        254,
        145],
    [   83,
        124,
        59,
        216,
        204,
        118,
        73,
        55,
        216,
        215,
        72,
        67,
        171,
        224,
        204,
        152,
        32,
        60,
        120,
        134,
        43,
        187,
        193,
        178,
        199,
        122,
        177,
        82,
        188,
        144,
        39,
        115,
        187,
        219,
        168,
        163,
        154,
        46,
        73,
        78,
        242,
        56,
        229,
        89,
        138,
        145,
        94,
        194,
        14,
        167,
        47,
        223,
        231,
        94,
        189,
        40,
        79,
        154,
        147,
        99,
        91,
        113,
        110,
        0,
        157,
        127,
        75,
        164,
        227,
        156],
    [   87,
        235,
        131,
        129,
        47,
        89,
        147,
        159,
        59,
        167,
        200,
        103,
        163,
        105,
        170,
        132,
        125,
        103,
        237,
        199,
        136,
        96,
        126,
        61,
        48,
        168,
        115,
        107,
        169,
        48,
        183,
        47,
        33,
        115,
        160,
        191,
        117,
        135,
        113,
        212,
        211,
        105,
        148,
        99,
        114,
        23,
        77,
        60,
        156,
        18,
        152,
        117,
        165,
        64,
        95,
        133,
        80,
        42,
        25,
        106,
        68,
        189,
        225,
        157,
        0,
        60,
        170,
        68,
        101,
        132],
    [   44,
        231,
        83,
        183,
        98,
        28,
        93,
        110,
        106,
        213,
        187,
        60,
        196,
        165,
        212,
        166,
        101,
        93,
        231,
        211,
        124,
        149,
        174,
        117,
        108,
        183,
        161,
        54,
        207,
        93,
        162,
        26,
        93,
        172,
        193,
        215,
        154,
        123,
        114,
        197,
        255,
        70,
        202,
        45,
        145,
        37,
        87,
        120,
        121,
        57,
        106,
        175,
        216,
        42,
        149,
        119,
        51,
        30,
        74,
        48,
        43,
        195,
        220,
        127,
        60,
        0,
        166,
        119,
        162,
        167],
    [   130,
        65,
        127,
        176,
        213,
        169,
        145,
        130,
        226,
        161,
        39,
        121,
        109,
        198,
        145,
        101,
        73,
        72,
        67,
        59,
        44,
        157,
        151,
        163,
        198,
        52,
        137,
        141,
        126,
        136,
        51,
        145,
        191,
        188,
        106,
        91,
        110,
        44,
        56,
        51,
        178,
        105,
        185,
        145,
        96,
        168,
        92,
        184,
        90,
        185,
        121,
        192,
        180,
        124,
        160,
        50,
        115,
        185,
        150,
        157,
        123,
        37,
        55,
        75,
        170,
        166,
        0,
        144,
        205,
        105],
    [   125,
        202,
        163,
        65,
        87,
        144,
        183,
        187,
        99,
        98,
        182,
        135,
        100,
        59,
        102,
        72,
        132,
        103,
        208,
        154,
        128,
        30,
        57,
        20,
        62,
        122,
        47,
        148,
        103,
        26,
        176,
        95,
        63,
        58,
        98,
        135,
        55,
        125,
        96,
        195,
        142,
        129,
        83,
        142,
        58,
        88,
        69,
        41,
        170,
        85,
        178,
        62,
        98,
        97,
        30,
        127,
        108,
        110,
        45,
        154,
        100,
        150,
        196,
        164,
        68,
        119,
        144,
        0,
        63,
        71],
    [   179,
        259,
        221,
        55,
        86,
        190,
        240,
        247,
        92,
        107,
        243,
        192,
        136,
        11,
        120,
        117,
        194,
        166,
        266,
        205,
        191,
        50,
        73,
        49,
        60,
        175,
        78,
        202,
        131,
        83,
        240,
        144,
        74,
        30,
        136,
        177,
        101,
        189,
        159,
        256,
        149,
        189,
        69,
        195,
        111,
        125,
        132,
        41,
        232,
        111,
        238,
        29,
        92,
        152,
        46,
        191,
        165,
        142,
        90,
        204,
        156,
        206,
        254,
        227,
        101,
        162,
        205,
        63,
        0,
        114],
    [   155,
        148,
        180,
        73,
        158,
        186,
        202,
        198,
        170,
        59,
        144,
        158,
        30,
        105,
        49,
        3,
        131,
        105,
        156,
        91,
        112,
        64,
        47,
        90,
        133,
        63,
        36,
        176,
        39,
        84,
        151,
        141,
        134,
        90,
        27,
        64,
        16,
        110,
        84,
        156,
        92,
        146,
        80,
        174,
        22,
        146,
        85,
        110,
        167,
        150,
        187,
        94,
        76,
        131,
        68,
        115,
        135,
        169,
        107,
        188,
        133,
        95,
        145,
        156,
        132,
        167,
        105,
        71,
        114,
        0]]
;
task=[   253,
    7,
    76,
    299,
    149,
    259,
    346,
    265,
    177,
    146,
    503,
    200,
    297,
    214,
    122,
    261,
    412,
    464,
    51,
    400,
    330,
    283,
    73,
    56,
    161,
    436,
    224,
    195,
    149,
    163,
    518,
    259,
    202,
    54,
    101,
    456,
    119,
    250,
    70,
    452,
    25,
    232,
    314,
    61,
    130,
    164,
    158,
    122,
    62,
    288,
    254,
    272,
    158,
    238,
    42,
    493,
    282,
    258,
    278,
    238,
    363,
    0,
    506,
    479,
    82,
    87,
    443,
    271,
    7,
    138]
;
minW=[   132,
    43,
    48,
    110,
    115,
    34,
    163,
    140,
    97,
    11,
    47,
    153,
    55,
    108,
    74,
    60,
    20,
    4,
    33,
    4,
    3,
    79,
    62,
    94,
    61,
    9,
    126,
    107,
    27,
    9,
    41,
    104,
    130,
    64,
    29,
    19,
    83,
    44,
    30,
    37,
    32,
    43,
    45,
    144,
    27,
    127,
    20,
    147,
    47,
    195,
    63,
    57,
    161,
    38,
    82,
    70,
    125,
    140,
    98,
    67,
    145,
    0,
    44,
    3,
    96,
    187,
    24,
    15,
    163,
    66]
;
maxW=[   463,
    191,
    403,
    455,
    403,
    446,
    297,
    501,
    542,
    249,
    227,
    333,
    118,
    202,
    249,
    228,
    164,
    421,
    278,
    194,
    116,
    202,
    289,
    334,
    287,
    365,
    411,
    268,
    194,
    211,
    93,
    324,
    529,
    223,
    198,
    112,
    361,
    260,
    319,
    73,
    215,
    202,
    464,
    322,
    309,
    364,
    250,
    503,
    325,
    248,
    430,
    323,
    429,
    435,
    347,
    419,
    245,
    381,
    493,
    514,
    223,
    720,
    246,
    227,
    391,
    519,
    313,
    209,
    368,
    303]
;