// Generated by InstanceGenerator.py v0.1
// Juan Francisco Martinez Vera
// AMMM - MIRI, FIB UPC
//
// RAND_SEED=1484846098

bigM=100000;

nLocations=50;
startLocation=26;
distances=[   [   0,
        88,
        531,
        338,
        221,
        60,
        275,
        23,
        215,
        418,
        449,
        272,
        258,
        160,
        125,
        358,
        357,
        47,
        85,
        533,
        477,
        277,
        400,
        238,
        438,
        254,
        417,
        349,
        350,
        250,
        68,
        220,
        435,
        233,
        366,
        110,
        282,
        232,
        515,
        96,
        327,
        296,
        150,
        433,
        321,
        190,
        323,
        110,
        449,
        349],
    [   88,
        0,
        447,
        255,
        218,
        104,
        236,
        71,
        227,
        345,
        370,
        276,
        212,
        186,
        130,
        275,
        313,
        61,
        35,
        460,
        395,
        267,
        312,
        150,
        353,
        169,
        328,
        280,
        295,
        265,
        42,
        213,
        347,
        170,
        284,
        28,
        214,
        155,
        439,
        92,
        283,
        240,
        82,
        347,
        251,
        146,
        241,
        22,
        365,
        262],
    [   531,
        447,
        0,
        308,
        467,
        548,
        514,
        510,
        613,
        391,
        345,
        635,
        347,
        600,
        543,
        174,
        526,
        507,
        469,
        421,
        322,
        598,
        166,
        316,
        260,
        331,
        179,
        401,
        477,
        646,
        484,
        574,
        215,
        322,
        169,
        421,
        409,
        383,
        383,
        466,
        512,
        458,
        433,
        236,
        245,
        478,
        319,
        429,
        286,
        247],
    [   338,
        255,
        308,
        0,
        417,
        322,
        209,
        326,
        329,
        120,
        120,
        338,
        335,
        334,
        287,
        210,
        219,
        296,
        254,
        219,
        140,
        297,
        143,
        121,
        103,
        87,
        131,
        96,
        170,
        356,
        271,
        284,
        116,
        272,
        226,
        246,
        105,
        111,
        191,
        330,
        204,
        150,
        192,
        106,
        281,
        199,
        15,
        232,
        110,
        64],
    [   221,
        218,
        467,
        417,
        0,
        279,
        454,
        203,
        431,
        529,
        538,
        486,
        119,
        380,
        335,
        309,
        528,
        246,
        250,
        637,
        552,
        483,
        400,
        296,
        492,
        335,
        429,
        473,
        505,
        468,
        247,
        427,
        467,
        160,
        307,
        203,
        415,
        349,
        608,
        131,
        499,
        451,
        296,
        477,
        222,
        365,
        408,
        230,
        513,
        392],
    [   60,
        104,
        548,
        322,
        279,
        0,
        225,
        76,
        155,
        387,
        424,
        212,
        305,
        100,
        68,
        378,
        308,
        43,
        79,
        502,
        455,
        219,
        405,
        239,
        425,
        244,
        417,
        317,
        307,
        189,
        64,
        162,
        428,
        271,
        388,
        133,
        250,
        211,
        488,
        150,
        280,
        256,
        131,
        424,
        355,
        148,
        307,
        119,
        432,
        344],
    [   275,
        236,
        514,
        209,
        454,
        225,
        0,
        277,
        141,
        202,
        256,
        132,
        423,
        174,
        160,
        384,
        82,
        229,
        207,
        305,
        294,
        88,
        348,
        227,
        297,
        194,
        340,
        140,
        91,
        157,
        217,
        95,
        324,
        365,
        398,
        251,
        104,
        143,
        303,
        327,
        54,
        63,
        159,
        309,
        417,
        89,
        197,
        224,
        290,
        266],
    [   23,
        71,
        510,
        326,
        203,
        76,
        277,
        0,
        229,
        410,
        439,
        285,
        236,
        176,
        135,
        337,
        359,
        48,
        77,
        526,
        466,
        287,
        382,
        222,
        425,
        240,
        399,
        343,
        349,
        265,
        62,
        230,
        419,
        211,
        344,
        91,
        276,
        222,
        507,
        75,
        329,
        295,
        143,
        419,
        298,
        190,
        312,
        94,
        437,
        334],
    [   215,
        227,
        613,
        329,
        431,
        155,
        141,
        229,
        0,
        343,
        395,
        58,
        439,
        58,
        97,
        460,
        209,
        184,
        191,
        446,
        432,
        81,
        451,
        300,
        426,
        282,
        452,
        278,
        232,
        38,
        188,
        46,
        446,
        392,
        473,
        253,
        226,
        231,
        444,
        300,
        188,
        200,
        188,
        434,
        465,
        134,
        314,
        228,
        423,
        375],
    [   418,
        345,
        391,
        120,
        529,
        387,
        202,
        410,
        343,
        0,
        58,
        331,
        454,
        368,
        335,
        325,
        164,
        371,
        333,
        115,
        97,
        285,
        240,
        234,
        132,
        194,
        215,
        70,
        119,
        359,
        350,
        297,
        175,
        390,
        340,
        343,
        136,
        189,
        102,
        430,
        166,
        143,
        268,
        154,
        401,
        242,
        125,
        324,
        111,
        174],
    [   449,
        370,
        345,
        120,
        538,
        424,
        256,
        439,
        395,
        58,
        0,
        387,
        451,
        415,
        378,
        303,
        223,
        404,
        364,
        101,
        38,
        341,
        206,
        242,
        85,
        207,
        177,
        117,
        177,
        413,
        381,
        348,
        132,
        390,
        317,
        364,
        177,
        217,
        70,
        449,
        224,
        195,
        298,
        110,
        387,
        284,
        132,
        348,
        59,
        157],
    [   272,
        276,
        635,
        338,
        486,
        212,
        132,
        285,
        58,
        331,
        387,
        0,
        487,
        116,
        151,
        490,
        180,
        239,
        241,
        426,
        425,
        45,
        470,
        329,
        429,
        305,
        466,
        272,
        213,
        37,
        241,
        66,
        454,
        437,
        504,
        301,
        232,
        252,
        429,
        354,
        166,
        195,
        226,
        440,
        505,
        161,
        324,
        275,
        422,
        390],
    [   258,
        212,
        347,
        335,
        119,
        305,
        423,
        236,
        439,
        454,
        451,
        487,
        0,
        397,
        342,
        193,
        487,
        263,
        247,
        552,
        460,
        472,
        291,
        222,
        395,
        264,
        322,
        407,
        454,
        477,
        252,
        422,
        364,
        63,
        189,
        185,
        360,
        294,
        520,
        164,
        459,
        404,
        267,
        376,
        102,
        340,
        328,
        212,
        419,
        297],
    [   160,
        186,
        600,
        334,
        380,
        100,
        174,
        176,
        58,
        368,
        415,
        116,
        397,
        0,
        59,
        440,
        251,
        136,
        151,
        477,
        451,
        134,
        445,
        284,
        436,
        274,
        449,
        299,
        265,
        89,
        145,
        84,
        449,
        356,
        451,
        214,
        240,
        227,
        471,
        250,
        227,
        225,
        167,
        441,
        434,
        135,
        319,
        192,
        437,
        373],
    [   125,
        130,
        543,
        287,
        335,
        68,
        160,
        135,
        97,
        335,
        378,
        151,
        342,
        59,
        0,
        381,
        242,
        88,
        95,
        448,
        411,
        152,
        390,
        227,
        390,
        220,
        396,
        265,
        245,
        135,
        91,
        95,
        400,
        298,
        392,
        157,
        201,
        177,
        438,
        203,
        214,
        197,
        109,
        392,
        375,
        93,
        271,
        134,
        393,
        320],
    [   358,
        275,
        174,
        210,
        309,
        378,
        384,
        337,
        460,
        325,
        303,
        490,
        193,
        440,
        381,
        0,
        418,
        336,
        299,
        401,
        299,
        460,
        106,
        160,
        228,
        189,
        140,
        305,
        374,
        495,
        314,
        426,
        188,
        153,
        15,
        248,
        287,
        241,
        364,
        293,
        397,
        338,
        273,
        205,
        97,
        329,
        213,
        258,
        256,
        150],
    [   357,
        313,
        526,
        219,
        528,
        308,
        82,
        359,
        209,
        164,
        223,
        180,
        487,
        251,
        242,
        418,
        0,
        311,
        287,
        247,
        261,
        135,
        362,
        275,
        284,
        235,
        347,
        126,
        49,
        214,
        297,
        168,
        320,
        425,
        434,
        325,
        133,
        193,
        253,
        405,
        29,
        83,
        232,
        302,
        467,
        168,
        210,
        298,
        270,
        282],
    [   47,
        61,
        507,
        296,
        246,
        43,
        229,
        48,
        184,
        371,
        404,
        239,
        263,
        136,
        88,
        336,
        311,
        0,
        42,
        487,
        433,
        239,
        368,
        203,
        397,
        214,
        382,
        303,
        303,
        221,
        25,
        182,
        397,
        228,
        345,
        89,
        235,
        187,
        470,
        115,
        282,
        249,
        105,
        394,
        311,
        143,
        281,
        78,
        407,
        312],
    [   85,
        35,
        469,
        254,
        250,
        79,
        207,
        77,
        191,
        333,
        364,
        241,
        247,
        151,
        95,
        299,
        287,
        42,
        0,
        449,
        392,
        233,
        327,
        161,
        355,
        171,
        340,
        266,
        273,
        229,
        17,
        178,
        354,
        204,
        309,
        62,
        199,
        147,
        431,
        120,
        257,
        218,
        65,
        351,
        283,
        118,
        239,
        41,
        365,
        269],
    [   533,
        460,
        421,
        219,
        637,
        502,
        305,
        526,
        446,
        115,
        101,
        426,
        552,
        477,
        448,
        401,
        247,
        487,
        449,
        0,
        103,
        380,
        300,
        340,
        174,
        303,
        269,
        184,
        214,
        458,
        465,
        401,
        220,
        490,
        415,
        457,
        252,
        304,
        38,
        543,
        260,
        252,
        383,
        199,
        487,
        355,
        229,
        438,
        146,
        258],
    [   477,
        395,
        322,
        140,
        552,
        455,
        294,
        466,
        432,
        97,
        38,
        425,
        460,
        451,
        411,
        299,
        261,
        433,
        392,
        103,
        0,
        380,
        197,
        259,
        71,
        228,
        165,
        154,
        216,
        451,
        409,
        385,
        116,
        400,
        313,
        387,
        211,
        245,
        65,
        471,
        263,
        232,
        327,
        96,
        389,
        318,
        154,
        373,
        43,
        163],
    [   277,
        267,
        598,
        297,
        483,
        219,
        88,
        287,
        81,
        285,
        341,
        45,
        472,
        134,
        152,
        460,
        135,
        239,
        233,
        380,
        380,
        0,
        433,
        299,
        386,
        271,
        427,
        227,
        167,
        78,
        236,
        57,
        412,
        419,
        474,
        289,
        191,
        219,
        383,
        351,
        121,
        151,
        206,
        398,
        482,
        135,
        284,
        262,
        378,
        352],
    [   400,
        312,
        166,
        143,
        400,
        405,
        348,
        382,
        451,
        240,
        206,
        470,
        291,
        445,
        390,
        106,
        362,
        368,
        327,
        300,
        197,
        433,
        0,
        165,
        126,
        170,
        33,
        238,
        314,
        483,
        343,
        411,
        82,
        240,
        118,
        291,
        243,
        220,
        263,
        356,
        347,
        292,
        281,
        101,
        202,
        317,
        153,
        291,
        154,
        81],
    [   238,
        150,
        316,
        121,
        296,
        239,
        227,
        222,
        300,
        234,
        242,
        329,
        222,
        284,
        227,
        160,
        275,
        203,
        161,
        340,
        259,
        299,
        165,
        0,
        208,
        42,
        178,
        185,
        237,
        335,
        178,
        265,
        197,
        158,
        174,
        134,
        143,
        84,
        312,
        212,
        250,
        192,
        117,
        199,
        192,
        168,
        111,
        128,
        224,
        112],
    [   438,
        353,
        260,
        103,
        492,
        425,
        297,
        425,
        426,
        132,
        85,
        429,
        395,
        436,
        390,
        228,
        284,
        397,
        355,
        174,
        71,
        386,
        126,
        208,
        0,
        184,
        94,
        161,
        235,
        451,
        372,
        381,
        47,
        336,
        242,
        340,
        199,
        214,
        136,
        420,
        278,
        234,
        294,
        25,
        319,
        301,
        118,
        330,
        28,
        100],
    [   254,
        169,
        331,
        87,
        335,
        244,
        194,
        240,
        282,
        194,
        207,
        305,
        264,
        274,
        220,
        189,
        235,
        214,
        171,
        303,
        228,
        271,
        170,
        42,
        184,
        0,
        175,
        143,
        196,
        314,
        189,
        243,
        183,
        201,
        204,
        158,
        102,
        52,
        277,
        242,
        211,
        152,
        114,
        180,
        232,
        147,
        75,
        146,
        196,
        100],
    [   417,
        328,
        179,
        131,
        429,
        417,
        340,
        399,
        452,
        215,
        177,
        466,
        322,
        449,
        396,
        140,
        347,
        382,
        340,
        269,
        165,
        427,
        33,
        178,
        94,
        175,
        0,
        222,
        298,
        482,
        357,
        409,
        49,
        269,
        151,
        309,
        235,
        222,
        231,
        379,
        334,
        281,
        289,
        69,
        235,
        318,
        143,
        306,
        123,
        77],
    [   349,
        280,
        401,
        96,
        473,
        317,
        140,
        343,
        278,
        70,
        117,
        272,
        407,
        299,
        265,
        305,
        126,
        303,
        266,
        184,
        154,
        227,
        238,
        185,
        161,
        143,
        222,
        0,
        76,
        297,
        281,
        231,
        195,
        344,
        321,
        280,
        67,
        126,
        172,
        367,
        117,
        78,
        200,
        177,
        368,
        171,
        92,
        259,
        150,
        160],
    [   350,
        295,
        477,
        170,
        505,
        307,
        91,
        349,
        232,
        119,
        177,
        213,
        454,
        265,
        245,
        374,
        49,
        303,
        273,
        214,
        216,
        167,
        314,
        237,
        235,
        196,
        298,
        76,
        0,
        243,
        286,
        186,
        271,
        392,
        389,
        304,
        94,
        160,
        215,
        387,
        47,
        55,
        213,
        252,
        427,
        160,
        163,
        278,
        221,
        234],
    [   250,
        265,
        646,
        356,
        468,
        189,
        157,
        265,
        38,
        359,
        413,
        37,
        477,
        89,
        135,
        495,
        214,
        221,
        229,
        458,
        451,
        78,
        483,
        335,
        451,
        314,
        482,
        297,
        243,
        0,
        226,
        72,
        473,
        431,
        508,
        291,
        251,
        262,
        459,
        337,
        198,
        219,
        225,
        460,
        503,
        167,
        341,
        266,
        446,
        405],
    [   68,
        42,
        484,
        271,
        247,
        64,
        217,
        62,
        188,
        350,
        381,
        241,
        252,
        145,
        91,
        314,
        297,
        25,
        17,
        465,
        409,
        236,
        343,
        178,
        372,
        189,
        357,
        281,
        286,
        226,
        0,
        180,
        371,
        212,
        323,
        71,
        214,
        164,
        447,
        115,
        267,
        232,
        82,
        369,
        293,
        128,
        256,
        55,
        382,
        287],
    [   220,
        213,
        574,
        284,
        427,
        162,
        95,
        230,
        46,
        297,
        348,
        66,
        422,
        84,
        95,
        426,
        168,
        182,
        178,
        401,
        385,
        57,
        411,
        265,
        381,
        243,
        409,
        231,
        186,
        72,
        180,
        0,
        401,
        371,
        439,
        237,
        181,
        191,
        398,
        295,
        145,
        153,
        160,
        389,
        439,
        96,
        270,
        210,
        377,
        333],
    [   435,
        347,
        215,
        116,
        467,
        428,
        324,
        419,
        446,
        175,
        132,
        454,
        364,
        449,
        400,
        188,
        320,
        397,
        354,
        220,
        116,
        412,
        82,
        197,
        47,
        183,
        49,
        195,
        271,
        473,
        371,
        401,
        0,
        309,
        200,
        331,
        221,
        222,
        181,
        407,
        311,
        262,
        297,
        21,
        282,
        315,
        132,
        325,
        74,
        85],
    [   233,
        170,
        322,
        272,
        160,
        271,
        365,
        211,
        392,
        390,
        390,
        437,
        63,
        356,
        298,
        153,
        425,
        228,
        204,
        490,
        400,
        419,
        240,
        158,
        336,
        201,
        269,
        344,
        392,
        431,
        212,
        371,
        309,
        0,
        154,
        141,
        297,
        232,
        459,
        150,
        398,
        342,
        213,
        319,
        88,
        285,
        265,
        164,
        359,
        237],
    [   366,
        284,
        169,
        226,
        307,
        388,
        398,
        344,
        473,
        340,
        317,
        504,
        189,
        451,
        392,
        15,
        434,
        345,
        309,
        415,
        313,
        474,
        118,
        174,
        242,
        204,
        151,
        321,
        389,
        508,
        323,
        439,
        200,
        154,
        0,
        257,
        302,
        256,
        378,
        297,
        413,
        354,
        285,
        218,
        90,
        343,
        229,
        268,
        269,
        166],
    [   110,
        28,
        421,
        246,
        203,
        133,
        251,
        91,
        253,
        343,
        364,
        301,
        185,
        214,
        157,
        248,
        325,
        89,
        62,
        457,
        387,
        289,
        291,
        134,
        340,
        158,
        309,
        280,
        304,
        291,
        71,
        237,
        331,
        141,
        257,
        0,
        217,
        154,
        434,
        86,
        295,
        249,
        93,
        333,
        222,
        163,
        233,
        27,
        355,
        246],
    [   282,
        214,
        409,
        105,
        415,
        250,
        104,
        276,
        226,
        136,
        177,
        232,
        360,
        240,
        201,
        287,
        133,
        235,
        199,
        252,
        211,
        191,
        243,
        143,
        199,
        102,
        235,
        67,
        94,
        251,
        214,
        181,
        221,
        297,
        302,
        217,
        0,
        66,
        237,
        303,
        110,
        51,
        133,
        208,
        334,
        107,
        92,
        194,
        197,
        162],
    [   232,
        155,
        383,
        111,
        349,
        211,
        143,
        222,
        231,
        189,
        217,
        252,
        294,
        227,
        177,
        241,
        193,
        187,
        147,
        304,
        245,
        219,
        220,
        84,
        214,
        52,
        222,
        126,
        160,
        262,
        164,
        191,
        222,
        232,
        256,
        154,
        66,
        0,
        284,
        241,
        167,
        110,
        82,
        215,
        275,
        96,
        95,
        134,
        220,
        145],
    [   515,
        439,
        383,
        191,
        608,
        488,
        303,
        507,
        444,
        102,
        70,
        429,
        520,
        471,
        438,
        364,
        253,
        470,
        431,
        38,
        65,
        383,
        263,
        312,
        136,
        277,
        231,
        172,
        215,
        459,
        447,
        398,
        181,
        459,
        378,
        434,
        237,
        284,
        0,
        519,
        262,
        245,
        365,
        161,
        452,
        344,
        202,
        417,
        108,
        224],
    [   96,
        92,
        466,
        330,
        131,
        150,
        327,
        75,
        300,
        430,
        449,
        354,
        164,
        250,
        203,
        293,
        405,
        115,
        120,
        543,
        471,
        351,
        356,
        212,
        420,
        242,
        379,
        367,
        387,
        337,
        115,
        295,
        407,
        150,
        297,
        86,
        303,
        241,
        519,
        0,
        375,
        332,
        174,
        410,
        238,
        238,
        317,
        109,
        436,
        323],
    [   327,
        283,
        512,
        204,
        499,
        280,
        54,
        329,
        188,
        166,
        224,
        166,
        459,
        227,
        214,
        397,
        29,
        282,
        257,
        260,
        263,
        121,
        347,
        250,
        278,
        211,
        334,
        117,
        47,
        198,
        267,
        145,
        311,
        398,
        413,
        295,
        110,
        167,
        262,
        375,
        0,
        59,
        202,
        294,
        442,
        139,
        194,
        269,
        266,
        266],
    [   296,
        240,
        458,
        150,
        451,
        256,
        63,
        295,
        200,
        143,
        195,
        195,
        404,
        225,
        197,
        338,
        83,
        249,
        218,
        252,
        232,
        151,
        292,
        192,
        234,
        152,
        281,
        78,
        55,
        219,
        232,
        153,
        262,
        342,
        354,
        249,
        51,
        110,
        245,
        332,
        59,
        0,
        158,
        247,
        384,
        107,
        139,
        223,
        227,
        210],
    [   150,
        82,
        433,
        192,
        296,
        131,
        159,
        143,
        188,
        268,
        298,
        226,
        267,
        167,
        109,
        273,
        232,
        105,
        65,
        383,
        327,
        206,
        281,
        117,
        294,
        114,
        289,
        200,
        213,
        225,
        82,
        160,
        297,
        213,
        285,
        93,
        133,
        82,
        365,
        174,
        202,
        158,
        0,
        293,
        279,
        72,
        176,
        66,
        302,
        215],
    [   433,
        347,
        236,
        106,
        477,
        424,
        309,
        419,
        434,
        154,
        110,
        440,
        376,
        441,
        392,
        205,
        302,
        394,
        351,
        199,
        96,
        398,
        101,
        199,
        25,
        180,
        69,
        177,
        252,
        460,
        369,
        389,
        21,
        319,
        218,
        333,
        208,
        215,
        161,
        410,
        294,
        247,
        293,
        0,
        297,
        306,
        121,
        324,
        53,
        87],
    [   321,
        251,
        245,
        281,
        222,
        355,
        417,
        298,
        465,
        401,
        387,
        505,
        102,
        434,
        375,
        97,
        467,
        311,
        283,
        487,
        389,
        482,
        202,
        192,
        319,
        232,
        235,
        368,
        427,
        503,
        293,
        439,
        282,
        88,
        90,
        222,
        334,
        275,
        452,
        238,
        442,
        384,
        279,
        297,
        0,
        346,
        279,
        241,
        345,
        230],
    [   190,
        146,
        478,
        199,
        365,
        148,
        89,
        190,
        134,
        242,
        284,
        161,
        340,
        135,
        93,
        329,
        168,
        143,
        118,
        355,
        318,
        135,
        317,
        168,
        301,
        147,
        318,
        171,
        160,
        167,
        128,
        96,
        315,
        285,
        343,
        163,
        107,
        96,
        344,
        238,
        139,
        107,
        72,
        306,
        346,
        0,
        184,
        135,
        302,
        241],
    [   323,
        241,
        319,
        15,
        408,
        307,
        197,
        312,
        314,
        125,
        132,
        324,
        328,
        319,
        271,
        213,
        210,
        281,
        239,
        229,
        154,
        284,
        153,
        111,
        118,
        75,
        143,
        92,
        163,
        341,
        256,
        270,
        132,
        265,
        229,
        233,
        92,
        95,
        202,
        317,
        194,
        139,
        176,
        121,
        279,
        184,
        0,
        218,
        125,
        72],
    [   110,
        22,
        429,
        232,
        230,
        119,
        224,
        94,
        228,
        324,
        348,
        275,
        212,
        192,
        134,
        258,
        298,
        78,
        41,
        438,
        373,
        262,
        291,
        128,
        330,
        146,
        306,
        259,
        278,
        266,
        55,
        210,
        325,
        164,
        268,
        27,
        194,
        134,
        417,
        109,
        269,
        223,
        66,
        324,
        241,
        135,
        218,
        0,
        342,
        239],
    [   449,
        365,
        286,
        110,
        513,
        432,
        290,
        437,
        423,
        111,
        59,
        422,
        419,
        437,
        393,
        256,
        270,
        407,
        365,
        146,
        43,
        378,
        154,
        224,
        28,
        196,
        123,
        150,
        221,
        446,
        382,
        377,
        74,
        359,
        269,
        355,
        197,
        220,
        108,
        436,
        266,
        227,
        302,
        53,
        345,
        302,
        125,
        342,
        0,
        121],
    [   349,
        262,
        247,
        64,
        392,
        344,
        266,
        334,
        375,
        174,
        157,
        390,
        297,
        373,
        320,
        150,
        282,
        312,
        269,
        258,
        163,
        352,
        81,
        112,
        100,
        100,
        77,
        160,
        234,
        405,
        287,
        333,
        85,
        237,
        166,
        246,
        162,
        145,
        224,
        323,
        266,
        210,
        215,
        87,
        230,
        241,
        72,
        239,
        121,
        0]]
;
task=[   50,
    17,
    23,
    362,
    0,
    131,
    245,
    148,
    67,
    290,
    150,
    39,
    165,
    23,
    64,
    319,
    38,
    68,
    17,
    6,
    136,
    35,
    62,
    491,
    290,
    0,
    312,
    298,
    199,
    60,
    27,
    214,
    114,
    1,
    22,
    14,
    206,
    172,
    41,
    66,
    158,
    364,
    37,
    144,
    207,
    54,
    274,
    426,
    316,
    279]
;
minW=[   95,
    58,
    145,
    6,
    3,
    28,
    191,
    136,
    187,
    62,
    44,
    43,
    2,
    233,
    141,
    58,
    51,
    32,
    153,
    233,
    61,
    230,
    149,
    17,
    38,
    0,
    121,
    99,
    171,
    266,
    71,
    218,
    137,
    25,
    79,
    88,
    19,
    9,
    211,
    115,
    92,
    125,
    44,
    54,
    42,
    12,
    43,
    109,
    68,
    50]
;
maxW=[   662,
    585,
    356,
    369,
    551,
    635,
    649,
    279,
    655,
    555,
    247,
    307,
    379,
    572,
    281,
    646,
    600,
    345,
    443,
    579,
    574,
    287,
    575,
    648,
    196,
    720,
    358,
    157,
    277,
    593,
    393,
    275,
    414,
    365,
    291,
    450,
    372,
    690,
    508,
    366,
    266,
    214,
    670,
    662,
    676,
    656,
    368,
    563,
    554,
    249]
;