// Generated by InstanceGenerator.py v0.1
// Juan Francisco Martinez Vera
// AMMM - MIRI, FIB UPC
//
// RAND_SEED=1484859967

bigM=100000;

nLocations=30;
startLocation=15;
distances=[   [   0,
        14,
        32,
        33,
        31,
        18,
        26,
        7,
        34,
        18,
        14,
        43,
        28,
        33,
        45,
        22,
        18,
        22,
        28,
        40,
        19,
        10,
        25,
        26,
        36,
        36,
        30,
        22,
        38,
        34],
    [   14,
        0,
        41,
        39,
        16,
        11,
        18,
        18,
        42,
        20,
        27,
        49,
        36,
        29,
        46,
        36,
        8,
        36,
        36,
        50,
        24,
        12,
        15,
        39,
        39,
        41,
        41,
        34,
        24,
        38],
    [   32,
        41,
        0,
        61,
        56,
        50,
        39,
        25,
        59,
        51,
        35,
        12,
        54,
        33,
        27,
        25,
        38,
        18,
        54,
        8,
        50,
        29,
        42,
        16,
        17,
        13,
        10,
        13,
        61,
        14],
    [   33,
        39,
        61,
        0,
        49,
        30,
        56,
        40,
        6,
        19,
        25,
        73,
        7,
        66,
        78,
        37,
        47,
        43,
        7,
        66,
        15,
        43,
        54,
        47,
        68,
        68,
        54,
        47,
        57,
        66],
    [   31,
        16,
        56,
        49,
        0,
        18,
        21,
        35,
        53,
        30,
        43,
        62,
        48,
        34,
        55,
        53,
        18,
        52,
        48,
        65,
        35,
        27,
        16,
        56,
        50,
        53,
        58,
        51,
        8,
        50],
    [   18,
        11,
        50,
        30,
        18,
        0,
        28,
        25,
        35,
        11,
        27,
        59,
        29,
        40,
        57,
        39,
        19,
        40,
        30,
        58,
        16,
        22,
        25,
        44,
        50,
        51,
        48,
        40,
        27,
        49],
    [   26,
        18,
        39,
        56,
        21,
        28,
        0,
        25,
        59,
        38,
        40,
        43,
        53,
        13,
        33,
        44,
        9,
        42,
        53,
        47,
        41,
        17,
        4,
        44,
        29,
        33,
        43,
        38,
        23,
        30],
    [   7,
        18,
        25,
        40,
        35,
        25,
        25,
        0,
        40,
        26,
        17,
        35,
        34,
        29,
        38,
        19,
        19,
        17,
        34,
        32,
        26,
        8,
        25,
        21,
        28,
        28,
        23,
        16,
        41,
        26],
    [   34,
        42,
        59,
        6,
        53,
        35,
        59,
        40,
        0,
        23,
        24,
        71,
        6,
        67,
        78,
        35,
        50,
        41,
        5,
        64,
        18,
        44,
        57,
        45,
        68,
        67,
        51,
        45,
        62,
        66],
    [   18,
        20,
        51,
        19,
        30,
        11,
        38,
        26,
        23,
        0,
        20,
        61,
        17,
        48,
        63,
        34,
        29,
        37,
        18,
        58,
        5,
        27,
        35,
        41,
        54,
        55,
        46,
        39,
        39,
        53],
    [   14,
        27,
        35,
        25,
        43,
        27,
        40,
        17,
        24,
        20,
        0,
        47,
        19,
        46,
        54,
        13,
        32,
        18,
        19,
        40,
        17,
        24,
        39,
        22,
        44,
        43,
        28,
        21,
        51,
        42],
    [   43,
        49,
        12,
        73,
        62,
        59,
        43,
        35,
        71,
        61,
        47,
        0,
        66,
        33,
        19,
        38,
        45,
        31,
        66,
        11,
        61,
        37,
        47,
        28,
        14,
        9,
        22,
        26,
        66,
        13],
    [   28,
        36,
        54,
        7,
        48,
        29,
        53,
        34,
        6,
        17,
        19,
        66,
        0,
        61,
        72,
        30,
        43,
        36,
        0,
        59,
        12,
        38,
        51,
        40,
        62,
        62,
        46,
        40,
        56,
        60],
    [   33,
        29,
        33,
        66,
        34,
        40,
        13,
        29,
        67,
        48,
        46,
        33,
        61,
        0,
        20,
        46,
        20,
        41,
        62,
        40,
        51,
        23,
        18,
        42,
        19,
        23,
        40,
        36,
        35,
        20],
    [   45,
        46,
        27,
        78,
        55,
        57,
        33,
        38,
        78,
        63,
        54,
        19,
        72,
        20,
        0,
        49,
        39,
        43,
        73,
        30,
        64,
        36,
        38,
        42,
        10,
        13,
        37,
        37,
        56,
        13],
    [   22,
        36,
        25,
        37,
        53,
        39,
        44,
        19,
        35,
        34,
        13,
        38,
        30,
        46,
        49,
        0,
        38,
        6,
        30,
        29,
        30,
        28,
        45,
        10,
        38,
        36,
        16,
        12,
        60,
        36],
    [   18,
        8,
        38,
        47,
        18,
        19,
        9,
        19,
        50,
        29,
        32,
        45,
        43,
        20,
        39,
        38,
        0,
        37,
        44,
        47,
        32,
        10,
        7,
        39,
        33,
        35,
        40,
        34,
        23,
        32],
    [   22,
        36,
        18,
        43,
        52,
        40,
        42,
        17,
        41,
        37,
        18,
        31,
        36,
        41,
        43,
        6,
        37,
        0,
        37,
        22,
        35,
        26,
        43,
        4,
        32,
        29,
        10,
        5,
        59,
        29],
    [   28,
        36,
        54,
        7,
        48,
        30,
        53,
        34,
        5,
        18,
        19,
        66,
        0,
        62,
        73,
        30,
        44,
        37,
        0,
        59,
        13,
        39,
        51,
        40,
        62,
        62,
        47,
        41,
        57,
        61],
    [   40,
        50,
        8,
        66,
        65,
        58,
        47,
        32,
        64,
        58,
        40,
        11,
        59,
        40,
        30,
        29,
        47,
        22,
        59,
        0,
        56,
        38,
        50,
        19,
        22,
        18,
        12,
        19,
        70,
        20],
    [   19,
        24,
        50,
        15,
        35,
        16,
        41,
        26,
        18,
        5,
        17,
        61,
        12,
        51,
        64,
        30,
        32,
        35,
        13,
        56,
        0,
        28,
        39,
        39,
        55,
        55,
        45,
        37,
        44,
        53],
    [   10,
        12,
        29,
        43,
        27,
        22,
        17,
        8,
        44,
        27,
        24,
        37,
        38,
        23,
        36,
        28,
        10,
        26,
        39,
        38,
        28,
        0,
        17,
        29,
        28,
        29,
        30,
        23,
        33,
        27],
    [   25,
        15,
        42,
        54,
        16,
        25,
        4,
        25,
        57,
        35,
        39,
        47,
        51,
        18,
        38,
        45,
        7,
        43,
        51,
        50,
        39,
        17,
        0,
        45,
        34,
        37,
        46,
        39,
        19,
        34],
    [   26,
        39,
        16,
        47,
        56,
        44,
        44,
        21,
        45,
        41,
        22,
        28,
        40,
        42,
        42,
        10,
        39,
        4,
        40,
        19,
        39,
        29,
        45,
        0,
        31,
        28,
        6,
        6,
        62,
        29],
    [   36,
        39,
        17,
        68,
        50,
        50,
        29,
        28,
        68,
        54,
        44,
        14,
        62,
        19,
        10,
        38,
        33,
        32,
        62,
        22,
        55,
        28,
        34,
        31,
        0,
        4,
        26,
        26,
        53,
        2],
    [   36,
        41,
        13,
        68,
        53,
        51,
        33,
        28,
        67,
        55,
        43,
        9,
        62,
        23,
        13,
        36,
        35,
        29,
        62,
        18,
        55,
        29,
        37,
        28,
        4,
        0,
        23,
        24,
        56,
        3],
    [   30,
        41,
        10,
        54,
        58,
        48,
        43,
        23,
        51,
        46,
        28,
        22,
        46,
        40,
        37,
        16,
        40,
        10,
        47,
        12,
        45,
        30,
        46,
        6,
        26,
        23,
        0,
        7,
        64,
        24],
    [   22,
        34,
        13,
        47,
        51,
        40,
        38,
        16,
        45,
        39,
        21,
        26,
        40,
        36,
        37,
        12,
        34,
        5,
        41,
        19,
        37,
        23,
        39,
        6,
        26,
        24,
        7,
        0,
        57,
        24],
    [   38,
        24,
        61,
        57,
        8,
        27,
        23,
        41,
        62,
        39,
        51,
        66,
        56,
        35,
        56,
        60,
        23,
        59,
        57,
        70,
        44,
        33,
        19,
        62,
        53,
        56,
        64,
        57,
        0,
        53],
    [   34,
        38,
        14,
        66,
        50,
        49,
        30,
        26,
        66,
        53,
        42,
        13,
        60,
        20,
        13,
        36,
        32,
        29,
        61,
        20,
        53,
        27,
        34,
        29,
        2,
        3,
        24,
        24,
        53,
        0]]
;
task=[   570,
    329,
    184,
    43,
    254,
    578,
    326,
    387,
    320,
    516,
    52,
    451,
    420,
    652,
    0,
    381,
    627,
    0,
    119,
    139,
    224,
    148,
    563,
    615,
    435,
    320,
    27,
    538,
    174,
    348]
;
minW=[   9,
    27,
    16,
    35,
    0,
    46,
    29,
    3,
    13,
    28,
    16,
    17,
    7,
    13,
    0,
    44,
    20,
    22,
    24,
    19,
    54,
    11,
    10,
    16,
    5,
    6,
    18,
    33,
    6,
    10]
;
maxW=[   189,
    336,
    162,
    680,
    93,
    149,
    58,
    433,
    567,
    631,
    178,
    712,
    91,
    676,
    720,
    303,
    152,
    634,
    444,
    253,
    450,
    70,
    535,
    685,
    184,
    38,
    418,
    677,
    375,
    585]
;