// Generated by InstanceGenerator.py v0.1
// Juan Francisco Martinez Vera
// AMMM - MIRI, FIB UPC
//
// RAND_SEED=1484783104

bigM=100000;

nLocations=70;
startLocation=37;
distances=[   [   0,
        137,
        125,
        37,
        126,
        198,
        127,
        70,
        124,
        68,
        123,
        198,
        115,
        189,
        167,
        26,
        164,
        95,
        61,
        158,
        48,
        124,
        83,
        134,
        77,
        56,
        133,
        86,
        165,
        127,
        126,
        31,
        185,
        141,
        110,
        88,
        140,
        38,
        128,
        188,
        144,
        68,
        90,
        197,
        114,
        97,
        61,
        88,
        107,
        168,
        205,
        188,
        189,
        78,
        181,
        61,
        96,
        204,
        49,
        107,
        122,
        41,
        129,
        63,
        34,
        112,
        170,
        131,
        128,
        172],
    [   137,
        0,
        113,
        155,
        208,
        62,
        197,
        104,
        242,
        135,
        168,
        179,
        124,
        102,
        135,
        160,
        162,
        50,
        158,
        164,
        117,
        54,
        69,
        7,
        75,
        193,
        60,
        190,
        162,
        161,
        169,
        148,
        166,
        26,
        130,
        73,
        148,
        99,
        57,
        172,
        89,
        166,
        149,
        165,
        23,
        166,
        85,
        132,
        236,
        66,
        202,
        73,
        60,
        63,
        166,
        170,
        166,
        188,
        95,
        181,
        187,
        176,
        187,
        73,
        114,
        160,
        101,
        162,
        35,
        142],
    [   125,
        113,
        0,
        161,
        113,
        144,
        97,
        154,
        168,
        173,
        227,
        78,
        18,
        81,
        41,
        131,
        50,
        76,
        95,
        50,
        147,
        151,
        64,
        106,
        64,
        173,
        57,
        116,
        51,
        226,
        62,
        155,
        64,
        137,
        197,
        55,
        34,
        112,
        58,
        68,
        37,
        189,
        62,
        73,
        109,
        209,
        125,
        185,
        178,
        84,
        94,
        106,
        123,
        114,
        61,
        110,
        209,
        86,
        84,
        88,
        87,
        144,
        83,
        98,
        91,
        216,
        57,
        228,
        138,
        46],
    [   37,
        155,
        161,
        0,
        158,
        217,
        161,
        63,
        142,
        45,
        94,
        235,
        151,
        220,
        203,
        49,
        201,
        120,
        95,
        195,
        40,
        129,
        112,
        153,
        108,
        47,
        163,
        115,
        202,
        100,
        163,
        6,
        222,
        153,
        91,
        120,
        177,
        58,
        157,
        224,
        177,
        31,
        127,
        234,
        131,
        64,
        70,
        66,
        117,
        196,
        242,
        214,
        211,
        92,
        218,
        91,
        64,
        241,
        80,
        141,
        157,
        54,
        164,
        85,
        70,
        84,
        202,
        104,
        138,
        208],
    [   126,
        208,
        113,
        158,
        0,
        253,
        18,
        192,
        66,
        194,
        250,
        137,
        95,
        193,
        136,
        109,
        106,
        159,
        65,
        96,
        172,
        226,
        140,
        202,
        135,
        136,
        165,
        44,
        107,
        254,
        54,
        155,
        130,
        226,
        235,
        135,
        91,
        146,
        164,
        128,
        150,
        189,
        59,
        148,
        194,
        222,
        172,
        214,
        93,
        197,
        126,
        219,
        234,
        176,
        124,
        66,
        221,
        137,
        126,
        27,
        27,
        109,
        33,
        154,
        114,
        239,
        169,
        257,
        220,
        135],
    [   198,
        62,
        144,
        217,
        253,
        0,
        238,
        165,
        295,
        196,
        223,
        189,
        160,
        91,
        148,
        219,
        182,
        105,
        211,
        187,
        180,
        105,
        122,
        64,
        129,
        254,
        87,
        241,
        183,
        215,
        206,
        210,
        178,
        72,
        185,
        122,
        177,
        161,
        89,
        184,
        109,
        228,
        195,
        171,
        86,
        226,
        147,
        190,
        293,
        63,
        215,
        48,
        23,
        125,
        180,
        224,
        225,
        198,
        153,
        226,
        228,
        236,
        226,
        134,
        172,
        217,
        105,
        215,
        88,
        154],
    [   127,
        197,
        97,
        161,
        18,
        238,
        0,
        189,
        84,
        194,
        251,
        118,
        79,
        176,
        117,
        113,
        88,
        148,
        65,
        78,
        171,
        218,
        129,
        190,
        124,
        144,
        151,
        53,
        89,
        254,
        36,
        157,
        112,
        215,
        234,
        124,
        73,
        142,
        149,
        110,
        134,
        193,
        48,
        130,
        184,
        224,
        167,
        213,
        109,
        181,
        108,
        203,
        219,
        169,
        106,
        70,
        223,
        119,
        120,
        19,
        10,
        115,
        15,
        147,
        110,
        240,
        152,
        257,
        211,
        117],
    [   70,
        104,
        154,
        63,
        192,
        165,
        189,
        0,
        194,
        30,
        73,
        232,
        151,
        190,
        192,
        95,
        202,
        88,
        126,
        199,
        23,
        68,
        91,
        105,
        89,
        110,
        133,
        155,
        203,
        72,
        179,
        59,
        218,
        96,
        45,
        100,
        180,
        47,
        127,
        222,
        155,
        63,
        145,
        225,
        82,
        63,
        28,
        31,
        175,
        160,
        246,
        173,
        165,
        46,
        215,
        129,
        62,
        240,
        74,
        169,
        182,
        108,
        187,
        56,
        79,
        63,
        178,
        74,
        80,
        199],
    [   124,
        242,
        168,
        142,
        66,
        295,
        84,
        194,
        0,
        186,
        236,
        203,
        149,
        249,
        197,
        99,
        171,
        192,
        83,
        161,
        171,
        245,
        173,
        236,
        167,
        104,
        211,
        53,
        172,
        243,
        117,
        142,
        196,
        254,
        232,
        172,
        153,
        157,
        208,
        194,
        203,
        170,
        105,
        214,
        223,
        205,
        183,
        208,
        35,
        246,
        193,
        268,
        279,
        195,
        190,
        72,
        205,
        204,
        148,
        82,
        91,
        88,
        99,
        175,
        130,
        226,
        225,
        246,
        244,
        198],
    [   68,
        135,
        173,
        45,
        194,
        196,
        194,
        30,
        186,
        0,
        56,
        251,
        168,
        217,
        213,
        89,
        219,
        114,
        129,
        215,
        26,
        96,
        114,
        135,
        111,
        92,
        159,
        154,
        221,
        59,
        190,
        44,
        237,
        126,
        46,
        123,
        196,
        61,
        154,
        241,
        180,
        34,
        154,
        246,
        112,
        36,
        54,
        21,
        163,
        188,
        263,
        203,
        195,
        75,
        234,
        129,
        35,
        258,
        90,
        175,
        189,
        98,
        195,
        79,
        89,
        45,
        204,
        62,
        110,
        220],
    [   123,
        168,
        227,
        94,
        250,
        223,
        251,
        73,
        236,
        56,
        0,
        305,
        223,
        261,
        266,
        142,
        274,
        160,
        185,
        270,
        81,
        118,
        164,
        171,
        163,
        134,
        205,
        208,
        275,
        11,
        246,
        95,
        291,
        151,
        38,
        174,
        251,
        116,
        199,
        295,
        228,
        66,
        211,
        299,
        148,
        31,
        102,
        42,
        208,
        229,
        318,
        240,
        227,
        118,
        288,
        183,
        31,
        313,
        144,
        231,
        245,
        148,
        251,
        129,
        145,
        11,
        251,
        14,
        135,
        272],
    [   198,
        179,
        78,
        235,
        137,
        189,
        118,
        232,
        203,
        251,
        305,
        0,
        84,
        99,
        44,
        198,
        35,
        152,
        153,
        43,
        225,
        225,
        142,
        172,
        143,
        239,
        119,
        162,
        33,
        304,
        87,
        229,
        14,
        205,
        276,
        132,
        59,
        190,
        123,
        10,
        89,
        265,
        115,
        19,
        181,
        287,
        203,
        263,
        224,
        126,
        27,
        141,
        166,
        192,
        17,
        167,
        286,
        9,
        161,
        123,
        112,
        209,
        104,
        176,
        166,
        294,
        83,
        306,
        209,
        37],
    [   115,
        124,
        18,
        151,
        95,
        160,
        79,
        151,
        149,
        168,
        223,
        84,
        0,
        100,
        54,
        117,
        51,
        82,
        78,
        47,
        142,
        157,
        66,
        117,
        65,
        159,
        72,
        97,
        52,
        223,
        45,
        145,
        70,
        147,
        196,
        58,
        28,
        106,
        72,
        73,
        55,
        180,
        44,
        83,
        117,
        203,
        123,
        181,
        160,
        102,
        94,
        124,
        140,
        115,
        66,
        93,
        203,
        90,
        78,
        69,
        68,
        130,
        66,
        97,
        81,
        212,
        76,
        225,
        146,
        58],
    [   189,
        102,
        81,
        220,
        193,
        91,
        176,
        190,
        249,
        217,
        261,
        99,
        100,
        0,
        64,
        201,
        101,
        103,
        174,
        108,
        193,
        156,
        107,
        96,
        112,
        243,
        57,
        197,
        101,
        257,
        140,
        213,
        90,
        127,
        225,
        100,
        104,
        162,
        63,
        97,
        47,
        242,
        144,
        80,
        115,
        252,
        163,
        221,
        258,
        35,
        127,
        43,
        68,
        143,
        94,
        188,
        252,
        108,
        140,
        169,
        166,
        217,
        161,
        138,
        155,
        252,
        24,
        258,
        137,
        69],
    [   167,
        135,
        41,
        203,
        136,
        148,
        117,
        192,
        197,
        213,
        266,
        44,
        54,
        64,
        0,
        172,
        36,
        109,
        132,
        44,
        187,
        180,
        101,
        127,
        102,
        213,
        75,
        149,
        36,
        264,
        81,
        196,
        31,
        160,
        235,
        91,
        44,
        152,
        78,
        37,
        45,
        230,
        96,
        33,
        137,
        250,
        163,
        223,
        212,
        85,
        68,
        102,
        125,
        150,
        32,
        147,
        249,
        53,
        124,
        115,
        108,
        184,
        102,
        136,
        132,
        255,
        43,
        266,
        165,
        7],
    [   26,
        160,
        131,
        49,
        109,
        219,
        113,
        95,
        99,
        89,
        142,
        198,
        117,
        201,
        172,
        0,
        163,
        114,
        48,
        156,
        72,
        150,
        100,
        156,
        94,
        41,
        149,
        66,
        165,
        148,
        119,
        46,
        186,
        166,
        134,
        104,
        139,
        63,
        144,
        188,
        155,
        80,
        84,
        200,
        138,
        113,
        87,
        110,
        81,
        185,
        202,
        206,
        209,
        103,
        182,
        42,
        113,
        203,
        66,
        94,
        109,
        16,
        117,
        86,
        48,
        132,
        181,
        151,
        153,
        176],
    [   164,
        162,
        50,
        201,
        106,
        182,
        88,
        202,
        171,
        219,
        274,
        35,
        51,
        101,
        36,
        163,
        0,
        127,
        118,
        9,
        193,
        202,
        114,
        154,
        114,
        204,
        102,
        128,
        1,
        274,
        54,
        195,
        25,
        186,
        247,
        105,
        24,
        158,
        104,
        24,
        74,
        231,
        80,
        42,
        160,
        255,
        174,
        232,
        190,
        119,
        44,
        138,
        160,
        164,
        19,
        131,
        254,
        40,
        129,
        90,
        80,
        174,
        72,
        147,
        132,
        263,
        79,
        276,
        188,
        32],
    [   95,
        50,
        76,
        120,
        159,
        105,
        148,
        88,
        192,
        114,
        160,
        152,
        82,
        103,
        109,
        114,
        127,
        0,
        108,
        127,
        90,
        75,
        19,
        44,
        25,
        151,
        45,
        140,
        128,
        157,
        123,
        113,
        138,
        67,
        127,
        25,
        109,
        61,
        39,
        143,
        68,
        139,
        100,
        142,
        36,
        150,
        60,
        119,
        188,
        76,
        170,
        94,
        94,
        42,
        136,
        120,
        149,
        160,
        48,
        132,
        139,
        131,
        140,
        35,
        67,
        151,
        90,
        159,
        64,
        116],
    [   61,
        158,
        95,
        95,
        65,
        211,
        65,
        126,
        83,
        129,
        185,
        153,
        78,
        174,
        132,
        48,
        118,
        108,
        0,
        110,
        107,
        166,
        89,
        153,
        83,
        86,
        129,
        31,
        120,
        189,
        71,
        91,
        142,
        171,
        170,
        88,
        94,
        82,
        126,
        143,
        126,
        127,
        38,
        158,
        140,
        158,
        108,
        148,
        84,
        165,
        154,
        187,
        196,
        115,
        137,
        14,
        158,
        158,
        66,
        46,
        61,
        55,
        68,
        94,
        50,
        174,
        151,
        192,
        163,
        135],
    [   158,
        164,
        50,
        195,
        96,
        187,
        78,
        199,
        161,
        215,
        270,
        43,
        47,
        108,
        44,
        156,
        9,
        127,
        110,
        0,
        189,
        202,
        113,
        156,
        112,
        196,
        105,
        118,
        10,
        270,
        44,
        189,
        34,
        188,
        244,
        104,
        19,
        154,
        107,
        33,
        78,
        225,
        72,
        52,
        160,
        250,
        171,
        229,
        181,
        124,
        47,
        144,
        165,
        163,
        28,
        123,
        249,
        47,
        125,
        80,
        70,
        166,
        62,
        145,
        127,
        259,
        86,
        273,
        189,
        41],
    [   48,
        117,
        147,
        40,
        172,
        180,
        171,
        23,
        171,
        26,
        81,
        225,
        142,
        193,
        187,
        72,
        193,
        90,
        107,
        189,
        0,
        88,
        89,
        117,
        85,
        86,
        136,
        134,
        194,
        83,
        164,
        35,
        211,
        113,
        63,
        97,
        170,
        35,
        130,
        215,
        154,
        49,
        129,
        220,
        94,
        62,
        33,
        41,
        151,
        166,
        237,
        182,
        176,
        55,
        208,
        108,
        61,
        232,
        63,
        151,
        165,
        84,
        170,
        55,
        64,
        70,
        179,
        86,
        98,
        193],
    [   124,
        54,
        151,
        129,
        226,
        105,
        218,
        68,
        245,
        96,
        118,
        225,
        157,
        156,
        180,
        150,
        202,
        75,
        166,
        202,
        88,
        0,
        91,
        59,
        94,
        174,
        107,
        197,
        203,
        110,
        196,
        124,
        210,
        33,
        79,
        99,
        184,
        88,
        103,
        216,
        136,
        131,
        169,
        213,
        43,
        122,
        63,
        87,
        231,
        120,
        245,
        127,
        111,
        50,
        210,
        173,
        122,
        233,
        99,
        199,
        209,
        166,
        211,
        71,
        115,
        112,
        153,
        110,
        18,
        187],
    [   83,
        69,
        64,
        112,
        140,
        122,
        129,
        91,
        173,
        114,
        164,
        142,
        66,
        107,
        101,
        100,
        114,
        19,
        89,
        113,
        89,
        91,
        0,
        63,
        6,
        139,
        50,
        120,
        115,
        162,
        105,
        106,
        128,
        86,
        133,
        9,
        94,
        55,
        45,
        132,
        65,
        135,
        81,
        134,
        54,
        150,
        62,
        122,
        171,
        85,
        158,
        105,
        109,
        50,
        126,
        102,
        149,
        150,
        34,
        112,
        120,
        116,
        121,
        34,
        51,
        154,
        91,
        164,
        82,
        107],
    [   134,
        7,
        106,
        153,
        202,
        64,
        190,
        105,
        236,
        135,
        171,
        172,
        117,
        96,
        127,
        156,
        154,
        44,
        153,
        156,
        117,
        59,
        63,
        0,
        69,
        190,
        52,
        184,
        155,
        164,
        162,
        147,
        158,
        33,
        133,
        66,
        141,
        97,
        49,
        164,
        82,
        166,
        143,
        158,
        23,
        168,
        84,
        133,
        232,
        61,
        195,
        69,
        59,
        62,
        159,
        164,
        167,
        181,
        90,
        174,
        180,
        173,
        180,
        70,
        109,
        163,
        95,
        165,
        41,
        134],
    [   77,
        75,
        64,
        108,
        135,
        129,
        124,
        89,
        167,
        111,
        163,
        143,
        65,
        112,
        102,
        94,
        114,
        25,
        83,
        112,
        85,
        94,
        6,
        69,
        0,
        133,
        56,
        114,
        115,
        161,
        102,
        101,
        128,
        91,
        133,
        12,
        93,
        51,
        51,
        133,
        69,
        131,
        76,
        136,
        59,
        147,
        60,
        120,
        164,
        91,
        158,
        112,
        116,
        50,
        126,
        95,
        147,
        150,
        28,
        107,
        115,
        110,
        117,
        33,
        45,
        152,
        95,
        163,
        86,
        109],
    [   56,
        193,
        173,
        47,
        136,
        254,
        144,
        110,
        104,
        92,
        134,
        239,
        159,
        243,
        213,
        41,
        204,
        151,
        86,
        196,
        86,
        174,
        139,
        190,
        133,
        0,
        189,
        92,
        205,
        142,
        157,
        51,
        227,
        195,
        137,
        144,
        179,
        93,
        184,
        228,
        196,
        67,
        123,
        241,
        170,
        103,
        112,
        113,
        74,
        224,
        241,
        245,
        246,
        132,
        222,
        75,
        102,
        243,
        105,
        127,
        143,
        30,
        151,
        120,
        88,
        125,
        222,
        146,
        181,
        217],
    [   133,
        60,
        57,
        163,
        165,
        87,
        151,
        133,
        211,
        159,
        205,
        119,
        72,
        57,
        75,
        149,
        102,
        45,
        129,
        105,
        136,
        107,
        50,
        52,
        56,
        189,
        0,
        158,
        103,
        201,
        118,
        156,
        106,
        85,
        170,
        45,
        92,
        105,
        5,
        112,
        29,
        184,
        108,
        106,
        64,
        195,
        105,
        164,
        214,
        36,
        142,
        57,
        68,
        86,
        106,
        144,
        194,
        128,
        84,
        138,
        140,
        165,
        138,
        80,
        101,
        196,
        46,
        203,
        91,
        82],
    [   86,
        190,
        116,
        115,
        44,
        241,
        53,
        155,
        53,
        154,
        208,
        162,
        97,
        197,
        149,
        66,
        128,
        140,
        31,
        118,
        134,
        197,
        120,
        184,
        114,
        92,
        158,
        0,
        129,
        213,
        74,
        112,
        153,
        203,
        197,
        119,
        106,
        112,
        154,
        152,
        150,
        146,
        53,
        170,
        172,
        179,
        138,
        174,
        63,
        192,
        157,
        215,
        225,
        147,
        147,
        25,
        179,
        164,
        98,
        39,
        53,
        64,
        62,
        126,
        82,
        197,
        173,
        216,
        195,
        151],
    [   165,
        162,
        51,
        202,
        107,
        183,
        89,
        203,
        172,
        221,
        275,
        33,
        52,
        101,
        36,
        165,
        1,
        128,
        120,
        10,
        194,
        203,
        115,
        155,
        115,
        205,
        103,
        129,
        0,
        275,
        55,
        197,
        23,
        187,
        248,
        106,
        25,
        159,
        105,
        23,
        75,
        232,
        81,
        41,
        161,
        256,
        175,
        234,
        192,
        119,
        42,
        138,
        160,
        165,
        18,
        133,
        255,
        38,
        131,
        91,
        81,
        175,
        73,
        148,
        133,
        265,
        79,
        278,
        189,
        32],
    [   127,
        161,
        226,
        100,
        254,
        215,
        254,
        72,
        243,
        59,
        11,
        304,
        223,
        257,
        264,
        148,
        274,
        157,
        189,
        270,
        83,
        110,
        162,
        164,
        161,
        142,
        201,
        213,
        275,
        0,
        248,
        101,
        290,
        144,
        31,
        172,
        251,
        117,
        196,
        294,
        225,
        74,
        213,
        297,
        142,
        40,
        100,
        42,
        216,
        224,
        318,
        234,
        220,
        115,
        287,
        188,
        41,
        312,
        145,
        234,
        248,
        154,
        254,
        128,
        147,
        17,
        248,
        3,
        128,
        270],
    [   126,
        169,
        62,
        163,
        54,
        206,
        36,
        179,
        117,
        190,
        246,
        87,
        45,
        140,
        81,
        119,
        54,
        123,
        71,
        44,
        164,
        196,
        105,
        162,
        102,
        157,
        118,
        74,
        55,
        248,
        0,
        158,
        79,
        190,
        224,
        98,
        36,
        132,
        118,
        78,
        99,
        194,
        36,
        96,
        159,
        223,
        153,
        206,
        136,
        146,
        84,
        168,
        185,
        151,
        73,
        82,
        222,
        90,
        105,
        36,
        27,
        126,
        21,
        130,
        100,
        235,
        115,
        251,
        187,
        81],
    [   31,
        148,
        155,
        6,
        155,
        210,
        157,
        59,
        142,
        44,
        95,
        229,
        145,
        213,
        196,
        46,
        195,
        113,
        91,
        189,
        35,
        124,
        106,
        147,
        101,
        51,
        156,
        112,
        197,
        101,
        158,
        0,
        216,
        147,
        90,
        113,
        171,
        51,
        150,
        218,
        170,
        36,
        122,
        227,
        124,
        67,
        64,
        65,
        119,
        189,
        237,
        207,
        204,
        85,
        212,
        88,
        66,
        235,
        73,
        137,
        152,
        53,
        159,
        78,
        63,
        85,
        196,
        105,
        132,
        201],
    [   185,
        166,
        64,
        222,
        130,
        178,
        112,
        218,
        196,
        237,
        291,
        14,
        70,
        90,
        31,
        186,
        25,
        138,
        142,
        34,
        211,
        210,
        128,
        158,
        128,
        227,
        106,
        153,
        23,
        290,
        79,
        216,
        0,
        191,
        261,
        118,
        47,
        175,
        109,
        6,
        76,
        251,
        104,
        18,
        167,
        273,
        189,
        249,
        216,
        115,
        37,
        131,
        155,
        177,
        6,
        156,
        272,
        22,
        147,
        115,
        105,
        197,
        97,
        162,
        152,
        280,
        72,
        292,
        196,
        24],
    [   141,
        26,
        137,
        153,
        226,
        72,
        215,
        96,
        254,
        126,
        151,
        205,
        147,
        127,
        160,
        166,
        186,
        67,
        171,
        188,
        113,
        33,
        86,
        33,
        91,
        195,
        85,
        203,
        187,
        144,
        190,
        147,
        191,
        0,
        113,
        91,
        172,
        103,
        82,
        197,
        115,
        159,
        167,
        191,
        31,
        154,
        83,
        119,
        245,
        91,
        227,
        95,
        77,
        63,
        192,
        182,
        154,
        214,
        105,
        199,
        206,
        182,
        207,
        79,
        124,
        145,
        127,
        144,
        16,
        167],
    [   110,
        130,
        197,
        91,
        235,
        185,
        234,
        45,
        232,
        46,
        38,
        276,
        196,
        225,
        235,
        134,
        247,
        127,
        170,
        244,
        63,
        79,
        133,
        133,
        133,
        137,
        170,
        197,
        248,
        31,
        224,
        90,
        261,
        113,
        0,
        143,
        225,
        92,
        165,
        266,
        195,
        74,
        190,
        268,
        111,
        49,
        72,
        24,
        209,
        193,
        291,
        203,
        189,
        85,
        259,
        171,
        49,
        284,
        119,
        214,
        227,
        143,
        232,
        99,
        124,
        33,
        217,
        32,
        97,
        241],
    [   88,
        73,
        55,
        120,
        135,
        122,
        124,
        100,
        172,
        123,
        174,
        132,
        58,
        100,
        91,
        104,
        105,
        25,
        88,
        104,
        97,
        99,
        9,
        66,
        12,
        144,
        45,
        119,
        106,
        172,
        98,
        113,
        118,
        91,
        143,
        0,
        85,
        63,
        40,
        123,
        57,
        143,
        76,
        125,
        61,
        159,
        71,
        132,
        171,
        81,
        149,
        102,
        108,
        59,
        116,
        102,
        158,
        140,
        39,
        108,
        114,
        120,
        115,
        44,
        55,
        163,
        83,
        174,
        89,
        98],
    [   140,
        148,
        34,
        177,
        91,
        177,
        73,
        180,
        153,
        196,
        251,
        59,
        28,
        104,
        44,
        139,
        24,
        109,
        94,
        19,
        170,
        184,
        94,
        141,
        93,
        179,
        92,
        106,
        25,
        251,
        36,
        171,
        47,
        172,
        225,
        85,
        0,
        135,
        93,
        48,
        67,
        207,
        57,
        63,
        143,
        231,
        152,
        209,
        170,
        115,
        66,
        136,
        155,
        144,
        42,
        108,
        230,
        64,
        106,
        71,
        64,
        149,
        58,
        125,
        108,
        240,
        80,
        254,
        172,
        44],
    [   38,
        99,
        112,
        58,
        146,
        161,
        142,
        47,
        157,
        61,
        116,
        190,
        106,
        162,
        152,
        63,
        158,
        61,
        82,
        154,
        35,
        88,
        55,
        97,
        51,
        93,
        105,
        112,
        159,
        117,
        132,
        51,
        175,
        103,
        92,
        63,
        135,
        0,
        99,
        179,
        121,
        80,
        97,
        185,
        76,
        97,
        26,
        75,
        143,
        138,
        201,
        156,
        154,
        40,
        172,
        87,
        97,
        197,
        28,
        123,
        135,
        79,
        140,
        27,
        32,
        105,
        146,
        119,
        90,
        158],
    [   128,
        57,
        58,
        157,
        164,
        89,
        149,
        127,
        208,
        154,
        199,
        123,
        72,
        63,
        78,
        144,
        104,
        39,
        126,
        107,
        130,
        103,
        45,
        49,
        51,
        184,
        5,
        154,
        105,
        196,
        118,
        150,
        109,
        82,
        165,
        40,
        93,
        99,
        0,
        115,
        33,
        178,
        106,
        110,
        59,
        189,
        99,
        158,
        210,
        40,
        145,
        62,
        71,
        81,
        109,
        140,
        189,
        132,
        79,
        137,
        139,
        160,
        137,
        74,
        96,
        190,
        52,
        197,
        87,
        85],
    [   188,
        172,
        68,
        224,
        128,
        184,
        110,
        222,
        194,
        241,
        295,
        10,
        73,
        97,
        37,
        188,
        24,
        143,
        143,
        33,
        215,
        216,
        132,
        164,
        133,
        228,
        112,
        152,
        23,
        294,
        78,
        218,
        6,
        197,
        266,
        123,
        48,
        179,
        115,
        0,
        82,
        254,
        105,
        22,
        173,
        276,
        193,
        253,
        214,
        121,
        31,
        137,
        161,
        182,
        6,
        156,
        276,
        17,
        151,
        114,
        103,
        198,
        95,
        166,
        155,
        284,
        78,
        296,
        201,
        30],
    [   144,
        89,
        37,
        177,
        150,
        109,
        134,
        155,
        203,
        180,
        228,
        89,
        55,
        47,
        45,
        155,
        74,
        68,
        126,
        78,
        154,
        136,
        65,
        82,
        69,
        196,
        29,
        150,
        75,
        225,
        99,
        170,
        76,
        115,
        195,
        57,
        67,
        121,
        33,
        82,
        0,
        201,
        98,
        76,
        93,
        216,
        126,
        187,
        211,
        47,
        112,
        69,
        87,
        110,
        76,
        141,
        215,
        98,
        96,
        125,
        124,
        170,
        120,
        100,
        109,
        219,
        26,
        227,
        120,
        52],
    [   68,
        166,
        189,
        31,
        189,
        228,
        193,
        63,
        170,
        34,
        66,
        265,
        180,
        242,
        230,
        80,
        231,
        139,
        127,
        225,
        49,
        131,
        135,
        166,
        131,
        67,
        184,
        146,
        232,
        74,
        194,
        36,
        251,
        159,
        74,
        143,
        207,
        80,
        178,
        254,
        201,
        0,
        158,
        262,
        143,
        35,
        82,
        51,
        142,
        215,
        273,
        231,
        225,
        104,
        247,
        123,
        34,
        271,
        106,
        173,
        188,
        83,
        196,
        103,
        99,
        57,
        226,
        78,
        143,
        236],
    [   90,
        149,
        62,
        127,
        59,
        195,
        48,
        145,
        105,
        154,
        211,
        115,
        44,
        144,
        96,
        84,
        80,
        100,
        38,
        72,
        129,
        169,
        81,
        143,
        76,
        123,
        108,
        53,
        81,
        213,
        36,
        122,
        104,
        167,
        190,
        76,
        57,
        97,
        106,
        105,
        98,
        158,
        0,
        120,
        136,
        187,
        121,
        171,
        116,
        141,
        117,
        164,
        177,
        121,
        99,
        51,
        186,
        120,
        73,
        31,
        39,
        93,
        42,
        100,
        65,
        200,
        120,
        216,
        162,
        99],
    [   197,
        165,
        73,
        234,
        148,
        171,
        130,
        225,
        214,
        246,
        299,
        19,
        83,
        80,
        33,
        200,
        42,
        142,
        158,
        52,
        220,
        213,
        134,
        158,
        136,
        241,
        106,
        170,
        41,
        297,
        96,
        227,
        18,
        191,
        268,
        125,
        63,
        185,
        110,
        22,
        76,
        262,
        120,
        0,
        169,
        283,
        196,
        257,
        233,
        109,
        47,
        123,
        148,
        183,
        24,
        171,
        282,
        27,
        157,
        132,
        122,
        212,
        115,
        169,
        164,
        289,
        66,
        299,
        197,
        26],
    [   114,
        23,
        109,
        131,
        194,
        86,
        184,
        82,
        223,
        112,
        148,
        181,
        117,
        115,
        137,
        138,
        160,
        36,
        140,
        160,
        94,
        43,
        54,
        23,
        59,
        170,
        64,
        172,
        161,
        142,
        159,
        124,
        167,
        31,
        111,
        61,
        143,
        76,
        59,
        173,
        93,
        143,
        136,
        169,
        0,
        144,
        61,
        110,
        216,
        81,
        202,
        92,
        82,
        39,
        167,
        151,
        144,
        190,
        75,
        167,
        175,
        154,
        176,
        51,
        93,
        140,
        110,
        143,
        28,
        144],
    [   97,
        166,
        209,
        64,
        222,
        226,
        224,
        63,
        205,
        36,
        31,
        287,
        203,
        252,
        250,
        113,
        255,
        150,
        158,
        250,
        62,
        122,
        150,
        168,
        147,
        103,
        195,
        179,
        256,
        40,
        223,
        67,
        273,
        154,
        49,
        159,
        231,
        97,
        189,
        276,
        216,
        35,
        187,
        283,
        144,
        0,
        89,
        35,
        177,
        223,
        298,
        236,
        227,
        109,
        270,
        155,
        0,
        294,
        125,
        205,
        219,
        118,
        226,
        116,
        123,
        23,
        240,
        43,
        138,
        256],
    [   61,
        85,
        125,
        70,
        172,
        147,
        167,
        28,
        183,
        54,
        102,
        203,
        123,
        163,
        163,
        87,
        174,
        60,
        108,
        171,
        33,
        63,
        62,
        84,
        60,
        112,
        105,
        138,
        175,
        100,
        153,
        64,
        189,
        83,
        72,
        71,
        152,
        26,
        99,
        193,
        126,
        82,
        121,
        196,
        61,
        89,
        0,
        60,
        168,
        134,
        218,
        149,
        143,
        22,
        187,
        113,
        89,
        211,
        47,
        147,
        159,
        102,
        163,
        27,
        57,
        92,
        150,
        102,
        68,
        170],
    [   88,
        132,
        185,
        66,
        214,
        190,
        213,
        31,
        208,
        21,
        42,
        263,
        181,
        221,
        223,
        110,
        232,
        119,
        148,
        229,
        41,
        87,
        122,
        133,
        120,
        113,
        164,
        174,
        234,
        42,
        206,
        65,
        249,
        119,
        24,
        132,
        209,
        75,
        158,
        253,
        187,
        51,
        171,
        257,
        110,
        35,
        60,
        0,
        184,
        190,
        276,
        203,
        192,
        77,
        246,
        149,
        34,
        270,
        103,
        193,
        207,
        119,
        212,
        87,
        105,
        31,
        210,
        44,
        102,
        230],
    [   107,
        236,
        178,
        117,
        93,
        293,
        109,
        175,
        35,
        163,
        208,
        224,
        160,
        258,
        212,
        81,
        190,
        188,
        84,
        181,
        151,
        231,
        171,
        232,
        164,
        74,
        214,
        63,
        192,
        216,
        136,
        119,
        216,
        245,
        209,
        171,
        170,
        143,
        210,
        214,
        211,
        142,
        116,
        233,
        216,
        177,
        168,
        184,
        0,
        250,
        217,
        272,
        280,
        183,
        210,
        70,
        177,
        226,
        141,
        100,
        113,
        67,
        122,
        165,
        122,
        199,
        235,
        220,
        234,
        214],
    [   168,
        66,
        84,
        196,
        197,
        63,
        181,
        160,
        246,
        188,
        229,
        126,
        102,
        35,
        85,
        185,
        119,
        76,
        165,
        124,
        166,
        120,
        85,
        61,
        91,
        224,
        36,
        192,
        119,
        224,
        146,
        189,
        115,
        91,
        193,
        81,
        115,
        138,
        40,
        121,
        47,
        215,
        141,
        109,
        81,
        223,
        134,
        190,
        250,
        0,
        152,
        22,
        40,
        113,
        117,
        179,
        222,
        135,
        119,
        170,
        171,
        201,
        168,
        112,
        136,
        221,
        42,
        225,
        102,
        91],
    [   205,
        202,
        94,
        242,
        126,
        215,
        108,
        246,
        193,
        263,
        318,
        27,
        94,
        127,
        68,
        202,
        44,
        170,
        154,
        47,
        237,
        245,
        158,
        195,
        158,
        241,
        142,
        157,
        42,
        318,
        84,
        237,
        37,
        227,
        291,
        149,
        66,
        201,
        145,
        31,
        112,
        273,
        117,
        47,
        202,
        298,
        218,
        276,
        217,
        152,
        0,
        168,
        192,
        208,
        35,
        166,
        297,
        20,
        173,
        118,
        104,
        210,
        95,
        191,
        174,
        307,
        109,
        320,
        231,
        61],
    [   188,
        73,
        106,
        214,
        219,
        48,
        203,
        173,
        268,
        203,
        240,
        141,
        124,
        43,
        102,
        206,
        138,
        94,
        187,
        144,
        182,
        127,
        105,
        69,
        112,
        245,
        57,
        215,
        138,
        234,
        168,
        207,
        131,
        95,
        203,
        102,
        136,
        156,
        62,
        137,
        69,
        231,
        164,
        123,
        92,
        236,
        149,
        203,
        272,
        22,
        168,
        0,
        25,
        127,
        134,
        201,
        236,
        150,
        139,
        193,
        193,
        222,
        189,
        129,
        157,
        232,
        59,
        235,
        108,
        108],
    [   189,
        60,
        123,
        211,
        234,
        23,
        219,
        165,
        279,
        195,
        227,
        166,
        140,
        68,
        125,
        209,
        160,
        94,
        196,
        165,
        176,
        111,
        109,
        59,
        116,
        246,
        68,
        225,
        160,
        220,
        185,
        204,
        155,
        77,
        189,
        108,
        155,
        154,
        71,
        161,
        87,
        225,
        177,
        148,
        82,
        227,
        143,
        192,
        280,
        40,
        192,
        25,
        0,
        121,
        157,
        210,
        226,
        175,
        142,
        207,
        209,
        225,
        206,
        126,
        160,
        220,
        82,
        221,
        92,
        131],
    [   78,
        63,
        114,
        92,
        176,
        125,
        169,
        46,
        195,
        75,
        118,
        192,
        115,
        143,
        150,
        103,
        164,
        42,
        115,
        163,
        55,
        50,
        50,
        62,
        50,
        132,
        86,
        147,
        165,
        115,
        151,
        85,
        177,
        63,
        85,
        59,
        144,
        40,
        81,
        182,
        110,
        104,
        121,
        183,
        39,
        109,
        22,
        77,
        183,
        113,
        208,
        127,
        121,
        0,
        176,
        123,
        109,
        200,
        49,
        150,
        160,
        119,
        163,
        21,
        65,
        109,
        132,
        117,
        50,
        156],
    [   181,
        166,
        61,
        218,
        124,
        180,
        106,
        215,
        190,
        234,
        288,
        17,
        66,
        94,
        32,
        182,
        19,
        136,
        137,
        28,
        208,
        210,
        126,
        159,
        126,
        222,
        106,
        147,
        18,
        287,
        73,
        212,
        6,
        192,
        259,
        116,
        42,
        172,
        109,
        6,
        76,
        247,
        99,
        24,
        167,
        270,
        187,
        246,
        210,
        117,
        35,
        134,
        157,
        176,
        0,
        151,
        269,
        24,
        144,
        109,
        99,
        192,
        91,
        160,
        148,
        278,
        75,
        290,
        195,
        26],
    [   61,
        170,
        110,
        91,
        66,
        224,
        70,
        129,
        72,
        129,
        183,
        167,
        93,
        188,
        147,
        42,
        131,
        120,
        14,
        123,
        108,
        173,
        102,
        164,
        95,
        75,
        144,
        25,
        133,
        188,
        82,
        88,
        156,
        182,
        171,
        102,
        108,
        87,
        140,
        156,
        141,
        123,
        51,
        171,
        151,
        155,
        113,
        149,
        70,
        179,
        166,
        201,
        210,
        123,
        151,
        0,
        155,
        170,
        76,
        52,
        68,
        45,
        76,
        103,
        58,
        173,
        165,
        191,
        172,
        150],
    [   96,
        166,
        209,
        64,
        221,
        225,
        223,
        62,
        205,
        35,
        31,
        286,
        203,
        252,
        249,
        113,
        254,
        149,
        158,
        249,
        61,
        122,
        149,
        167,
        147,
        102,
        194,
        179,
        255,
        41,
        222,
        66,
        272,
        154,
        49,
        158,
        230,
        97,
        189,
        276,
        215,
        34,
        186,
        282,
        144,
        0,
        89,
        34,
        177,
        222,
        297,
        236,
        226,
        109,
        269,
        155,
        0,
        293,
        125,
        204,
        219,
        117,
        225,
        115,
        122,
        23,
        239,
        44,
        137,
        255],
    [   204,
        188,
        86,
        241,
        137,
        198,
        119,
        240,
        204,
        258,
        313,
        9,
        90,
        108,
        53,
        203,
        40,
        160,
        158,
        47,
        232,
        233,
        150,
        181,
        150,
        243,
        128,
        164,
        38,
        312,
        90,
        235,
        22,
        214,
        284,
        140,
        64,
        197,
        132,
        17,
        98,
        271,
        120,
        27,
        190,
        294,
        211,
        270,
        226,
        135,
        20,
        150,
        175,
        200,
        24,
        170,
        293,
        0,
        168,
        125,
        113,
        213,
        105,
        184,
        172,
        302,
        92,
        314,
        218,
        46],
    [   49,
        95,
        84,
        80,
        126,
        153,
        120,
        74,
        148,
        90,
        144,
        161,
        78,
        140,
        124,
        66,
        129,
        48,
        66,
        125,
        63,
        99,
        34,
        90,
        28,
        105,
        84,
        98,
        131,
        145,
        105,
        73,
        147,
        105,
        119,
        39,
        106,
        28,
        79,
        151,
        96,
        106,
        73,
        157,
        75,
        125,
        47,
        103,
        141,
        119,
        173,
        139,
        142,
        49,
        144,
        76,
        125,
        168,
        0,
        101,
        112,
        83,
        116,
        28,
        19,
        134,
        122,
        147,
        96,
        130],
    [   107,
        181,
        88,
        141,
        27,
        226,
        19,
        169,
        82,
        175,
        231,
        123,
        69,
        169,
        115,
        94,
        90,
        132,
        46,
        80,
        151,
        199,
        112,
        174,
        107,
        127,
        138,
        39,
        91,
        234,
        36,
        137,
        115,
        199,
        214,
        108,
        71,
        123,
        137,
        114,
        125,
        173,
        31,
        132,
        167,
        205,
        147,
        193,
        100,
        170,
        118,
        193,
        207,
        150,
        109,
        52,
        204,
        125,
        101,
        0,
        15,
        98,
        24,
        129,
        90,
        220,
        145,
        237,
        193,
        116],
    [   122,
        187,
        87,
        157,
        27,
        228,
        10,
        182,
        91,
        189,
        245,
        112,
        68,
        166,
        108,
        109,
        80,
        139,
        61,
        70,
        165,
        209,
        120,
        180,
        115,
        143,
        140,
        53,
        81,
        248,
        27,
        152,
        105,
        206,
        227,
        114,
        64,
        135,
        139,
        103,
        124,
        188,
        39,
        122,
        175,
        219,
        159,
        207,
        113,
        171,
        104,
        193,
        209,
        160,
        99,
        68,
        219,
        113,
        112,
        15,
        0,
        113,
        8,
        139,
        102,
        234,
        142,
        251,
        201,
        108],
    [   41,
        176,
        144,
        54,
        109,
        236,
        115,
        108,
        88,
        98,
        148,
        209,
        130,
        217,
        184,
        16,
        174,
        131,
        55,
        166,
        84,
        166,
        116,
        173,
        110,
        30,
        165,
        64,
        175,
        154,
        126,
        53,
        197,
        182,
        143,
        120,
        149,
        79,
        160,
        198,
        170,
        83,
        93,
        212,
        154,
        118,
        102,
        119,
        67,
        201,
        210,
        222,
        225,
        119,
        192,
        45,
        117,
        213,
        83,
        98,
        113,
        0,
        122,
        103,
        65,
        138,
        196,
        158,
        169,
        188],
    [   129,
        187,
        83,
        164,
        33,
        226,
        15,
        187,
        99,
        195,
        251,
        104,
        66,
        161,
        102,
        117,
        72,
        140,
        68,
        62,
        170,
        211,
        121,
        180,
        117,
        151,
        138,
        62,
        73,
        254,
        21,
        159,
        97,
        207,
        232,
        115,
        58,
        140,
        137,
        95,
        120,
        196,
        42,
        115,
        176,
        226,
        163,
        212,
        122,
        168,
        95,
        189,
        206,
        163,
        91,
        76,
        225,
        105,
        116,
        24,
        8,
        122,
        0,
        142,
        107,
        240,
        137,
        257,
        203,
        101],
    [   63,
        73,
        98,
        85,
        154,
        134,
        147,
        56,
        175,
        79,
        129,
        176,
        97,
        138,
        136,
        86,
        147,
        35,
        94,
        145,
        55,
        71,
        34,
        70,
        33,
        120,
        80,
        126,
        148,
        128,
        130,
        78,
        162,
        79,
        99,
        44,
        125,
        27,
        74,
        166,
        100,
        103,
        100,
        169,
        51,
        116,
        27,
        87,
        165,
        112,
        191,
        129,
        126,
        21,
        160,
        103,
        115,
        184,
        28,
        129,
        139,
        103,
        142,
        0,
        44,
        119,
        124,
        130,
        69,
        142],
    [   34,
        114,
        91,
        70,
        114,
        172,
        110,
        79,
        130,
        89,
        145,
        166,
        81,
        155,
        132,
        48,
        132,
        67,
        50,
        127,
        64,
        115,
        51,
        109,
        45,
        88,
        101,
        82,
        133,
        147,
        100,
        63,
        152,
        124,
        124,
        55,
        108,
        32,
        96,
        155,
        109,
        99,
        65,
        164,
        93,
        123,
        57,
        105,
        122,
        136,
        174,
        157,
        160,
        65,
        148,
        58,
        122,
        172,
        19,
        90,
        102,
        65,
        107,
        44,
        0,
        134,
        135,
        150,
        114,
        137],
    [   112,
        160,
        216,
        84,
        239,
        217,
        240,
        63,
        226,
        45,
        11,
        294,
        212,
        252,
        255,
        132,
        263,
        151,
        174,
        259,
        70,
        112,
        154,
        163,
        152,
        125,
        196,
        197,
        265,
        17,
        235,
        85,
        280,
        145,
        33,
        163,
        240,
        105,
        190,
        284,
        219,
        57,
        200,
        289,
        140,
        23,
        92,
        31,
        199,
        221,
        307,
        232,
        220,
        109,
        278,
        173,
        23,
        302,
        134,
        220,
        234,
        138,
        240,
        119,
        134,
        0,
        242,
        20,
        129,
        262],
    [   170,
        101,
        57,
        202,
        169,
        105,
        152,
        178,
        225,
        204,
        251,
        83,
        76,
        24,
        43,
        181,
        79,
        90,
        151,
        86,
        179,
        153,
        91,
        95,
        95,
        222,
        46,
        173,
        79,
        248,
        115,
        196,
        72,
        127,
        217,
        83,
        80,
        146,
        52,
        78,
        26,
        226,
        120,
        66,
        110,
        240,
        150,
        210,
        235,
        42,
        109,
        59,
        82,
        132,
        75,
        165,
        239,
        92,
        122,
        145,
        142,
        196,
        137,
        124,
        135,
        242,
        0,
        249,
        135,
        49],
    [   131,
        162,
        228,
        104,
        257,
        215,
        257,
        74,
        246,
        62,
        14,
        306,
        225,
        258,
        266,
        151,
        276,
        159,
        192,
        273,
        86,
        110,
        164,
        165,
        163,
        146,
        203,
        216,
        278,
        3,
        251,
        105,
        292,
        144,
        32,
        174,
        254,
        119,
        197,
        296,
        227,
        78,
        216,
        299,
        143,
        43,
        102,
        44,
        220,
        225,
        320,
        235,
        221,
        117,
        290,
        191,
        44,
        314,
        147,
        237,
        251,
        158,
        257,
        130,
        150,
        20,
        249,
        0,
        128,
        272],
    [   128,
        35,
        138,
        138,
        220,
        88,
        211,
        80,
        244,
        110,
        135,
        209,
        146,
        137,
        165,
        153,
        188,
        64,
        163,
        189,
        98,
        18,
        82,
        41,
        86,
        181,
        91,
        195,
        189,
        128,
        187,
        132,
        196,
        16,
        97,
        89,
        172,
        90,
        87,
        201,
        120,
        143,
        162,
        197,
        28,
        138,
        68,
        102,
        234,
        102,
        231,
        108,
        92,
        50,
        195,
        172,
        137,
        218,
        96,
        193,
        201,
        169,
        203,
        69,
        114,
        129,
        135,
        128,
        0,
        172],
    [   172,
        142,
        46,
        208,
        135,
        154,
        117,
        199,
        198,
        220,
        272,
        37,
        58,
        69,
        7,
        176,
        32,
        116,
        135,
        41,
        193,
        187,
        107,
        134,
        109,
        217,
        82,
        151,
        32,
        270,
        81,
        201,
        24,
        167,
        241,
        98,
        44,
        158,
        85,
        30,
        52,
        236,
        99,
        26,
        144,
        256,
        170,
        230,
        214,
        91,
        61,
        108,
        131,
        156,
        26,
        150,
        255,
        46,
        130,
        116,
        108,
        188,
        101,
        142,
        137,
        262,
        49,
        272,
        172,
        0]]
;
task=[   190,
    205,
    564,
    209,
    234,
    351,
    511,
    235,
    405,
    14,
    99,
    106,
    314,
    228,
    560,
    216,
    582,
    323,
    407,
    556,
    182,
    166,
    292,
    127,
    525,
    259,
    111,
    434,
    326,
    2,
    568,
    95,
    38,
    115,
    10,
    288,
    0,
    219,
    89,
    106,
    54,
    29,
    437,
    449,
    206,
    108,
    293,
    261,
    252,
    469,
    581,
    412,
    338,
    81,
    485,
    57,
    133,
    464,
    171,
    478,
    548,
    37,
    423,
    294,
    29,
    202,
    498,
    70,
    65,
    334]
;
minW=[   64,
    56,
    14,
    164,
    80,
    73,
    51,
    77,
    11,
    27,
    121,
    40,
    2,
    24,
    12,
    100,
    6,
    5,
    81,
    2,
    21,
    154,
    90,
    1,
    75,
    161,
    62,
    69,
    3,
    86,
    2,
    89,
    23,
    59,
    223,
    2,
    0,
    111,
    6,
    44,
    49,
    122,
    36,
    30,
    75,
    188,
    44,
    202,
    142,
    111,
    54,
    27,
    5,
    39,
    10,
    106,
    200,
    58,
    92,
    31,
    9,
    109,
    28,
    45,
    92,
    81,
    46,
    243,
    144,
    37]
;
maxW=[   147,
    188,
    38,
    222,
    162,
    282,
    128,
    221,
    231,
    319,
    403,
    85,
    60,
    205,
    59,
    270,
    170,
    176,
    177,
    129,
    258,
    208,
    249,
    248,
    140,
    259,
    127,
    177,
    104,
    374,
    111,
    336,
    68,
    225,
    386,
    172,
    720,
    281,
    120,
    200,
    173,
    234,
    211,
    82,
    259,
    241,
    245,
    372,
    310,
    219,
    155,
    284,
    323,
    222,
    95,
    120,
    310,
    201,
    227,
    207,
    99,
    252,
    69,
    298,
    130,
    264,
    205,
    264,
    190,
    67]
;