// Generated by InstanceGenerator.py v0.1
// Juan Francisco Martinez Vera
// AMMM - MIRI, FIB UPC
//
// RAND_SEED=1484776342

bigM=100000;

nLocations=30;
startLocation=1;
distances=[   [   0,
        95,
        149,
        137,
        127,
        59,
        125,
        107,
        71,
        14,
        169,
        138,
        114,
        102,
        198,
        52,
        75,
        121,
        219,
        60,
        213,
        138,
        213,
        115,
        27,
        62,
        161,
        60,
        261,
        94],
    [   95,
        0,
        58,
        66,
        207,
        113,
        140,
        134,
        61,
        83,
        120,
        68,
        24,
        172,
        159,
        42,
        104,
        112,
        207,
        84,
        179,
        194,
        147,
        48,
        122,
        36,
        109,
        50,
        276,
        22],
    [   149,
        58,
        0,
        38,
        247,
        151,
        153,
        155,
        117,
        135,
        93,
        40,
        56,
        208,
        132,
        97,
        134,
        118,
        193,
        142,
        153,
        221,
        101,
        46,
        176,
        86,
        82,
        92,
        273,
        54],
    [   137,
        66,
        38,
        0,
        219,
        126,
        116,
        121,
        126,
        123,
        58,
        1,
        77,
        179,
        98,
        90,
        105,
        80,
        155,
        146,
        119,
        187,
        82,
        22,
        164,
        78,
        46,
        77,
        234,
        49],
    [   127,
        207,
        247,
        219,
        0,
        95,
        125,
        108,
        198,
        131,
        217,
        219,
        231,
        41,
        226,
        167,
        114,
        153,
        206,
        185,
        230,
        62,
        269,
        202,
        113,
        171,
        215,
        158,
        200,
        196],
    [   59,
        113,
        151,
        126,
        95,
        0,
        68,
        49,
        119,
        53,
        136,
        126,
        138,
        58,
        156,
        77,
        25,
        76,
        165,
        116,
        167,
        84,
        186,
        107,
        69,
        78,
        131,
        63,
        201,
        100],
    [   125,
        140,
        153,
        116,
        125,
        68,
        0,
        20,
        170,
        114,
        95,
        115,
        164,
        86,
        100,
        121,
        49,
        35,
        96,
        174,
        106,
        76,
        145,
        108,
        138,
        115,
        96,
        98,
        140,
        119],
    [   107,
        134,
        155,
        121,
        108,
        49,
        20,
        0,
        158,
        98,
        109,
        120,
        159,
        68,
        119,
        110,
        34,
        45,
        117,
        159,
        126,
        66,
        160,
        109,
        118,
        105,
        108,
        88,
        154,
        115],
    [   71,
        61,
        117,
        126,
        198,
        119,
        170,
        158,
        0,
        68,
        176,
        127,
        64,
        171,
        213,
        49,
        123,
        152,
        253,
        26,
        232,
        204,
        208,
        106,
        90,
        58,
        165,
        73,
        310,
        77],
    [   14,
        83,
        135,
        123,
        131,
        53,
        114,
        98,
        68,
        0,
        154,
        124,
        104,
        102,
        184,
        40,
        65,
        108,
        207,
        63,
        199,
        136,
        198,
        100,
        41,
        49,
        146,
        45,
        252,
        80],
    [   169,
        120,
        93,
        58,
        217,
        136,
        95,
        109,
        176,
        154,
        0,
        56,
        135,
        176,
        40,
        132,
        110,
        64,
        101,
        193,
        61,
        171,
        51,
        71,
        192,
        120,
        11,
        112,
        185,
        99],
    [   138,
        68,
        40,
        1,
        219,
        126,
        115,
        120,
        127,
        124,
        56,
        0,
        79,
        179,
        96,
        92,
        105,
        79,
        153,
        148,
        117,
        187,
        80,
        23,
        165,
        79,
        44,
        78,
        233,
        50],
    [   114,
        24,
        56,
        77,
        231,
        138,
        164,
        159,
        64,
        104,
        135,
        79,
        0,
        196,
        175,
        64,
        129,
        135,
        227,
        90,
        196,
        219,
        155,
        65,
        140,
        60,
        124,
        74,
        299,
        45],
    [   102,
        172,
        208,
        179,
        41,
        58,
        86,
        68,
        171,
        102,
        176,
        179,
        196,
        0,
        187,
        134,
        74,
        112,
        173,
        162,
        192,
        42,
        228,
        162,
        96,
        136,
        174,
        122,
        182,
        158],
    [   198,
        159,
        132,
        98,
        226,
        156,
        100,
        119,
        213,
        184,
        40,
        96,
        175,
        187,
        0,
        168,
        131,
        80,
        67,
        229,
        21,
        172,
        60,
        111,
        219,
        156,
        51,
        146,
        156,
        138],
    [   52,
        42,
        97,
        90,
        167,
        77,
        121,
        110,
        49,
        40,
        132,
        92,
        64,
        134,
        168,
        0,
        76,
        102,
        203,
        61,
        186,
        162,
        171,
        68,
        79,
        12,
        123,
        23,
        261,
        43],
    [   75,
        104,
        134,
        105,
        114,
        25,
        49,
        34,
        123,
        65,
        110,
        105,
        129,
        74,
        131,
        76,
        0,
        50,
        144,
        125,
        143,
        89,
        161,
        88,
        91,
        73,
        106,
        56,
        188,
        87],
    [   121,
        112,
        118,
        80,
        153,
        76,
        35,
        45,
        152,
        108,
        64,
        79,
        135,
        112,
        80,
        102,
        50,
        0,
        101,
        161,
        92,
        110,
        115,
        74,
        140,
        93,
        62,
        78,
        163,
        90],
    [   219,
        207,
        193,
        155,
        206,
        165,
        96,
        117,
        253,
        207,
        101,
        153,
        227,
        173,
        67,
        203,
        144,
        101,
        0,
        263,
        51,
        145,
        126,
        162,
        234,
        194,
        110,
        180,
        88,
        185],
    [   60,
        84,
        142,
        146,
        185,
        116,
        174,
        159,
        26,
        63,
        193,
        148,
        90,
        162,
        229,
        61,
        125,
        161,
        263,
        0,
        246,
        198,
        228,
        125,
        73,
        72,
        183,
        83,
        314,
        97],
    [   213,
        179,
        153,
        119,
        230,
        167,
        106,
        126,
        232,
        199,
        61,
        117,
        196,
        192,
        21,
        186,
        143,
        92,
        51,
        246,
        0,
        173,
        76,
        131,
        233,
        174,
        72,
        163,
        139,
        157],
    [   138,
        194,
        221,
        187,
        62,
        84,
        76,
        66,
        204,
        136,
        171,
        187,
        219,
        42,
        172,
        162,
        89,
        110,
        145,
        198,
        173,
        0,
        222,
        175,
        137,
        161,
        172,
        145,
        141,
        177],
    [   213,
        147,
        101,
        82,
        269,
        186,
        145,
        160,
        208,
        198,
        51,
        80,
        155,
        228,
        60,
        171,
        161,
        115,
        126,
        228,
        76,
        222,
        0,
        103,
        238,
        158,
        54,
        153,
        215,
        131],
    [   115,
        48,
        46,
        22,
        202,
        107,
        108,
        109,
        106,
        100,
        71,
        23,
        65,
        162,
        111,
        68,
        88,
        74,
        162,
        125,
        131,
        175,
        103,
        0,
        141,
        55,
        60,
        54,
        236,
        28],
    [   27,
        122,
        176,
        164,
        113,
        69,
        138,
        118,
        90,
        41,
        192,
        165,
        140,
        96,
        219,
        79,
        91,
        140,
        234,
        73,
        233,
        137,
        238,
        141,
        0,
        89,
        185,
        87,
        268,
        121],
    [   62,
        36,
        86,
        78,
        171,
        78,
        115,
        105,
        58,
        49,
        120,
        79,
        60,
        136,
        156,
        12,
        73,
        93,
        194,
        72,
        174,
        161,
        158,
        55,
        89,
        0,
        110,
        16,
        254,
        32],
    [   161,
        109,
        82,
        46,
        215,
        131,
        96,
        108,
        165,
        146,
        11,
        44,
        124,
        174,
        51,
        123,
        106,
        62,
        110,
        183,
        72,
        172,
        54,
        60,
        185,
        110,
        0,
        103,
        194,
        88],
    [   60,
        50,
        92,
        77,
        158,
        63,
        98,
        88,
        73,
        45,
        112,
        78,
        74,
        122,
        146,
        23,
        56,
        78,
        180,
        83,
        163,
        145,
        153,
        54,
        87,
        16,
        103,
        0,
        238,
        38],
    [   261,
        276,
        273,
        234,
        200,
        201,
        140,
        154,
        310,
        252,
        185,
        233,
        299,
        182,
        156,
        261,
        188,
        163,
        88,
        314,
        139,
        141,
        215,
        236,
        268,
        254,
        194,
        238,
        0,
        254],
    [   94,
        22,
        54,
        49,
        196,
        100,
        119,
        115,
        77,
        80,
        99,
        50,
        45,
        158,
        138,
        43,
        87,
        90,
        185,
        97,
        157,
        177,
        131,
        28,
        121,
        32,
        88,
        38,
        254,
        0]]
;
task=[   0,
    518,
    122,
    99,
    252,
    537,
    216,
    326,
    529,
    413,
    108,
    265,
    205,
    407,
    123,
    573,
    34,
    342,
    141,
    413,
    67,
    90,
    263,
    416,
    131,
    26,
    130,
    513,
    151,
    505]
;
minW=[   0,
    50,
    52,
    42,
    107,
    5,
    35,
    84,
    32,
    4,
    136,
    74,
    68,
    70,
    3,
    9,
    2,
    67,
    62,
    32,
    55,
    105,
    178,
    17,
    6,
    37,
    76,
    37,
    54,
    54]
;
maxW=[   720,
    417,
    286,
    518,
    673,
    559,
    155,
    272,
    501,
    596,
    396,
    576,
    235,
    133,
    217,
    245,
    215,
    578,
    355,
    105,
    366,
    626,
    278,
    702,
    166,
    711,
    464,
    73,
    577,
    150]
;