// Generated by InstanceGenerator.py v0.1
// Juan Francisco Martinez Vera
// AMMM - MIRI, FIB UPC
//
// RAND_SEED=1484783081

bigM=100000;

nLocations=70;
startLocation=28;
distances=[   [   0,
        19,
        86,
        193,
        208,
        225,
        107,
        105,
        165,
        94,
        43,
        35,
        125,
        169,
        178,
        83,
        187,
        110,
        217,
        193,
        83,
        181,
        119,
        34,
        170,
        41,
        196,
        226,
        43,
        128,
        83,
        149,
        72,
        44,
        120,
        45,
        205,
        137,
        177,
        213,
        95,
        86,
        149,
        247,
        124,
        213,
        202,
        172,
        50,
        172,
        177,
        62,
        187,
        167,
        218,
        193,
        190,
        21,
        71,
        83,
        177,
        182,
        112,
        52,
        231,
        60,
        28,
        143,
        93,
        138],
    [   19,
        0,
        67,
        195,
        192,
        221,
        111,
        121,
        154,
        100,
        62,
        18,
        114,
        175,
        170,
        99,
        178,
        100,
        209,
        180,
        66,
        165,
        111,
        47,
        165,
        40,
        191,
        220,
        37,
        142,
        75,
        137,
        68,
        41,
        114,
        56,
        187,
        131,
        186,
        208,
        87,
        104,
        136,
        246,
        129,
        217,
        188,
        156,
        31,
        185,
        186,
        46,
        174,
        176,
        215,
        180,
        177,
        2,
        65,
        63,
        179,
        192,
        128,
        65,
        229,
        46,
        47,
        152,
        104,
        139],
    [   86,
        67,
        0,
        223,
        146,
        228,
        152,
        183,
        141,
        146,
        129,
        55,
        105,
        217,
        167,
        163,
        170,
        103,
        201,
        154,
        41,
        125,
        114,
        106,
        176,
        88,
        197,
        220,
        69,
        199,
        92,
        123,
        86,
        85,
        127,
        109,
        134,
        141,
        233,
        212,
        97,
        170,
        115,
        263,
        172,
        247,
        158,
        117,
        35,
        241,
        233,
        38,
        152,
        221,
        229,
        157,
        147,
        64,
        90,
        3,
        209,
        241,
        191,
        125,
        243,
        57,
        113,
        200,
        160,
        170],
    [   193,
        195,
        223,
        0,
        212,
        70,
        87,
        146,
        123,
        102,
        194,
        187,
        130,
        50,
        95,
        153,
        107,
        123,
        110,
        153,
        182,
        187,
        113,
        222,
        61,
        155,
        68,
        90,
        233,
        118,
        131,
        130,
        263,
        154,
        97,
        235,
        232,
        87,
        73,
        74,
        125,
        171,
        144,
        59,
        75,
        25,
        167,
        185,
        208,
        118,
        71,
        232,
        145,
        67,
        49,
        147,
        164,
        196,
        135,
        221,
        16,
        82,
        149,
        150,
        54,
        167,
        201,
        77,
        121,
        55],
    [   208,
        192,
        146,
        212,
        0,
        171,
        197,
        266,
        89,
        204,
        246,
        174,
        103,
        238,
        117,
        253,
        107,
        122,
        121,
        61,
        125,
        30,
        122,
        239,
        150,
        181,
        150,
        150,
        211,
        264,
        144,
        88,
        232,
        177,
        139,
        246,
        27,
        136,
        263,
        155,
        134,
        268,
        77,
        218,
        211,
        236,
        48,
        37,
        170,
        294,
        262,
        184,
        67,
        252,
        185,
        67,
        48,
        190,
        155,
        148,
        207,
        274,
        274,
        218,
        197,
        148,
        236,
        241,
        232,
        187],
    [   225,
        221,
        228,
        70,
        171,
        0,
        133,
        206,
        95,
        149,
        238,
        208,
        123,
        119,
        63,
        207,
        67,
        126,
        51,
        110,
        186,
        153,
        115,
        258,
        55,
        184,
        31,
        23,
        258,
        182,
        147,
        110,
        288,
        182,
        107,
        271,
        196,
        90,
        143,
        17,
        136,
        226,
        123,
        47,
        129,
        84,
        122,
        154,
        225,
        188,
        141,
        248,
        105,
        137,
        21,
        104,
        124,
        221,
        156,
        227,
        78,
        152,
        210,
        194,
        26,
        182,
        240,
        142,
        175,
        99],
    [   107,
        111,
        152,
        87,
        197,
        133,
        0,
        77,
        117,
        16,
        108,
        107,
        94,
        64,
        108,
        75,
        122,
        77,
        145,
        153,
        118,
        168,
        75,
        135,
        83,
        72,
        110,
        141,
        148,
        66,
        66,
        110,
        178,
        72,
        59,
        148,
        208,
        67,
        80,
        125,
        68,
        94,
        120,
        144,
        19,
        106,
        167,
        161,
        130,
        98,
        80,
        153,
        144,
        68,
        119,
        149,
        158,
        112,
        63,
        150,
        71,
        89,
        83,
        63,
        131,
        95,
        113,
        48,
        43,
        34],
    [   105,
        121,
        183,
        146,
        266,
        206,
        77,
        0,
        192,
        65,
        74,
        128,
        164,
        101,
        186,
        21,
        199,
        144,
        222,
        227,
        162,
        236,
        146,
        114,
        160,
        97,
        185,
        217,
        147,
        33,
        123,
        183,
        171,
        100,
        133,
        125,
        273,
        144,
        95,
        200,
        131,
        30,
        191,
        206,
        76,
        155,
        241,
        229,
        150,
        72,
        96,
        166,
        219,
        89,
        189,
        224,
        232,
        123,
        113,
        180,
        132,
        95,
        7,
        57,
        199,
        134,
        91,
        70,
        35,
        108],
    [   165,
        154,
        141,
        123,
        89,
        95,
        117,
        192,
        0,
        127,
        193,
        138,
        40,
        150,
        32,
        184,
        30,
        56,
        59,
        35,
        102,
        63,
        48,
        199,
        62,
        127,
        67,
        81,
        186,
        183,
        83,
        17,
        214,
        123,
        58,
        210,
        108,
        50,
        175,
        78,
        70,
        201,
        28,
        139,
        127,
        148,
        50,
        62,
        147,
        209,
        174,
        169,
        27,
        164,
        103,
        32,
        43,
        153,
        96,
        141,
        117,
        185,
        199,
        154,
        117,
        108,
        188,
        155,
        157,
        99],
    [   94,
        100,
        146,
        102,
        204,
        149,
        16,
        65,
        127,
        0,
        92,
        98,
        101,
        75,
        122,
        60,
        135,
        82,
        159,
        163,
        115,
        174,
        82,
        120,
        98,
        62,
        125,
        157,
        136,
        60,
        66,
        119,
        166,
        62,
        68,
        133,
        213,
        79,
        87,
        141,
        71,
        79,
        128,
        160,
        29,
        120,
        176,
        167,
        121,
        97,
        87,
        143,
        154,
        76,
        136,
        159,
        167,
        101,
        60,
        144,
        86,
        94,
        71,
        47,
        148,
        89,
        98,
        53,
        29,
        51],
    [   43,
        62,
        129,
        194,
        246,
        238,
        108,
        74,
        193,
        92,
        0,
        77,
        155,
        160,
        199,
        54,
        210,
        137,
        239,
        224,
        124,
        218,
        145,
        39,
        184,
        66,
        212,
        243,
        77,
        104,
        110,
        178,
        97,
        71,
        140,
        50,
        245,
        156,
        162,
        228,
        122,
        49,
        181,
        252,
        119,
        210,
        235,
        209,
        94,
        146,
        163,
        102,
        217,
        154,
        227,
        223,
        223,
        65,
        97,
        126,
        178,
        165,
        80,
        44,
        239,
        98,
        18,
        130,
        77,
        142],
    [   35,
        18,
        55,
        187,
        174,
        208,
        107,
        128,
        138,
        98,
        77,
        0,
        97,
        172,
        155,
        108,
        162,
        85,
        193,
        162,
        48,
        147,
        96,
        65,
        153,
        35,
        178,
        205,
        49,
        145,
        61,
        120,
        79,
        35,
        101,
        74,
        169,
        118,
        185,
        194,
        73,
        115,
        118,
        236,
        126,
        210,
        170,
        138,
        23,
        188,
        185,
        45,
        157,
        174,
        204,
        163,
        159,
        16,
        53,
        52,
        172,
        192,
        136,
        70,
        218,
        29,
        63,
        151,
        107,
        132],
    [   125,
        114,
        105,
        130,
        103,
        123,
        94,
        164,
        40,
        101,
        155,
        97,
        0,
        143,
        61,
        152,
        66,
        19,
        97,
        68,
        64,
        73,
        20,
        159,
        74,
        89,
        92,
        114,
        146,
        161,
        45,
        23,
        174,
        84,
        38,
        170,
        113,
        43,
        166,
        106,
        33,
        169,
        27,
        161,
        109,
        156,
        80,
        66,
        107,
        192,
        165,
        130,
        62,
        154,
        125,
        68,
        69,
        113,
        58,
        105,
        119,
        176,
        171,
        120,
        140,
        68,
        149,
        140,
        129,
        90],
    [   169,
        175,
        217,
        50,
        238,
        119,
        64,
        101,
        150,
        75,
        160,
        172,
        143,
        0,
        128,
        112,
        142,
        129,
        153,
        184,
        180,
        211,
        123,
        193,
        93,
        136,
        110,
        137,
        211,
        70,
        127,
        151,
        241,
        137,
        104,
        206,
        254,
        103,
        25,
        120,
        126,
        129,
        164,
        108,
        46,
        54,
        199,
        206,
        195,
        68,
        24,
        218,
        175,
        17,
        99,
        178,
        193,
        176,
        126,
        214,
        41,
        36,
        102,
        119,
        105,
        159,
        170,
        31,
        82,
        53],
    [   178,
        170,
        167,
        95,
        117,
        63,
        108,
        186,
        32,
        122,
        199,
        155,
        61,
        128,
        0,
        181,
        13,
        69,
        39,
        57,
        126,
        94,
        58,
        212,
        35,
        137,
        35,
        52,
        204,
        172,
        94,
        46,
        233,
        134,
        59,
        223,
        138,
        43,
        154,
        46,
        82,
        200,
        59,
        107,
        114,
        119,
        72,
        93,
        167,
        192,
        152,
        191,
        49,
        144,
        71,
        51,
        69,
        169,
        106,
        166,
        92,
        164,
        192,
        157,
        85,
        126,
        197,
        139,
        151,
        83],
    [   83,
        99,
        163,
        153,
        253,
        207,
        75,
        21,
        184,
        60,
        54,
        108,
        152,
        112,
        181,
        0,
        194,
        133,
        219,
        219,
        144,
        223,
        136,
        93,
        158,
        79,
        185,
        216,
        125,
        50,
        109,
        173,
        149,
        82,
        125,
        104,
        258,
        138,
        110,
        200,
        119,
        18,
        180,
        213,
        79,
        165,
        231,
        216,
        130,
        92,
        111,
        145,
        211,
        103,
        193,
        216,
        221,
        101,
        98,
        160,
        138,
        112,
        28,
        38,
        203,
        116,
        69,
        81,
        32,
        108],
    [   187,
        178,
        170,
        107,
        107,
        67,
        122,
        199,
        30,
        135,
        210,
        162,
        66,
        142,
        13,
        194,
        0,
        77,
        31,
        46,
        130,
        87,
        67,
        221,
        48,
        147,
        42,
        51,
        211,
        185,
        103,
        47,
        240,
        143,
        70,
        232,
        130,
        55,
        167,
        49,
        91,
        212,
        58,
        112,
        128,
        130,
        60,
        87,
        174,
        206,
        166,
        196,
        39,
        158,
        78,
        40,
        59,
        177,
        115,
        170,
        104,
        178,
        205,
        169,
        90,
        133,
        207,
        152,
        164,
        97],
    [   110,
        100,
        103,
        123,
        122,
        126,
        77,
        144,
        56,
        82,
        137,
        85,
        19,
        129,
        69,
        133,
        77,
        0,
        108,
        87,
        61,
        92,
        11,
        144,
        73,
        71,
        95,
        121,
        134,
        142,
        27,
        41,
        163,
        67,
        26,
        155,
        131,
        38,
        151,
        111,
        14,
        149,
        47,
        160,
        93,
        148,
        99,
        85,
        98,
        175,
        150,
        122,
        80,
        140,
        125,
        86,
        88,
        99,
        40,
        101,
        111,
        161,
        152,
        100,
        140,
        56,
        132,
        123,
        110,
        77],
    [   217,
        209,
        201,
        110,
        121,
        51,
        145,
        222,
        59,
        159,
        239,
        193,
        97,
        153,
        39,
        219,
        31,
        108,
        0,
        62,
        161,
        106,
        98,
        251,
        63,
        177,
        42,
        29,
        242,
        205,
        134,
        77,
        271,
        173,
        99,
        263,
        147,
        83,
        178,
        38,
        121,
        238,
        86,
        99,
        148,
        130,
        72,
        109,
        205,
        220,
        176,
        227,
        58,
        170,
        70,
        55,
        76,
        208,
        146,
        201,
        112,
        189,
        228,
        197,
        78,
        164,
        237,
        169,
        188,
        116],
    [   193,
        180,
        154,
        153,
        61,
        110,
        153,
        227,
        35,
        163,
        224,
        162,
        68,
        184,
        57,
        219,
        46,
        87,
        62,
        0,
        120,
        44,
        82,
        226,
        92,
        157,
        89,
        91,
        208,
        219,
        114,
        45,
        234,
        153,
        94,
        236,
        85,
        86,
        209,
        94,
        102,
        236,
        44,
        157,
        163,
        177,
        14,
        48,
        167,
        244,
        208,
        187,
        8,
        199,
        124,
        6,
        13,
        179,
        127,
        155,
        149,
        220,
        234,
        188,
        136,
        133,
        217,
        190,
        192,
        135],
    [   83,
        66,
        41,
        182,
        125,
        186,
        118,
        162,
        102,
        115,
        124,
        48,
        64,
        180,
        126,
        144,
        130,
        61,
        161,
        120,
        0,
        99,
        72,
        113,
        135,
        65,
        155,
        179,
        88,
        172,
        53,
        84,
        113,
        61,
        86,
        120,
        121,
        99,
        198,
        170,
        57,
        155,
        78,
        221,
        137,
        207,
        126,
        91,
        47,
        212,
        198,
        67,
        116,
        186,
        187,
        122,
        115,
        64,
        55,
        40,
        168,
        207,
        170,
        106,
        201,
        28,
        111,
        166,
        134,
        131],
    [   181,
        165,
        125,
        187,
        30,
        153,
        168,
        236,
        63,
        174,
        218,
        147,
        73,
        211,
        94,
        223,
        87,
        92,
        106,
        44,
        99,
        0,
        92,
        213,
        125,
        152,
        129,
        135,
        187,
        234,
        114,
        59,
        210,
        148,
        109,
        220,
        44,
        108,
        235,
        136,
        104,
        239,
        47,
        200,
        182,
        212,
        39,
        8,
        146,
        265,
        234,
        161,
        48,
        224,
        165,
        51,
        31,
        163,
        125,
        126,
        181,
        245,
        244,
        188,
        177,
        120,
        208,
        211,
        202,
        158],
    [   119,
        111,
        114,
        113,
        122,
        115,
        75,
        146,
        48,
        82,
        145,
        96,
        20,
        123,
        58,
        136,
        67,
        11,
        98,
        82,
        72,
        92,
        0,
        153,
        62,
        80,
        84,
        109,
        145,
        141,
        36,
        36,
        175,
        76,
        18,
        165,
        133,
        27,
        146,
        99,
        23,
        153,
        45,
        149,
        89,
        139,
        94,
        86,
        110,
        173,
        145,
        133,
        74,
        134,
        114,
        79,
        85,
        110,
        48,
        113,
        102,
        156,
        153,
        106,
        129,
        68,
        140,
        120,
        111,
        70],
    [   34,
        47,
        106,
        222,
        239,
        258,
        135,
        114,
        199,
        120,
        39,
        65,
        159,
        193,
        212,
        93,
        221,
        144,
        251,
        226,
        113,
        213,
        153,
        0,
        202,
        74,
        229,
        259,
        42,
        143,
        117,
        183,
        57,
        77,
        153,
        13,
        234,
        170,
        197,
        246,
        130,
        88,
        182,
        278,
        149,
        241,
        235,
        204,
        72,
        185,
        198,
        72,
        221,
        189,
        249,
        227,
        224,
        49,
        105,
        103,
        206,
        201,
        119,
        73,
        263,
        93,
        23,
        165,
        112,
        167],
    [   170,
        165,
        176,
        61,
        150,
        55,
        83,
        160,
        62,
        98,
        184,
        153,
        74,
        93,
        35,
        158,
        48,
        73,
        63,
        92,
        135,
        125,
        62,
        202,
        0,
        128,
        27,
        58,
        202,
        142,
        91,
        69,
        232,
        126,
        51,
        215,
        170,
        35,
        119,
        44,
        81,
        177,
        84,
        87,
        84,
        86,
        107,
        123,
        170,
        158,
        117,
        194,
        84,
        110,
        52,
        86,
        103,
        165,
        100,
        175,
        57,
        130,
        165,
        140,
        66,
        127,
        185,
        106,
        126,
        52],
    [   41,
        40,
        88,
        155,
        181,
        184,
        72,
        97,
        127,
        62,
        66,
        35,
        89,
        136,
        137,
        79,
        147,
        71,
        177,
        157,
        65,
        152,
        80,
        74,
        128,
        0,
        155,
        185,
        77,
        111,
        44,
        112,
        107,
        4,
        79,
        86,
        182,
        96,
        149,
        172,
        56,
        90,
        114,
        207,
        90,
        177,
        168,
        144,
        59,
        153,
        149,
        81,
        151,
        138,
        177,
        157,
        157,
        40,
        31,
        84,
        139,
        156,
        105,
        40,
        191,
        37,
        60,
        115,
        72,
        99],
    [   196,
        191,
        197,
        68,
        150,
        31,
        110,
        185,
        67,
        125,
        212,
        178,
        92,
        110,
        35,
        185,
        42,
        95,
        42,
        89,
        155,
        129,
        84,
        229,
        27,
        155,
        0,
        31,
        227,
        165,
        116,
        80,
        257,
        152,
        77,
        242,
        173,
        60,
        135,
        16,
        105,
        204,
        94,
        71,
        109,
        89,
        103,
        128,
        194,
        178,
        134,
        218,
        82,
        127,
        36,
        82,
        102,
        191,
        126,
        196,
        69,
        146,
        190,
        167,
        49,
        151,
        212,
        128,
        153,
        77],
    [   226,
        220,
        220,
        90,
        150,
        23,
        141,
        217,
        81,
        157,
        243,
        205,
        114,
        137,
        52,
        216,
        51,
        121,
        29,
        91,
        179,
        135,
        109,
        259,
        58,
        185,
        31,
        0,
        255,
        196,
        144,
        97,
        285,
        182,
        105,
        271,
        176,
        88,
        161,
        16,
        132,
        235,
        109,
        70,
        140,
        106,
        101,
        136,
        220,
        205,
        159,
        243,
        86,
        154,
        44,
        84,
        104,
        219,
        155,
        219,
        95,
        171,
        221,
        199,
        50,
        178,
        243,
        157,
        184,
        108],
    [   43,
        37,
        69,
        233,
        211,
        258,
        148,
        147,
        186,
        136,
        77,
        49,
        146,
        211,
        204,
        125,
        211,
        134,
        242,
        208,
        88,
        187,
        145,
        42,
        202,
        77,
        227,
        255,
        0,
        172,
        111,
        168,
        30,
        78,
        150,
        41,
        202,
        167,
        220,
        244,
        122,
        125,
        165,
        284,
        166,
        254,
        215,
        178,
        41,
        215,
        221,
        32,
        203,
        210,
        252,
        209,
        203,
        37,
        101,
        66,
        217,
        226,
        154,
        96,
        266,
        78,
        58,
        187,
        136,
        177],
    [   128,
        142,
        199,
        118,
        264,
        182,
        66,
        33,
        183,
        60,
        104,
        145,
        161,
        70,
        172,
        50,
        185,
        142,
        205,
        219,
        172,
        234,
        141,
        143,
        142,
        111,
        165,
        196,
        172,
        0,
        126,
        177,
        198,
        113,
        125,
        155,
        273,
        133,
        61,
        179,
        131,
        63,
        187,
        178,
        57,
        125,
        233,
        227,
        169,
        43,
        63,
        188,
        211,
        57,
        164,
        215,
        225,
        143,
        118,
        196,
        105,
        62,
        32,
        77,
        172,
        145,
        119,
        40,
        38,
        89],
    [   83,
        75,
        92,
        131,
        144,
        147,
        66,
        123,
        83,
        66,
        110,
        61,
        45,
        127,
        94,
        109,
        103,
        27,
        134,
        114,
        53,
        114,
        36,
        117,
        91,
        44,
        116,
        144,
        111,
        126,
        0,
        68,
        141,
        40,
        39,
        128,
        149,
        56,
        145,
        133,
        12,
        125,
        72,
        175,
        84,
        155,
        125,
        106,
        79,
        163,
        145,
        103,
        107,
        134,
        142,
        113,
        114,
        75,
        12,
        90,
        117,
        154,
        131,
        75,
        157,
        36,
        104,
        114,
        90,
        78],
    [   149,
        137,
        123,
        130,
        88,
        110,
        110,
        183,
        17,
        119,
        178,
        120,
        23,
        151,
        46,
        173,
        47,
        41,
        77,
        45,
        84,
        59,
        36,
        183,
        69,
        112,
        80,
        97,
        168,
        177,
        68,
        0,
        196,
        108,
        51,
        193,
        103,
        48,
        175,
        93,
        56,
        190,
        14,
        152,
        123,
        156,
        58,
        55,
        129,
        206,
        174,
        151,
        38,
        164,
        116,
        44,
        48,
        136,
        81,
        123,
        122,
        186,
        190,
        142,
        130,
        91,
        172,
        152,
        148,
        98],
    [   72,
        68,
        86,
        263,
        232,
        288,
        178,
        171,
        214,
        166,
        97,
        79,
        174,
        241,
        233,
        149,
        240,
        163,
        271,
        234,
        113,
        210,
        175,
        57,
        232,
        107,
        257,
        285,
        30,
        198,
        141,
        196,
        0,
        109,
        181,
        49,
        220,
        197,
        249,
        274,
        152,
        146,
        191,
        314,
        195,
        284,
        240,
        201,
        66,
        241,
        249,
        48,
        230,
        239,
        283,
        236,
        228,
        67,
        132,
        84,
        247,
        254,
        177,
        123,
        297,
        107,
        79,
        215,
        164,
        207],
    [   44,
        41,
        85,
        154,
        177,
        182,
        72,
        100,
        123,
        62,
        71,
        35,
        84,
        137,
        134,
        82,
        143,
        67,
        173,
        153,
        61,
        148,
        76,
        77,
        126,
        4,
        152,
        182,
        78,
        113,
        40,
        108,
        109,
        0,
        76,
        89,
        178,
        93,
        150,
        169,
        53,
        94,
        110,
        205,
        90,
        176,
        164,
        139,
        58,
        155,
        150,
        81,
        146,
        139,
        175,
        152,
        152,
        41,
        27,
        82,
        138,
        157,
        108,
        44,
        189,
        33,
        64,
        116,
        75,
        98],
    [   120,
        114,
        127,
        97,
        139,
        107,
        59,
        133,
        58,
        68,
        140,
        101,
        38,
        104,
        59,
        125,
        70,
        26,
        99,
        94,
        86,
        109,
        18,
        153,
        51,
        79,
        77,
        105,
        150,
        125,
        39,
        51,
        181,
        76,
        0,
        165,
        151,
        17,
        127,
        93,
        30,
        143,
        62,
        137,
        72,
        122,
        108,
        104,
        118,
        155,
        126,
        142,
        86,
        116,
        103,
        91,
        99,
        114,
        49,
        125,
        84,
        137,
        140,
        98,
        118,
        75,
        138,
        102,
        98,
        51],
    [   45,
        56,
        109,
        235,
        246,
        271,
        148,
        125,
        210,
        133,
        50,
        74,
        170,
        206,
        223,
        104,
        232,
        155,
        263,
        236,
        120,
        220,
        165,
        13,
        215,
        86,
        242,
        271,
        41,
        155,
        128,
        193,
        49,
        89,
        165,
        0,
        239,
        182,
        210,
        258,
        141,
        99,
        192,
        291,
        163,
        254,
        244,
        211,
        77,
        197,
        211,
        72,
        230,
        202,
        262,
        236,
        233,
        57,
        117,
        106,
        219,
        214,
        131,
        86,
        276,
        102,
        36,
        178,
        124,
        181],
    [   205,
        187,
        134,
        232,
        27,
        196,
        208,
        273,
        108,
        213,
        245,
        169,
        113,
        254,
        138,
        258,
        130,
        131,
        147,
        85,
        121,
        44,
        133,
        234,
        170,
        182,
        173,
        176,
        202,
        273,
        149,
        103,
        220,
        178,
        151,
        239,
        0,
        151,
        278,
        179,
        142,
        272,
        90,
        242,
        223,
        257,
        74,
        48,
        162,
        306,
        277,
        173,
        91,
        267,
        209,
        91,
        71,
        185,
        159,
        136,
        225,
        289,
        280,
        221,
        221,
        147,
        233,
        254,
        240,
        202],
    [   137,
        131,
        141,
        87,
        136,
        90,
        67,
        144,
        50,
        79,
        156,
        118,
        43,
        103,
        43,
        138,
        55,
        38,
        83,
        86,
        99,
        108,
        27,
        170,
        35,
        96,
        60,
        88,
        167,
        133,
        56,
        48,
        197,
        93,
        17,
        182,
        151,
        0,
        127,
        76,
        45,
        156,
        61,
        122,
        77,
        113,
        100,
        103,
        134,
        159,
        126,
        158,
        77,
        116,
        87,
        81,
        93,
        131,
        66,
        140,
        76,
        137,
        151,
        114,
        102,
        92,
        155,
        105,
        109,
        50],
    [   177,
        186,
        233,
        73,
        263,
        143,
        80,
        95,
        175,
        87,
        162,
        185,
        166,
        25,
        154,
        110,
        167,
        151,
        178,
        209,
        198,
        235,
        146,
        197,
        119,
        149,
        135,
        161,
        220,
        61,
        145,
        175,
        249,
        150,
        127,
        210,
        278,
        127,
        0,
        145,
        146,
        124,
        188,
        126,
        61,
        69,
        224,
        230,
        208,
        46,
        2,
        230,
        201,
        11,
        122,
        204,
        218,
        187,
        143,
        230,
        66,
        10,
        94,
        125,
        126,
        175,
        174,
        34,
        85,
        76],
    [   213,
        208,
        212,
        74,
        155,
        17,
        125,
        200,
        78,
        141,
        228,
        194,
        106,
        120,
        46,
        200,
        49,
        111,
        38,
        94,
        170,
        136,
        99,
        246,
        44,
        172,
        16,
        16,
        244,
        179,
        133,
        93,
        274,
        169,
        93,
        258,
        179,
        76,
        145,
        0,
        121,
        219,
        105,
        63,
        124,
        92,
        106,
        137,
        210,
        189,
        143,
        233,
        88,
        138,
        31,
        87,
        107,
        207,
        143,
        211,
        79,
        155,
        205,
        184,
        41,
        167,
        229,
        140,
        168,
        92],
    [   95,
        87,
        97,
        125,
        134,
        136,
        68,
        131,
        70,
        71,
        122,
        73,
        33,
        126,
        82,
        119,
        91,
        14,
        121,
        102,
        57,
        104,
        23,
        130,
        81,
        56,
        105,
        132,
        122,
        131,
        12,
        56,
        152,
        53,
        30,
        141,
        142,
        45,
        146,
        121,
        0,
        135,
        61,
        167,
        86,
        150,
        113,
        97,
        88,
        167,
        145,
        112,
        95,
        134,
        133,
        100,
        103,
        86,
        25,
        96,
        111,
        155,
        139,
        86,
        148,
        46,
        117,
        116,
        98,
        75],
    [   86,
        104,
        170,
        171,
        268,
        226,
        94,
        30,
        201,
        79,
        49,
        115,
        169,
        129,
        200,
        18,
        212,
        149,
        238,
        236,
        155,
        239,
        153,
        88,
        177,
        90,
        204,
        235,
        125,
        63,
        125,
        190,
        146,
        94,
        143,
        99,
        272,
        156,
        124,
        219,
        135,
        0,
        196,
        231,
        98,
        183,
        248,
        231,
        135,
        101,
        126,
        148,
        228,
        118,
        211,
        233,
        238,
        106,
        113,
        167,
        156,
        125,
        33,
        50,
        222,
        127,
        66,
        98,
        51,
        127],
    [   149,
        136,
        115,
        144,
        77,
        123,
        120,
        191,
        28,
        128,
        181,
        118,
        27,
        164,
        59,
        180,
        58,
        47,
        86,
        44,
        78,
        47,
        45,
        182,
        84,
        114,
        94,
        109,
        165,
        187,
        72,
        14,
        191,
        110,
        62,
        192,
        90,
        61,
        188,
        105,
        61,
        196,
        0,
        165,
        134,
        170,
        53,
        42,
        124,
        217,
        187,
        145,
        38,
        177,
        130,
        44,
        42,
        134,
        84,
        115,
        136,
        198,
        198,
        147,
        144,
        89,
        173,
        164,
        156,
        111],
    [   247,
        246,
        263,
        59,
        218,
        47,
        144,
        206,
        139,
        160,
        252,
        236,
        161,
        108,
        107,
        213,
        112,
        160,
        99,
        157,
        221,
        200,
        149,
        278,
        87,
        207,
        71,
        70,
        284,
        178,
        175,
        152,
        314,
        205,
        137,
        291,
        242,
        122,
        126,
        63,
        167,
        231,
        165,
        0,
        134,
        57,
        170,
        200,
        255,
        172,
        124,
        279,
        152,
        124,
        35,
        151,
        171,
        246,
        183,
        262,
        75,
        133,
        209,
        207,
        22,
        212,
        257,
        137,
        180,
        110],
    [   124,
        129,
        172,
        75,
        211,
        129,
        19,
        76,
        127,
        29,
        119,
        126,
        109,
        46,
        114,
        79,
        128,
        93,
        148,
        163,
        137,
        182,
        89,
        149,
        84,
        90,
        109,
        140,
        166,
        57,
        84,
        123,
        195,
        90,
        72,
        163,
        223,
        77,
        61,
        124,
        86,
        98,
        134,
        134,
        0,
        91,
        177,
        176,
        149,
        83,
        61,
        171,
        154,
        49,
        113,
        158,
        170,
        130,
        82,
        169,
        59,
        70,
        81,
        76,
        124,
        114,
        127,
        30,
        46,
        32],
    [   213,
        217,
        247,
        25,
        236,
        84,
        106,
        155,
        148,
        120,
        210,
        210,
        156,
        54,
        119,
        165,
        130,
        148,
        130,
        177,
        207,
        212,
        139,
        241,
        86,
        177,
        89,
        106,
        254,
        125,
        155,
        156,
        284,
        176,
        122,
        254,
        257,
        113,
        69,
        92,
        150,
        183,
        170,
        57,
        91,
        0,
        191,
        210,
        231,
        115,
        67,
        255,
        169,
        68,
        62,
        170,
        188,
        217,
        159,
        245,
        38,
        76,
        157,
        167,
        61,
        191,
        218,
        85,
        134,
        78],
    [   202,
        188,
        158,
        167,
        48,
        122,
        167,
        241,
        50,
        176,
        235,
        170,
        80,
        199,
        72,
        231,
        60,
        99,
        72,
        14,
        126,
        39,
        94,
        235,
        107,
        168,
        103,
        101,
        215,
        233,
        125,
        58,
        240,
        164,
        108,
        244,
        74,
        100,
        224,
        106,
        113,
        248,
        53,
        170,
        177,
        191,
        0,
        45,
        174,
        259,
        223,
        192,
        23,
        214,
        137,
        20,
        11,
        187,
        138,
        159,
        164,
        235,
        248,
        200,
        148,
        142,
        227,
        205,
        206,
        149],
    [   172,
        156,
        117,
        185,
        37,
        154,
        161,
        229,
        62,
        167,
        209,
        138,
        66,
        206,
        93,
        216,
        87,
        85,
        109,
        48,
        91,
        8,
        86,
        204,
        123,
        144,
        128,
        136,
        178,
        227,
        106,
        55,
        201,
        139,
        104,
        211,
        48,
        103,
        230,
        137,
        97,
        231,
        42,
        200,
        176,
        210,
        45,
        0,
        137,
        259,
        229,
        153,
        50,
        219,
        165,
        53,
        35,
        154,
        117,
        118,
        177,
        241,
        236,
        180,
        178,
        111,
        199,
        206,
        195,
        153],
    [   50,
        31,
        35,
        208,
        170,
        225,
        130,
        150,
        147,
        121,
        94,
        23,
        107,
        195,
        167,
        130,
        174,
        98,
        205,
        167,
        47,
        146,
        110,
        72,
        170,
        59,
        194,
        220,
        41,
        169,
        79,
        129,
        66,
        58,
        118,
        77,
        162,
        134,
        208,
        210,
        88,
        135,
        124,
        255,
        149,
        231,
        174,
        137,
        0,
        212,
        208,
        24,
        163,
        197,
        222,
        169,
        162,
        29,
        72,
        32,
        193,
        215,
        158,
        93,
        236,
        42,
        77,
        174,
        131,
        153],
    [   172,
        185,
        241,
        118,
        294,
        188,
        98,
        72,
        209,
        97,
        146,
        188,
        192,
        68,
        192,
        92,
        206,
        175,
        220,
        244,
        212,
        265,
        173,
        185,
        158,
        153,
        178,
        205,
        215,
        43,
        163,
        206,
        241,
        155,
        155,
        197,
        306,
        159,
        46,
        189,
        167,
        101,
        217,
        172,
        83,
        115,
        259,
        259,
        212,
        0,
        48,
        231,
        236,
        50,
        167,
        240,
        252,
        187,
        157,
        238,
        109,
        39,
        67,
        120,
        172,
        186,
        162,
        53,
        81,
        109],
    [   177,
        186,
        233,
        71,
        262,
        141,
        80,
        96,
        174,
        87,
        163,
        185,
        165,
        24,
        152,
        111,
        166,
        150,
        176,
        208,
        198,
        234,
        145,
        198,
        117,
        149,
        134,
        159,
        221,
        63,
        145,
        174,
        249,
        150,
        126,
        211,
        277,
        126,
        2,
        143,
        145,
        126,
        187,
        124,
        61,
        67,
        223,
        229,
        208,
        48,
        0,
        230,
        199,
        11,
        120,
        202,
        217,
        187,
        143,
        230,
        64,
        12,
        95,
        126,
        124,
        175,
        175,
        34,
        86,
        75],
    [   62,
        46,
        38,
        232,
        184,
        248,
        153,
        166,
        169,
        143,
        102,
        45,
        130,
        218,
        191,
        145,
        196,
        122,
        227,
        187,
        67,
        161,
        133,
        72,
        194,
        81,
        218,
        243,
        32,
        188,
        103,
        151,
        48,
        81,
        142,
        72,
        173,
        158,
        230,
        233,
        112,
        148,
        145,
        279,
        171,
        255,
        192,
        153,
        24,
        231,
        230,
        0,
        183,
        219,
        246,
        189,
        180,
        44,
        97,
        36,
        217,
        237,
        174,
        111,
        260,
        66,
        84,
        196,
        150,
        177],
    [   187,
        174,
        152,
        145,
        67,
        105,
        144,
        219,
        27,
        154,
        217,
        157,
        62,
        175,
        49,
        211,
        39,
        80,
        58,
        8,
        116,
        48,
        74,
        221,
        84,
        151,
        82,
        86,
        203,
        211,
        107,
        38,
        230,
        146,
        86,
        230,
        91,
        77,
        201,
        88,
        95,
        228,
        38,
        152,
        154,
        169,
        23,
        50,
        163,
        236,
        199,
        183,
        0,
        190,
        118,
        6,
        19,
        173,
        120,
        152,
        141,
        211,
        226,
        180,
        130,
        128,
        211,
        182,
        184,
        126],
    [   167,
        176,
        221,
        67,
        252,
        137,
        68,
        89,
        164,
        76,
        154,
        174,
        154,
        17,
        144,
        103,
        158,
        140,
        170,
        199,
        186,
        224,
        134,
        189,
        110,
        138,
        127,
        154,
        210,
        57,
        134,
        164,
        239,
        139,
        116,
        202,
        267,
        116,
        11,
        138,
        134,
        118,
        177,
        124,
        49,
        68,
        214,
        219,
        197,
        50,
        11,
        219,
        190,
        0,
        116,
        194,
        208,
        177,
        132,
        219,
        58,
        21,
        90,
        116,
        122,
        164,
        165,
        23,
        77,
        65],
    [   218,
        215,
        229,
        49,
        185,
        21,
        119,
        189,
        103,
        136,
        227,
        204,
        125,
        99,
        71,
        193,
        78,
        125,
        70,
        124,
        187,
        165,
        114,
        249,
        52,
        177,
        36,
        44,
        252,
        164,
        142,
        116,
        283,
        175,
        103,
        262,
        209,
        87,
        122,
        31,
        133,
        211,
        130,
        35,
        113,
        62,
        137,
        165,
        222,
        167,
        120,
        246,
        118,
        116,
        0,
        117,
        137,
        215,
        151,
        227,
        59,
        131,
        193,
        182,
        14,
        179,
        230,
        124,
        160,
        85],
    [   193,
        180,
        157,
        147,
        67,
        104,
        149,
        224,
        32,
        159,
        223,
        163,
        68,
        178,
        51,
        216,
        40,
        86,
        55,
        6,
        122,
        51,
        79,
        227,
        86,
        157,
        82,
        84,
        209,
        215,
        113,
        44,
        236,
        152,
        91,
        236,
        91,
        81,
        204,
        87,
        100,
        233,
        44,
        151,
        158,
        170,
        20,
        53,
        169,
        240,
        202,
        189,
        6,
        194,
        117,
        0,
        20,
        179,
        125,
        158,
        143,
        214,
        231,
        186,
        129,
        134,
        217,
        186,
        189,
        130],
    [   190,
        177,
        147,
        164,
        48,
        124,
        158,
        232,
        43,
        167,
        223,
        159,
        69,
        193,
        69,
        221,
        59,
        88,
        76,
        13,
        115,
        31,
        85,
        224,
        103,
        157,
        102,
        104,
        203,
        225,
        114,
        48,
        228,
        152,
        99,
        233,
        71,
        93,
        218,
        107,
        103,
        238,
        42,
        171,
        170,
        188,
        11,
        35,
        162,
        252,
        217,
        180,
        19,
        208,
        137,
        20,
        0,
        175,
        127,
        147,
        160,
        229,
        239,
        189,
        149,
        130,
        216,
        198,
        196,
        143],
    [   21,
        2,
        64,
        196,
        190,
        221,
        112,
        123,
        153,
        101,
        65,
        16,
        113,
        176,
        169,
        101,
        177,
        99,
        208,
        179,
        64,
        163,
        110,
        49,
        165,
        40,
        191,
        219,
        37,
        143,
        75,
        136,
        67,
        41,
        114,
        57,
        185,
        131,
        187,
        207,
        86,
        106,
        134,
        246,
        130,
        217,
        187,
        154,
        29,
        187,
        187,
        44,
        173,
        177,
        215,
        179,
        175,
        0,
        65,
        61,
        180,
        193,
        130,
        66,
        229,
        45,
        49,
        153,
        106,
        140],
    [   71,
        65,
        90,
        135,
        155,
        156,
        63,
        113,
        96,
        60,
        97,
        53,
        58,
        126,
        106,
        98,
        115,
        40,
        146,
        127,
        55,
        125,
        48,
        105,
        100,
        31,
        126,
        155,
        101,
        118,
        12,
        81,
        132,
        27,
        49,
        117,
        159,
        66,
        143,
        143,
        25,
        113,
        84,
        183,
        82,
        159,
        138,
        117,
        72,
        157,
        143,
        97,
        120,
        132,
        151,
        125,
        127,
        65,
        0,
        88,
        120,
        152,
        121,
        63,
        165,
        32,
        92,
        111,
        81,
        81],
    [   83,
        63,
        3,
        221,
        148,
        227,
        150,
        180,
        141,
        144,
        126,
        52,
        105,
        214,
        166,
        160,
        170,
        101,
        201,
        155,
        40,
        126,
        113,
        103,
        175,
        84,
        196,
        219,
        66,
        196,
        90,
        123,
        84,
        82,
        125,
        106,
        136,
        140,
        230,
        211,
        96,
        167,
        115,
        262,
        169,
        245,
        159,
        118,
        32,
        238,
        230,
        36,
        152,
        219,
        227,
        158,
        147,
        61,
        88,
        0,
        207,
        238,
        188,
        122,
        242,
        55,
        110,
        197,
        157,
        168],
    [   177,
        179,
        209,
        16,
        207,
        78,
        71,
        132,
        117,
        86,
        178,
        172,
        119,
        41,
        92,
        138,
        104,
        111,
        112,
        149,
        168,
        181,
        102,
        206,
        57,
        139,
        69,
        95,
        217,
        105,
        117,
        122,
        247,
        138,
        84,
        219,
        225,
        76,
        66,
        79,
        111,
        156,
        136,
        75,
        59,
        38,
        164,
        177,
        193,
        109,
        64,
        217,
        141,
        58,
        59,
        143,
        160,
        180,
        120,
        207,
        0,
        76,
        135,
        134,
        67,
        153,
        184,
        64,
        105,
        40],
    [   182,
        192,
        241,
        82,
        274,
        152,
        89,
        95,
        185,
        94,
        165,
        192,
        176,
        36,
        164,
        112,
        178,
        161,
        189,
        220,
        207,
        245,
        156,
        201,
        130,
        156,
        146,
        171,
        226,
        62,
        154,
        186,
        254,
        157,
        137,
        214,
        289,
        137,
        10,
        155,
        155,
        125,
        198,
        133,
        70,
        76,
        235,
        241,
        215,
        39,
        12,
        237,
        211,
        21,
        131,
        214,
        229,
        193,
        152,
        238,
        76,
        0,
        94,
        130,
        135,
        183,
        178,
        41,
        90,
        87],
    [   112,
        128,
        191,
        149,
        274,
        210,
        83,
        7,
        199,
        71,
        80,
        136,
        171,
        102,
        192,
        28,
        205,
        152,
        228,
        234,
        170,
        244,
        153,
        119,
        165,
        105,
        190,
        221,
        154,
        32,
        131,
        190,
        177,
        108,
        140,
        131,
        280,
        151,
        94,
        205,
        139,
        33,
        198,
        209,
        81,
        157,
        248,
        236,
        158,
        67,
        95,
        174,
        226,
        90,
        193,
        231,
        239,
        130,
        121,
        188,
        135,
        94,
        0,
        65,
        202,
        142,
        97,
        72,
        42,
        113],
    [   52,
        65,
        125,
        150,
        218,
        194,
        63,
        57,
        154,
        47,
        44,
        70,
        120,
        119,
        157,
        38,
        169,
        100,
        197,
        188,
        106,
        188,
        106,
        73,
        140,
        40,
        167,
        199,
        96,
        77,
        75,
        142,
        123,
        44,
        98,
        86,
        221,
        114,
        125,
        184,
        86,
        50,
        147,
        207,
        76,
        167,
        200,
        180,
        93,
        120,
        126,
        111,
        180,
        116,
        182,
        186,
        189,
        66,
        63,
        122,
        134,
        130,
        65,
        0,
        194,
        77,
        50,
        92,
        40,
        97],
    [   231,
        229,
        243,
        54,
        197,
        26,
        131,
        199,
        117,
        148,
        239,
        218,
        140,
        105,
        85,
        203,
        90,
        140,
        78,
        136,
        201,
        177,
        129,
        263,
        66,
        191,
        49,
        50,
        266,
        172,
        157,
        130,
        297,
        189,
        118,
        276,
        221,
        102,
        126,
        41,
        148,
        222,
        144,
        22,
        124,
        61,
        148,
        178,
        236,
        172,
        124,
        260,
        130,
        122,
        14,
        129,
        149,
        229,
        165,
        242,
        67,
        135,
        202,
        194,
        0,
        193,
        243,
        131,
        170,
        97],
    [   60,
        46,
        57,
        167,
        148,
        182,
        95,
        134,
        108,
        89,
        98,
        29,
        68,
        159,
        126,
        116,
        133,
        56,
        164,
        133,
        28,
        120,
        68,
        93,
        127,
        37,
        151,
        178,
        78,
        145,
        36,
        91,
        107,
        33,
        75,
        102,
        147,
        92,
        175,
        167,
        46,
        127,
        89,
        212,
        114,
        191,
        142,
        111,
        42,
        186,
        175,
        66,
        128,
        164,
        179,
        134,
        130,
        45,
        32,
        55,
        153,
        183,
        142,
        77,
        193,
        0,
        87,
        142,
        106,
        113],
    [   28,
        47,
        113,
        201,
        236,
        240,
        113,
        91,
        188,
        98,
        18,
        63,
        149,
        170,
        197,
        69,
        207,
        132,
        237,
        217,
        111,
        208,
        140,
        23,
        185,
        60,
        212,
        243,
        58,
        119,
        104,
        172,
        79,
        64,
        138,
        36,
        233,
        155,
        174,
        229,
        117,
        66,
        173,
        257,
        127,
        218,
        227,
        199,
        77,
        162,
        175,
        84,
        211,
        165,
        230,
        217,
        216,
        49,
        92,
        110,
        184,
        178,
        97,
        50,
        243,
        87,
        0,
        141,
        88,
        147],
    [   143,
        152,
        200,
        77,
        241,
        142,
        48,
        70,
        155,
        53,
        130,
        151,
        140,
        31,
        139,
        81,
        152,
        123,
        169,
        190,
        166,
        211,
        120,
        165,
        106,
        115,
        128,
        157,
        187,
        40,
        114,
        152,
        215,
        116,
        102,
        178,
        254,
        105,
        34,
        140,
        116,
        98,
        164,
        137,
        30,
        85,
        205,
        206,
        174,
        53,
        34,
        196,
        182,
        23,
        124,
        186,
        198,
        153,
        111,
        197,
        64,
        41,
        72,
        92,
        131,
        142,
        141,
        0,
        53,
        55],
    [   93,
        104,
        160,
        121,
        232,
        175,
        43,
        35,
        157,
        29,
        77,
        107,
        129,
        82,
        151,
        32,
        164,
        110,
        188,
        192,
        134,
        202,
        111,
        112,
        126,
        72,
        153,
        184,
        136,
        38,
        90,
        148,
        164,
        75,
        98,
        124,
        240,
        109,
        85,
        168,
        98,
        51,
        156,
        180,
        46,
        134,
        206,
        195,
        131,
        81,
        86,
        150,
        184,
        77,
        160,
        189,
        196,
        106,
        81,
        157,
        105,
        90,
        42,
        40,
        170,
        106,
        88,
        53,
        0,
        76],
    [   138,
        139,
        170,
        55,
        187,
        99,
        34,
        108,
        99,
        51,
        142,
        132,
        90,
        53,
        83,
        108,
        97,
        77,
        116,
        135,
        131,
        158,
        70,
        167,
        52,
        99,
        77,
        108,
        177,
        89,
        78,
        98,
        207,
        98,
        51,
        181,
        202,
        50,
        76,
        92,
        75,
        127,
        111,
        110,
        32,
        78,
        149,
        153,
        153,
        109,
        75,
        177,
        126,
        65,
        85,
        130,
        143,
        140,
        81,
        168,
        40,
        87,
        113,
        97,
        97,
        113,
        147,
        55,
        76,
        0]]
;
task=[   252,
    85,
    53,
    288,
    127,
    619,
    347,
    186,
    496,
    273,
    172,
    272,
    183,
    80,
    365,
    235,
    185,
    13,
    216,
    469,
    106,
    17,
    138,
    168,
    18,
    295,
    220,
    0,
    135,
    74,
    259,
    336,
    99,
    270,
    398,
    147,
    76,
    64,
    128,
    515,
    77,
    206,
    492,
    186,
    242,
    260,
    327,
    304,
    7,
    88,
    5,
    82,
    481,
    19,
    180,
    20,
    268,
    141,
    178,
    229,
    418,
    31,
    99,
    209,
    13,
    250,
    108,
    290,
    343,
    185]
;
minW=[   158,
    120,
    212,
    72,
    117,
    2,
    102,
    215,
    55,
    97,
    107,
    68,
    13,
    54,
    37,
    103,
    43,
    39,
    17,
    12,
    73,
    49,
    66,
    243,
    18,
    151,
    5,
    0,
    181,
    165,
    111,
    95,
    204,
    74,
    38,
    189,
    146,
    63,
    4,
    3,
    18,
    212,
    76,
    28,
    59,
    46,
    8,
    106,
    100,
    202,
    39,
    240,
    66,
    22,
    2,
    80,
    7,
    125,
    109,
    168,
    2,
    121,
    150,
    126,
    1,
    93,
    83,
    10,
    80,
    42]
;
maxW=[   336,
    271,
    314,
    221,
    158,
    82,
    227,
    279,
    128,
    312,
    307,
    288,
    209,
    297,
    185,
    307,
    66,
    223,
    164,
    116,
    289,
    216,
    130,
    409,
    76,
    206,
    32,
    720,
    288,
    267,
    188,
    247,
    311,
    224,
    230,
    390,
    330,
    175,
    331,
    67,
    205,
    320,
    279,
    201,
    269,
    235,
    146,
    253,
    349,
    255,
    231,
    396,
    170,
    164,
    188,
    219,
    168,
    362,
    205,
    254,
    134,
    185,
    270,
    359,
    51,
    347,
    279,
    253,
    251,
    120]
;