// Generated by InstanceGenerator.py v0.1
// Juan Francisco Martinez Vera
// AMMM - MIRI, FIB UPC
//
// RAND_SEED=1484776619

bigM=100000;

nLocations=40;
startLocation=26;
distances=[   [   0,
        33,
        172,
        90,
        103,
        147,
        128,
        117,
        116,
        165,
        84,
        200,
        75,
        68,
        222,
        31,
        176,
        204,
        160,
        109,
        89,
        167,
        56,
        187,
        58,
        33,
        65,
        64,
        73,
        124,
        112,
        163,
        67,
        106,
        108,
        169,
        193,
        35,
        136,
        188],
    [   33,
        0,
        204,
        62,
        131,
        181,
        161,
        133,
        97,
        188,
        115,
        228,
        107,
        67,
        256,
        12,
        205,
        235,
        179,
        128,
        123,
        201,
        89,
        212,
        84,
        61,
        68,
        71,
        82,
        110,
        141,
        189,
        100,
        139,
        132,
        203,
        201,
        33,
        167,
        215],
    [   172,
        204,
        0,
        243,
        83,
        44,
        84,
        131,
        239,
        94,
        90,
        59,
        132,
        180,
        56,
        204,
        35,
        38,
        115,
        118,
        100,
        32,
        116,
        87,
        125,
        143,
        213,
        205,
        207,
        234,
        138,
        64,
        113,
        66,
        170,
        72,
        192,
        183,
        37,
        65],
    [   90,
        62,
        243,
        0,
        161,
        227,
        215,
        138,
        46,
        201,
        154,
        253,
        166,
        66,
        298,
        74,
        235,
        267,
        186,
        141,
        177,
        246,
        137,
        228,
        118,
        104,
        127,
        132,
        142,
        64,
        202,
        211,
        153,
        181,
        195,
        255,
        182,
        62,
        205,
        238],
    [   103,
        131,
        83,
        161,
        0,
        83,
        96,
        57,
        156,
        67,
        26,
        96,
        101,
        97,
        139,
        134,
        75,
        106,
        72,
        42,
        76,
        94,
        57,
        85,
        46,
        70,
        159,
        154,
        159,
        151,
        128,
        59,
        69,
        39,
        150,
        120,
        137,
        105,
        46,
        85],
    [   147,
        181,
        44,
        227,
        83,
        0,
        39,
        139,
        232,
        122,
        76,
        102,
        94,
        171,
        77,
        177,
        75,
        82,
        138,
        125,
        63,
        21,
        92,
        122,
        111,
        123,
        177,
        168,
        169,
        230,
        94,
        95,
        81,
        47,
        127,
        38,
        214,
        165,
        43,
        104],
    [   128,
        161,
        84,
        215,
        96,
        39,
        0,
        153,
        228,
        150,
        78,
        140,
        61,
        166,
        110,
        156,
        111,
        121,
        163,
        137,
        38,
        58,
        79,
        155,
        108,
        112,
        146,
        136,
        136,
        229,
        55,
        126,
        61,
        56,
        88,
        42,
        233,
        153,
        72,
        139],
    [   117,
        133,
        131,
        138,
        57,
        139,
        153,
        0,
        118,
        63,
        76,
        120,
        146,
        73,
        187,
        140,
        110,
        143,
        47,
        15,
        128,
        149,
        95,
        90,
        64,
        87,
        182,
        179,
        187,
        108,
        179,
        79,
        114,
        97,
        195,
        177,
        84,
        100,
        99,
        103],
    [   116,
        97,
        239,
        46,
        156,
        232,
        228,
        118,
        0,
        181,
        156,
        238,
        188,
        61,
        296,
        110,
        225,
        258,
        162,
        125,
        191,
        248,
        149,
        208,
        121,
        116,
        165,
        169,
        180,
        18,
        225,
        197,
        168,
        184,
        224,
        264,
        143,
        81,
        202,
        222],
    [   165,
        188,
        94,
        201,
        67,
        122,
        150,
        63,
        181,
        0,
        94,
        61,
        168,
        135,
        144,
        193,
        62,
        91,
        23,
        61,
        141,
        122,
        125,
        26,
        106,
        132,
        225,
        220,
        226,
        170,
        192,
        29,
        136,
        97,
        217,
        159,
        99,
        157,
        79,
        44],
    [   84,
        115,
        90,
        154,
        26,
        76,
        78,
        76,
        156,
        94,
        0,
        117,
        75,
        95,
        144,
        115,
        91,
        120,
        98,
        61,
        52,
        92,
        32,
        111,
        36,
        53,
        135,
        129,
        134,
        155,
        103,
        83,
        42,
        28,
        124,
        109,
        160,
        93,
        52,
        107],
    [   200,
        228,
        59,
        253,
        96,
        102,
        140,
        120,
        238,
        61,
        117,
        0,
        179,
        186,
        92,
        230,
        28,
        35,
        84,
        113,
        147,
        91,
        149,
        39,
        143,
        167,
        251,
        245,
        249,
        228,
        192,
        41,
        152,
        104,
        222,
        132,
        156,
        201,
        73,
        16],
    [   75,
        107,
        132,
        166,
        101,
        94,
        61,
        146,
        188,
        168,
        75,
        179,
        0,
        131,
        170,
        99,
        151,
        170,
        173,
        132,
        32,
        115,
        50,
        182,
        84,
        73,
        84,
        75,
        75,
        194,
        37,
        152,
        32,
        75,
        49,
        103,
        231,
        107,
        105,
        173],
    [   68,
        67,
        180,
        66,
        97,
        171,
        166,
        73,
        61,
        135,
        95,
        186,
        131,
        0,
        236,
        78,
        170,
        202,
        121,
        75,
        130,
        187,
        88,
        161,
        59,
        57,
        130,
        131,
        140,
        63,
        169,
        145,
        108,
        123,
        172,
        203,
        133,
        35,
        143,
        171],
    [   222,
        256,
        56,
        298,
        139,
        77,
        110,
        187,
        296,
        144,
        144,
        92,
        170,
        236,
        0,
        253,
        82,
        56,
        166,
        175,
        140,
        55,
        166,
        129,
        179,
        196,
        254,
        245,
        246,
        291,
        164,
        115,
        158,
        117,
        197,
        77,
        243,
        237,
        93,
        105],
    [   31,
        12,
        204,
        74,
        134,
        177,
        156,
        140,
        110,
        193,
        115,
        230,
        99,
        78,
        253,
        0,
        207,
        236,
        185,
        134,
        118,
        198,
        87,
        216,
        87,
        63,
        55,
        59,
        69,
        123,
        132,
        192,
        96,
        137,
        121,
        198,
        211,
        42,
        167,
        218],
    [   176,
        205,
        35,
        235,
        75,
        75,
        111,
        110,
        225,
        62,
        91,
        28,
        151,
        170,
        82,
        207,
        0,
        33,
        84,
        100,
        118,
        67,
        123,
        51,
        121,
        144,
        225,
        218,
        221,
        217,
        163,
        33,
        125,
        76,
        193,
        107,
        161,
        180,
        45,
        29],
    [   204,
        235,
        38,
        267,
        106,
        82,
        121,
        143,
        258,
        91,
        120,
        35,
        170,
        202,
        56,
        236,
        33,
        0,
        114,
        133,
        137,
        66,
        149,
        74,
        152,
        173,
        249,
        241,
        244,
        250,
        176,
        64,
        148,
        100,
        208,
        105,
        189,
        211,
        68,
        49],
    [   160,
        179,
        115,
        186,
        72,
        138,
        163,
        47,
        162,
        23,
        98,
        84,
        173,
        121,
        166,
        185,
        84,
        114,
        0,
        50,
        148,
        141,
        126,
        47,
        102,
        127,
        222,
        218,
        225,
        150,
        200,
        51,
        140,
        107,
        222,
        176,
        77,
        147,
        95,
        67],
    [   109,
        128,
        118,
        141,
        42,
        125,
        137,
        15,
        125,
        61,
        61,
        113,
        132,
        75,
        175,
        134,
        100,
        133,
        50,
        0,
        113,
        135,
        82,
        86,
        53,
        77,
        173,
        169,
        177,
        117,
        164,
        71,
        100,
        81,
        182,
        162,
        98,
        96,
        85,
        97],
    [   89,
        123,
        100,
        177,
        76,
        63,
        38,
        128,
        191,
        141,
        52,
        147,
        32,
        130,
        140,
        118,
        118,
        137,
        148,
        113,
        0,
        84,
        42,
        152,
        74,
        74,
        114,
        106,
        107,
        194,
        52,
        122,
        23,
        44,
        76,
        79,
        212,
        115,
        73,
        142],
    [   167,
        201,
        32,
        246,
        94,
        21,
        58,
        149,
        248,
        122,
        92,
        91,
        115,
        187,
        55,
        198,
        67,
        66,
        141,
        135,
        84,
        0,
        111,
        118,
        128,
        142,
        199,
        190,
        191,
        245,
        114,
        93,
        102,
        64,
        146,
        40,
        218,
        184,
        49,
        97],
    [   56,
        89,
        116,
        137,
        57,
        92,
        79,
        95,
        149,
        125,
        32,
        149,
        50,
        88,
        166,
        87,
        123,
        149,
        126,
        82,
        42,
        111,
        0,
        143,
        34,
        33,
        103,
        96,
        102,
        151,
        85,
        115,
        20,
        50,
        99,
        118,
        180,
        75,
        80,
        139],
    [   187,
        212,
        87,
        228,
        85,
        122,
        155,
        90,
        208,
        26,
        111,
        39,
        182,
        161,
        129,
        216,
        51,
        74,
        47,
        86,
        152,
        118,
        143,
        0,
        128,
        154,
        245,
        240,
        245,
        196,
        202,
        29,
        152,
        108,
        229,
        157,
        116,
        181,
        83,
        24],
    [   58,
        84,
        125,
        118,
        46,
        111,
        108,
        64,
        121,
        106,
        36,
        143,
        84,
        59,
        179,
        87,
        121,
        152,
        102,
        53,
        74,
        128,
        34,
        128,
        0,
        25,
        120,
        116,
        123,
        121,
        120,
        104,
        54,
        64,
        132,
        143,
        148,
        59,
        87,
        131],
    [   33,
        61,
        143,
        104,
        70,
        123,
        112,
        87,
        116,
        132,
        53,
        167,
        73,
        57,
        196,
        63,
        144,
        173,
        127,
        77,
        74,
        142,
        33,
        154,
        25,
        0,
        95,
        92,
        100,
        120,
        111,
        129,
        51,
        79,
        117,
        151,
        167,
        42,
        106,
        155],
    [   65,
        68,
        213,
        127,
        159,
        177,
        146,
        182,
        165,
        225,
        135,
        251,
        84,
        130,
        254,
        55,
        225,
        249,
        222,
        173,
        114,
        199,
        103,
        245,
        120,
        95,
        0,
        9,
        16,
        179,
        104,
        218,
        100,
        149,
        82,
        187,
        259,
        94,
        181,
        242],
    [   64,
        71,
        205,
        132,
        154,
        168,
        136,
        179,
        169,
        220,
        129,
        245,
        75,
        131,
        245,
        59,
        218,
        241,
        218,
        169,
        106,
        190,
        96,
        240,
        116,
        92,
        9,
        0,
        10,
        182,
        95,
        212,
        93,
        141,
        73,
        178,
        258,
        95,
        173,
        236],
    [   73,
        82,
        207,
        142,
        159,
        169,
        136,
        187,
        180,
        226,
        134,
        249,
        75,
        140,
        246,
        69,
        221,
        244,
        225,
        177,
        107,
        191,
        102,
        245,
        123,
        100,
        16,
        10,
        0,
        192,
        91,
        217,
        96,
        145,
        66,
        176,
        266,
        105,
        176,
        241],
    [   124,
        110,
        234,
        64,
        151,
        230,
        229,
        108,
        18,
        170,
        155,
        228,
        194,
        63,
        291,
        123,
        217,
        250,
        150,
        117,
        194,
        245,
        151,
        196,
        121,
        120,
        179,
        182,
        192,
        0,
        231,
        188,
        171,
        183,
        233,
        264,
        125,
        89,
        198,
        212],
    [   112,
        141,
        138,
        202,
        128,
        94,
        55,
        179,
        225,
        192,
        103,
        192,
        37,
        169,
        164,
        132,
        163,
        176,
        200,
        164,
        52,
        114,
        85,
        202,
        120,
        111,
        104,
        95,
        91,
        231,
        0,
        172,
        65,
        95,
        33,
        89,
        263,
        145,
        120,
        190],
    [   163,
        189,
        64,
        211,
        59,
        95,
        126,
        79,
        197,
        29,
        83,
        41,
        152,
        145,
        115,
        192,
        33,
        64,
        51,
        71,
        122,
        93,
        115,
        29,
        104,
        129,
        218,
        212,
        217,
        188,
        172,
        0,
        123,
        78,
        199,
        131,
        128,
        161,
        54,
        26],
    [   67,
        100,
        113,
        153,
        69,
        81,
        61,
        114,
        168,
        136,
        42,
        152,
        32,
        108,
        158,
        96,
        125,
        148,
        140,
        100,
        23,
        102,
        20,
        152,
        54,
        51,
        100,
        93,
        96,
        171,
        65,
        123,
        0,
        48,
        82,
        102,
        198,
        91,
        80,
        145],
    [   106,
        139,
        66,
        181,
        39,
        47,
        56,
        97,
        184,
        97,
        28,
        104,
        75,
        123,
        117,
        137,
        76,
        100,
        107,
        81,
        44,
        64,
        50,
        108,
        64,
        79,
        149,
        141,
        145,
        183,
        95,
        78,
        48,
        0,
        121,
        82,
        177,
        120,
        31,
        98],
    [   108,
        132,
        170,
        195,
        150,
        127,
        88,
        195,
        224,
        217,
        124,
        222,
        49,
        172,
        197,
        121,
        193,
        208,
        222,
        182,
        76,
        146,
        99,
        229,
        132,
        117,
        82,
        73,
        66,
        233,
        33,
        199,
        82,
        121,
        0,
        122,
        279,
        143,
        149,
        218],
    [   169,
        203,
        72,
        255,
        120,
        38,
        42,
        177,
        264,
        159,
        109,
        132,
        103,
        203,
        77,
        198,
        107,
        105,
        176,
        162,
        79,
        40,
        118,
        157,
        143,
        151,
        187,
        178,
        176,
        264,
        89,
        131,
        102,
        82,
        122,
        0,
        252,
        193,
        81,
        137],
    [   193,
        201,
        192,
        182,
        137,
        214,
        233,
        84,
        143,
        99,
        160,
        156,
        231,
        133,
        243,
        211,
        161,
        189,
        77,
        98,
        212,
        218,
        180,
        116,
        148,
        167,
        259,
        258,
        266,
        125,
        263,
        128,
        198,
        177,
        279,
        252,
        0,
        168,
        170,
        140],
    [   35,
        33,
        183,
        62,
        105,
        165,
        153,
        100,
        81,
        157,
        93,
        201,
        107,
        35,
        237,
        42,
        180,
        211,
        147,
        96,
        115,
        184,
        75,
        181,
        59,
        42,
        94,
        95,
        105,
        89,
        145,
        161,
        91,
        120,
        143,
        193,
        168,
        0,
        146,
        187],
    [   136,
        167,
        37,
        205,
        46,
        43,
        72,
        99,
        202,
        79,
        52,
        73,
        105,
        143,
        93,
        167,
        45,
        68,
        95,
        85,
        73,
        49,
        80,
        83,
        87,
        106,
        181,
        173,
        176,
        198,
        120,
        54,
        80,
        31,
        149,
        81,
        170,
        146,
        0,
        69],
    [   188,
        215,
        65,
        238,
        85,
        104,
        139,
        103,
        222,
        44,
        107,
        16,
        173,
        171,
        105,
        218,
        29,
        49,
        67,
        97,
        142,
        97,
        139,
        24,
        131,
        155,
        242,
        236,
        241,
        212,
        190,
        26,
        145,
        98,
        218,
        137,
        140,
        187,
        69,
        0]]
;
task=[   619,
    77,
    29,
    70,
    358,
    21,
    400,
    51,
    318,
    296,
    563,
    246,
    170,
    37,
    186,
    128,
    79,
    220,
    317,
    473,
    58,
    121,
    164,
    232,
    408,
    0,
    447,
    303,
    460,
    38,
    91,
    94,
    20,
    499,
    67,
    15,
    265,
    435,
    413,
    138]
;
minW=[   5,
    37,
    85,
    21,
    3,
    120,
    64,
    21,
    63,
    32,
    32,
    2,
    15,
    23,
    88,
    34,
    127,
    97,
    122,
    48,
    17,
    52,
    9,
    84,
    14,
    0,
    26,
    18,
    1,
    51,
    41,
    95,
    5,
    74,
    5,
    74,
    22,
    19,
    103,
    52]
;
maxW=[   122,
    251,
    292,
    386,
    393,
    560,
    187,
    197,
    694,
    501,
    498,
    429,
    325,
    199,
    715,
    346,
    338,
    660,
    643,
    157,
    682,
    384,
    225,
    529,
    303,
    720,
    452,
    188,
    292,
    635,
    463,
    621,
    307,
    184,
    282,
    596,
    647,
    282,
    579,
    505]
;