// Generated by InstanceGenerator.py v0.1
// Juan Francisco Martinez Vera
// AMMM - MIRI, FIB UPC
//
// RAND_SEED=1484782328

bigM=100000;

nLocations=70;
startLocation=58;
distances=[   [   0,
        148,
        25,
        174,
        7,
        109,
        204,
        190,
        14,
        179,
        180,
        97,
        68,
        201,
        74,
        30,
        40,
        215,
        174,
        72,
        164,
        55,
        181,
        152,
        57,
        181,
        25,
        21,
        66,
        174,
        51,
        28,
        162,
        211,
        208,
        55,
        157,
        33,
        42,
        95,
        122,
        114,
        61,
        248,
        115,
        165,
        176,
        86,
        23,
        247,
        83,
        188,
        155,
        224,
        247,
        22,
        150,
        30,
        209,
        200,
        161,
        216,
        70,
        189,
        22,
        94,
        61,
        40,
        146,
        57],
    [   148,
        0,
        123,
        55,
        155,
        39,
        203,
        211,
        158,
        208,
        223,
        192,
        79,
        196,
        96,
        178,
        120,
        114,
        132,
        76,
        25,
        99,
        38,
        82,
        94,
        240,
        172,
        168,
        82,
        216,
        191,
        127,
        215,
        175,
        89,
        199,
        43,
        169,
        167,
        52,
        35,
        154,
        123,
        173,
        33,
        150,
        183,
        62,
        171,
        171,
        153,
        177,
        50,
        129,
        172,
        165,
        67,
        159,
        91,
        143,
        48,
        200,
        98,
        222,
        126,
        193,
        139,
        187,
        146,
        114],
    [   25,
        123,
        0,
        150,
        32,
        84,
        193,
        182,
        37,
        172,
        176,
        102,
        43,
        189,
        53,
        55,
        23,
        192,
        156,
        48,
        139,
        31,
        156,
        129,
        36,
        181,
        49,
        45,
        41,
        170,
        74,
        21,
        160,
        195,
        184,
        79,
        135,
        53,
        54,
        71,
        99,
        105,
        47,
        228,
        90,
        150,
        165,
        61,
        47,
        227,
        78,
        174,
        133,
        202,
        227,
        43,
        126,
        42,
        185,
        180,
        139,
        203,
        55,
        183,
        2,
        99,
        54,
        64,
        132,
        40],
    [   174,
        55,
        150,
        0,
        182,
        72,
        165,
        180,
        187,
        179,
        198,
        190,
        111,
        157,
        105,
        203,
        138,
        58,
        91,
        111,
        31,
        119,
        74,
        46,
        131,
        219,
        196,
        193,
        113,
        191,
        224,
        160,
        194,
        130,
        36,
        229,
        96,
        202,
        182,
        88,
        87,
        140,
        131,
        119,
        73,
        115,
        151,
        93,
        196,
        117,
        151,
        139,
        104,
        73,
        118,
        187,
        34,
        177,
        38,
        94,
        101,
        158,
        143,
        193,
        153,
        193,
        145,
        210,
        118,
        126],
    [   7,
        155,
        32,
        182,
        0,
        117,
        208,
        193,
        10,
        182,
        181,
        97,
        75,
        205,
        81,
        22,
        47,
        222,
        180,
        79,
        172,
        62,
        188,
        159,
        64,
        182,
        18,
        14,
        73,
        176,
        45,
        34,
        163,
        216,
        216,
        47,
        165,
        28,
        41,
        103,
        130,
        117,
        66,
        254,
        122,
        170,
        180,
        93,
        15,
        254,
        86,
        192,
        162,
        231,
        253,
        17,
        157,
        29,
        217,
        206,
        168,
        220,
        76,
        191,
        29,
        93,
        65,
        33,
        150,
        63],
    [   109,
        39,
        84,
        72,
        117,
        0,
        184,
        187,
        120,
        182,
        195,
        154,
        42,
        178,
        58,
        140,
        80,
        125,
        120,
        40,
        55,
        59,
        76,
        74,
        59,
        210,
        134,
        129,
        44,
        188,
        155,
        91,
        185,
        165,
        108,
        163,
        67,
        133,
        128,
        16,
        33,
        122,
        84,
        176,
        10,
        131,
        161,
        23,
        132,
        175,
        117,
        159,
        69,
        138,
        176,
        126,
        62,
        120,
        110,
        137,
        72,
        185,
        71,
        195,
        87,
        155,
        100,
        148,
        122,
        75],
    [   204,
        203,
        193,
        165,
        208,
        184,
        0,
        30,
        218,
        41,
        61,
        132,
        188,
        7,
        148,
        216,
        169,
        139,
        74,
        196,
        191,
        170,
        235,
        122,
        207,
        85,
        209,
        207,
        190,
        59,
        249,
        214,
        74,
        48,
        164,
        246,
        245,
        236,
        175,
        191,
        217,
        90,
        145,
        107,
        194,
        53,
        28,
        185,
        211,
        109,
        122,
        26,
        250,
        131,
        107,
        198,
        137,
        181,
        163,
        80,
        251,
        21,
        231,
        46,
        194,
        138,
        143,
        214,
        64,
        153],
    [   190,
        211,
        182,
        180,
        193,
        187,
        30,
        0,
        203,
        12,
        31,
        109,
        185,
        35,
        144,
        198,
        159,
        162,
        91,
        193,
        202,
        164,
        246,
        134,
        201,
        55,
        192,
        191,
        186,
        29,
        233,
        204,
        45,
        75,
        184,
        228,
        252,
        222,
        157,
        192,
        220,
        77,
        135,
        136,
        198,
        64,
        28,
        184,
        195,
        137,
        107,
        46,
        256,
        156,
        135,
        181,
        148,
        165,
        183,
        103,
        257,
        51,
        226,
        16,
        183,
        115,
        129,
        195,
        65,
        144],
    [   14,
        158,
        37,
        187,
        10,
        120,
        218,
        203,
        0,
        192,
        191,
        107,
        78,
        215,
        88,
        23,
        55,
        229,
        189,
        82,
        176,
        68,
        189,
        166,
        65,
        192,
        22,
        19,
        76,
        186,
        37,
        32,
        173,
        225,
        222,
        42,
        164,
        18,
        50,
        106,
        131,
        127,
        75,
        263,
        125,
        180,
        189,
        97,
        18,
        262,
        96,
        202,
        161,
        238,
        262,
        26,
        164,
        39,
        223,
        214,
        168,
        230,
        74,
        201,
        34,
        102,
        74,
        35,
        160,
        72],
    [   179,
        208,
        172,
        179,
        182,
        182,
        41,
        12,
        192,
        0,
        22,
        96,
        177,
        44,
        136,
        186,
        149,
        165,
        94,
        186,
        201,
        155,
        243,
        133,
        193,
        46,
        180,
        179,
        178,
        18,
        221,
        194,
        33,
        83,
        186,
        216,
        248,
        210,
        145,
        186,
        215,
        68,
        126,
        144,
        193,
        66,
        31,
        177,
        183,
        145,
        96,
        52,
        251,
        161,
        144,
        170,
        147,
        154,
        186,
        108,
        253,
        62,
        217,
        13,
        173,
        103,
        119,
        183,
        62,
        135],
    [   180,
        223,
        176,
        198,
        181,
        195,
        61,
        31,
        191,
        22,
        0,
        89,
        186,
        66,
        145,
        183,
        153,
        187,
        114,
        194,
        218,
        162,
        259,
        151,
        200,
        24,
        177,
        177,
        186,
        7,
        217,
        197,
        19,
        105,
        207,
        212,
        261,
        209,
        142,
        197,
        228,
        75,
        131,
        166,
        206,
        86,
        52,
        188,
        181,
        167,
        98,
        74,
        265,
        182,
        166,
        168,
        165,
        152,
        206,
        130,
        267,
        82,
        224,
        16,
        176,
        95,
        122,
        178,
        79,
        141],
    [   97,
        192,
        102,
        190,
        97,
        154,
        132,
        109,
        107,
        96,
        89,
        0,
        128,
        132,
        96,
        95,
        85,
        206,
        140,
        136,
        197,
        102,
        230,
        148,
        134,
        85,
        90,
        90,
        127,
        85,
        129,
        120,
        70,
        158,
        213,
        122,
        220,
        123,
        56,
        149,
        182,
        57,
        70,
        212,
        164,
        117,
        107,
        138,
        93,
        213,
        38,
        127,
        220,
        208,
        211,
        81,
        156,
        67,
        213,
        165,
        225,
        150,
        156,
        102,
        101,
        6,
        55,
        89,
        97,
        81],
    [   68,
        79,
        43,
        111,
        75,
        42,
        188,
        185,
        78,
        177,
        186,
        128,
        0,
        183,
        41,
        98,
        45,
        159,
        137,
        8,
        97,
        26,
        113,
        99,
        22,
        196,
        92,
        88,
        2,
        179,
        113,
        49,
        172,
        180,
        146,
        121,
        94,
        91,
        91,
        27,
        57,
        110,
        58,
        203,
        46,
        139,
        162,
        18,
        91,
        202,
        94,
        166,
        94,
        170,
        202,
        85,
        93,
        82,
        148,
        158,
        99,
        194,
        43,
        190,
        46,
        127,
        73,
        107,
        124,
        47],
    [   201,
        196,
        189,
        157,
        205,
        178,
        7,
        35,
        215,
        44,
        66,
        132,
        183,
        0,
        143,
        213,
        165,
        131,
        66,
        191,
        183,
        166,
        228,
        115,
        202,
        90,
        207,
        205,
        185,
        63,
        247,
        210,
        77,
        41,
        156,
        244,
        238,
        234,
        173,
        185,
        210,
        87,
        141,
        101,
        188,
        46,
        25,
        179,
        209,
        102,
        120,
        19,
        243,
        124,
        100,
        195,
        130,
        179,
        156,
        72,
        244,
        18,
        226,
        51,
        190,
        138,
        140,
        212,
        58,
        149],
    [   74,
        96,
        53,
        105,
        81,
        58,
        148,
        144,
        88,
        136,
        145,
        96,
        41,
        143,
        0,
        100,
        34,
        141,
        103,
        49,
        104,
        23,
        133,
        77,
        58,
        156,
        93,
        89,
        42,
        138,
        126,
        71,
        132,
        144,
        137,
        129,
        124,
        106,
        76,
        54,
        87,
        69,
        27,
        175,
        68,
        101,
        122,
        44,
        93,
        174,
        59,
        127,
        125,
        150,
        174,
        83,
        77,
        72,
        138,
        127,
        129,
        155,
        82,
        149,
        55,
        97,
        43,
        106,
        85,
        20],
    [   30,
        178,
        55,
        203,
        22,
        140,
        216,
        198,
        23,
        186,
        183,
        95,
        98,
        213,
        100,
        0,
        66,
        242,
        195,
        102,
        194,
        83,
        211,
        178,
        87,
        181,
        7,
        10,
        96,
        178,
        34,
        55,
        164,
        228,
        236,
        31,
        187,
        30,
        41,
        126,
        153,
        126,
        81,
        270,
        145,
        183,
        188,
        116,
        7,
        270,
        93,
        203,
        184,
        249,
        269,
        18,
        177,
        34,
        237,
        221,
        191,
        230,
        97,
        194,
        52,
        90,
        76,
        11,
        162,
        81],
    [   40,
        120,
        23,
        138,
        47,
        80,
        169,
        159,
        55,
        149,
        153,
        85,
        45,
        165,
        34,
        66,
        0,
        176,
        134,
        53,
        133,
        21,
        156,
        112,
        49,
        160,
        58,
        55,
        44,
        147,
        92,
        44,
        138,
        172,
        171,
        94,
        139,
        73,
        47,
        70,
        102,
        81,
        23,
        207,
        88,
        127,
        141,
        59,
        58,
        207,
        56,
        151,
        139,
        184,
        207,
        49,
        111,
        40,
        172,
        159,
        144,
        179,
        72,
        160,
        25,
        83,
        32,
        72,
        108,
        17],
    [   215,
        114,
        192,
        58,
        222,
        125,
        139,
        162,
        229,
        165,
        187,
        206,
        159,
        131,
        141,
        242,
        176,
        0,
        72,
        162,
        89,
        161,
        128,
        63,
        181,
        211,
        234,
        231,
        161,
        181,
        267,
        207,
        189,
        94,
        31,
        270,
        154,
        246,
        213,
        141,
        145,
        149,
        162,
        63,
        129,
        101,
        134,
        143,
        235,
        61,
        171,
        116,
        162,
        15,
        62,
        224,
        66,
        211,
        29,
        59,
        158,
        125,
        196,
        177,
        195,
        210,
        173,
        246,
        114,
        160],
    [   174,
        132,
        156,
        91,
        180,
        120,
        74,
        91,
        189,
        94,
        114,
        140,
        137,
        66,
        103,
        195,
        134,
        72,
        0,
        143,
        118,
        126,
        162,
        50,
        158,
        138,
        188,
        185,
        139,
        109,
        225,
        175,
        116,
        44,
        92,
        226,
        175,
        207,
        160,
        131,
        151,
        82,
        114,
        75,
        129,
        28,
        63,
        128,
        189,
        75,
        110,
        48,
        181,
        70,
        74,
        176,
        65,
        161,
        92,
        26,
        181,
        68,
        180,
        106,
        158,
        145,
        120,
        197,
        43,
        117],
    [   72,
        76,
        48,
        111,
        79,
        40,
        196,
        193,
        82,
        186,
        194,
        136,
        8,
        191,
        49,
        102,
        53,
        162,
        143,
        0,
        95,
        34,
        108,
        104,
        19,
        205,
        97,
        93,
        9,
        188,
        115,
        51,
        181,
        186,
        147,
        123,
        87,
        93,
        98,
        24,
        51,
        119,
        67,
        207,
        43,
        146,
        170,
        18,
        95,
        206,
        103,
        174,
        86,
        173,
        207,
        91,
        96,
        88,
        149,
        164,
        92,
        202,
        36,
        198,
        51,
        136,
        82,
        112,
        132,
        56],
    [   164,
        25,
        139,
        31,
        172,
        55,
        191,
        202,
        176,
        201,
        218,
        197,
        97,
        183,
        104,
        194,
        133,
        89,
        118,
        95,
        0,
        112,
        44,
        68,
        114,
        236,
        188,
        184,
        99,
        211,
        211,
        146,
        212,
        159,
        64,
        218,
        64,
        188,
        179,
        70,
        60,
        152,
        131,
        151,
        52,
        138,
        174,
        78,
        187,
        149,
        158,
        164,
        72,
        105,
        150,
        180,
        54,
        173,
        65,
        124,
        69,
        186,
        122,
        214,
        142,
        199,
        147,
        203,
        138,
        124],
    [   55,
        99,
        31,
        119,
        62,
        59,
        170,
        164,
        68,
        155,
        162,
        102,
        26,
        166,
        23,
        83,
        21,
        161,
        126,
        34,
        112,
        0,
        135,
        98,
        37,
        171,
        77,
        73,
        25,
        155,
        106,
        48,
        148,
        167,
        153,
        110,
        119,
        85,
        68,
        49,
        82,
        87,
        33,
        197,
        67,
        124,
        143,
        38,
        76,
        197,
        69,
        150,
        119,
        170,
        196,
        68,
        95,
        60,
        154,
        150,
        124,
        178,
        62,
        167,
        34,
        101,
        47,
        91,
        107,
        21],
    [   181,
        38,
        156,
        74,
        188,
        76,
        235,
        246,
        189,
        243,
        259,
        230,
        113,
        228,
        133,
        211,
        156,
        128,
        162,
        108,
        44,
        135,
        0,
        113,
        124,
        277,
        206,
        201,
        115,
        253,
        221,
        157,
        252,
        203,
        98,
        230,
        35,
        198,
        204,
        86,
        58,
        191,
        161,
        191,
        67,
        183,
        217,
        97,
        204,
        189,
        191,
        209,
        44,
        143,
        191,
        199,
        98,
        195,
        100,
        168,
        37,
        230,
        123,
        257,
        159,
        231,
        177,
        221,
        181,
        151],
    [   152,
        82,
        129,
        46,
        159,
        74,
        122,
        134,
        166,
        133,
        151,
        148,
        99,
        115,
        77,
        178,
        112,
        63,
        50,
        104,
        68,
        98,
        113,
        0,
        122,
        172,
        170,
        167,
        102,
        145,
        203,
        145,
        148,
        93,
        64,
        207,
        125,
        183,
        149,
        87,
        103,
        95,
        98,
        103,
        81,
        70,
        105,
        86,
        171,
        102,
        111,
        96,
        131,
        72,
        102,
        160,
        15,
        147,
        65,
        63,
        130,
        118,
        140,
        146,
        132,
        152,
        110,
        183,
        71,
        97],
    [   57,
        94,
        36,
        131,
        64,
        59,
        207,
        201,
        65,
        193,
        200,
        134,
        22,
        202,
        58,
        87,
        49,
        181,
        158,
        19,
        114,
        37,
        124,
        122,
        0,
        208,
        82,
        78,
        19,
        193,
        97,
        32,
        185,
        200,
        167,
        105,
        100,
        74,
        90,
        43,
        66,
        125,
        69,
        225,
        62,
        159,
        180,
        37,
        80,
        224,
        104,
        186,
        97,
        192,
        224,
        78,
        114,
        78,
        168,
        180,
        104,
        214,
        24,
        205,
        38,
        132,
        81,
        97,
        143,
        58],
    [   181,
        240,
        181,
        219,
        182,
        210,
        85,
        55,
        192,
        46,
        24,
        85,
        196,
        90,
        156,
        181,
        160,
        211,
        138,
        205,
        236,
        171,
        277,
        172,
        208,
        0,
        175,
        176,
        196,
        29,
        214,
        201,
        25,
        130,
        229,
        207,
        277,
        208,
        141,
        210,
        242,
        88,
        139,
        191,
        220,
        109,
        77,
        200,
        179,
        192,
        103,
        98,
        279,
        207,
        190,
        167,
        185,
        152,
        229,
        155,
        282,
        107,
        232,
        39,
        181,
        90,
        127,
        174,
        100,
        149],
    [   25,
        172,
        49,
        196,
        18,
        134,
        209,
        192,
        22,
        180,
        177,
        90,
        92,
        207,
        93,
        7,
        58,
        234,
        188,
        97,
        188,
        77,
        206,
        170,
        82,
        175,
        0,
        4,
        90,
        172,
        40,
        52,
        159,
        221,
        229,
        38,
        183,
        33,
        35,
        120,
        148,
        119,
        74,
        263,
        139,
        176,
        181,
        110,
        4,
        262,
        86,
        195,
        180,
        242,
        262,
        11,
        170,
        27,
        230,
        214,
        186,
        223,
        94,
        188,
        46,
        85,
        68,
        14,
        155,
        73],
    [   21,
        168,
        45,
        193,
        14,
        129,
        207,
        191,
        19,
        179,
        177,
        90,
        88,
        205,
        89,
        10,
        55,
        231,
        185,
        93,
        184,
        73,
        201,
        167,
        78,
        176,
        4,
        0,
        86,
        172,
        41,
        48,
        159,
        219,
        226,
        40,
        178,
        32,
        35,
        116,
        144,
        117,
        71,
        260,
        135,
        173,
        180,
        106,
        3,
        259,
        85,
        194,
        176,
        239,
        259,
        9,
        166,
        26,
        227,
        211,
        182,
        221,
        90,
        188,
        42,
        86,
        66,
        19,
        153,
        70],
    [   66,
        82,
        41,
        113,
        73,
        44,
        190,
        186,
        76,
        178,
        186,
        127,
        2,
        185,
        42,
        96,
        44,
        161,
        139,
        9,
        99,
        25,
        115,
        102,
        19,
        196,
        90,
        86,
        0,
        179,
        111,
        47,
        173,
        181,
        149,
        118,
        96,
        89,
        90,
        29,
        59,
        111,
        58,
        205,
        49,
        141,
        163,
        20,
        88,
        204,
        94,
        168,
        95,
        173,
        204,
        84,
        95,
        80,
        150,
        161,
        100,
        196,
        41,
        190,
        44,
        127,
        72,
        105,
        126,
        47],
    [   174,
        216,
        170,
        191,
        176,
        188,
        59,
        29,
        186,
        18,
        7,
        85,
        179,
        63,
        138,
        178,
        147,
        181,
        109,
        188,
        211,
        155,
        253,
        145,
        193,
        29,
        172,
        172,
        179,
        0,
        212,
        191,
        16,
        102,
        201,
        207,
        254,
        204,
        137,
        190,
        221,
        68,
        124,
        162,
        199,
        80,
        47,
        181,
        176,
        164,
        91,
        69,
        258,
        177,
        162,
        162,
        158,
        147,
        200,
        125,
        260,
        80,
        217,
        17,
        170,
        91,
        115,
        174,
        73,
        134],
    [   51,
        191,
        74,
        224,
        45,
        155,
        249,
        233,
        37,
        221,
        217,
        129,
        113,
        247,
        126,
        34,
        92,
        267,
        225,
        115,
        211,
        106,
        221,
        203,
        97,
        214,
        40,
        41,
        111,
        212,
        0,
        64,
        199,
        260,
        258,
        13,
        193,
        22,
        75,
        140,
        162,
        159,
        111,
        299,
        159,
        215,
        222,
        132,
        38,
        299,
        127,
        236,
        188,
        276,
        299,
        51,
        201,
        68,
        260,
        251,
        196,
        263,
        99,
        229,
        71,
        124,
        108,
        40,
        194,
        108],
    [   28,
        127,
        21,
        160,
        34,
        91,
        214,
        204,
        32,
        194,
        197,
        120,
        49,
        210,
        71,
        55,
        44,
        207,
        175,
        51,
        146,
        48,
        157,
        145,
        32,
        201,
        52,
        48,
        47,
        191,
        64,
        0,
        180,
        214,
        196,
        72,
        132,
        42,
        68,
        75,
        98,
        126,
        68,
        246,
        94,
        170,
        186,
        67,
        49,
        245,
        99,
        195,
        128,
        217,
        245,
        50,
        140,
        56,
        197,
        199,
        135,
        224,
        42,
        204,
        20,
        117,
        75,
        66,
        152,
        60],
    [   162,
        215,
        160,
        194,
        163,
        185,
        74,
        45,
        173,
        33,
        19,
        70,
        172,
        77,
        132,
        164,
        138,
        189,
        116,
        181,
        212,
        148,
        252,
        148,
        185,
        25,
        159,
        159,
        173,
        16,
        199,
        180,
        0,
        114,
        206,
        193,
        252,
        191,
        124,
        186,
        217,
        63,
        116,
        174,
        195,
        88,
        58,
        176,
        162,
        176,
        81,
        81,
        255,
        186,
        174,
        149,
        160,
        134,
        206,
        135,
        257,
        95,
        209,
        33,
        160,
        76,
        105,
        159,
        77,
        126],
    [   211,
        175,
        195,
        130,
        216,
        165,
        48,
        75,
        225,
        83,
        105,
        158,
        180,
        41,
        144,
        228,
        172,
        94,
        44,
        186,
        159,
        167,
        203,
        93,
        200,
        130,
        221,
        219,
        181,
        102,
        260,
        214,
        114,
        0,
        121,
        259,
        219,
        244,
        190,
        175,
        196,
        105,
        149,
        60,
        174,
        45,
        56,
        171,
        223,
        61,
        137,
        33,
        225,
        85,
        60,
        210,
        108,
        194,
        121,
        36,
        224,
        31,
        223,
        92,
        196,
        164,
        152,
        229,
        66,
        155],
    [   208,
        89,
        184,
        36,
        216,
        108,
        164,
        184,
        222,
        186,
        207,
        213,
        146,
        156,
        137,
        236,
        171,
        31,
        92,
        147,
        64,
        153,
        98,
        64,
        167,
        229,
        229,
        226,
        149,
        201,
        258,
        196,
        206,
        121,
        0,
        264,
        127,
        237,
        212,
        125,
        123,
        159,
        161,
        94,
        110,
        120,
        156,
        129,
        229,
        92,
        176,
        139,
        135,
        46,
        94,
        220,
        60,
        209,
        1,
        85,
        131,
        152,
        179,
        199,
        187,
        217,
        174,
        243,
        130,
        157],
    [   55,
        199,
        79,
        229,
        47,
        163,
        246,
        228,
        42,
        216,
        212,
        122,
        121,
        244,
        129,
        31,
        94,
        270,
        226,
        123,
        218,
        110,
        230,
        207,
        105,
        207,
        38,
        40,
        118,
        207,
        13,
        72,
        193,
        259,
        264,
        0,
        203,
        31,
        71,
        148,
        171,
        157,
        112,
        301,
        167,
        214,
        219,
        139,
        36,
        300,
        124,
        234,
        199,
        279,
        300,
        49,
        205,
        65,
        265,
        252,
        206,
        261,
        109,
        224,
        76,
        117,
        107,
        33,
        193,
        110],
    [   157,
        43,
        135,
        96,
        165,
        67,
        245,
        252,
        164,
        248,
        261,
        220,
        94,
        238,
        124,
        187,
        139,
        154,
        175,
        87,
        64,
        119,
        35,
        125,
        100,
        277,
        183,
        178,
        96,
        254,
        193,
        132,
        252,
        219,
        127,
        203,
        0,
        171,
        186,
        70,
        37,
        189,
        149,
        215,
        56,
        192,
        224,
        81,
        180,
        214,
        183,
        219,
        8,
        169,
        215,
        178,
        111,
        176,
        129,
        186,
        5,
        243,
        94,
        261,
        137,
        220,
        165,
        198,
        186,
        139],
    [   33,
        169,
        53,
        202,
        28,
        133,
        236,
        222,
        18,
        210,
        209,
        123,
        91,
        234,
        106,
        30,
        73,
        246,
        207,
        93,
        188,
        85,
        198,
        183,
        74,
        208,
        33,
        32,
        89,
        204,
        22,
        42,
        191,
        244,
        237,
        31,
        171,
        0,
        67,
        118,
        140,
        146,
        94,
        281,
        136,
        199,
        208,
        110,
        29,
        280,
        114,
        221,
        167,
        255,
        280,
        41,
        180,
        57,
        238,
        233,
        174,
        249,
        78,
        219,
        51,
        118,
        93,
        41,
        179,
        90],
    [   42,
        167,
        54,
        182,
        41,
        128,
        175,
        157,
        50,
        145,
        142,
        56,
        91,
        173,
        76,
        41,
        47,
        213,
        160,
        98,
        179,
        68,
        204,
        149,
        90,
        141,
        35,
        35,
        90,
        137,
        75,
        68,
        124,
        190,
        212,
        71,
        186,
        67,
        0,
        118,
        149,
        86,
        51,
        235,
        136,
        144,
        147,
        106,
        38,
        235,
        53,
        163,
        185,
        219,
        234,
        25,
        152,
        12,
        213,
        186,
        190,
        189,
        108,
        153,
        52,
        52,
        40,
        39,
        123,
        55],
    [   95,
        52,
        71,
        88,
        103,
        16,
        191,
        192,
        106,
        186,
        197,
        149,
        27,
        185,
        54,
        126,
        70,
        141,
        131,
        24,
        70,
        49,
        86,
        87,
        43,
        210,
        120,
        116,
        29,
        190,
        140,
        75,
        186,
        175,
        125,
        148,
        70,
        118,
        118,
        0,
        33,
        122,
        78,
        190,
        19,
        139,
        167,
        11,
        118,
        189,
        113,
        167,
        71,
        153,
        190,
        113,
        77,
        109,
        126,
        150,
        75,
        194,
        55,
        199,
        73,
        149,
        94,
        135,
        128,
        68],
    [   122,
        35,
        99,
        87,
        130,
        33,
        217,
        220,
        131,
        215,
        228,
        182,
        57,
        210,
        87,
        153,
        102,
        145,
        151,
        51,
        60,
        82,
        58,
        103,
        66,
        242,
        148,
        144,
        59,
        221,
        162,
        98,
        217,
        196,
        123,
        171,
        37,
        140,
        149,
        33,
        0,
        154,
        112,
        202,
        22,
        164,
        194,
        44,
        145,
        200,
        146,
        192,
        38,
        159,
        201,
        142,
        89,
        139,
        124,
        166,
        42,
        217,
        65,
        229,
        102,
        183,
        127,
        163,
        155,
        101],
    [   114,
        154,
        105,
        140,
        117,
        122,
        90,
        77,
        127,
        68,
        75,
        57,
        110,
        87,
        69,
        126,
        81,
        149,
        82,
        119,
        152,
        87,
        191,
        95,
        125,
        88,
        119,
        117,
        111,
        68,
        159,
        126,
        63,
        105,
        159,
        157,
        189,
        146,
        86,
        122,
        154,
        0,
        57,
        155,
        132,
        61,
        62,
        113,
        121,
        156,
        33,
        76,
        191,
        150,
        155,
        108,
        105,
        91,
        159,
        107,
        194,
        103,
        149,
        80,
        105,
        62,
        53,
        125,
        40,
        67],
    [   61,
        123,
        47,
        131,
        66,
        84,
        145,
        135,
        75,
        126,
        131,
        70,
        58,
        141,
        27,
        81,
        23,
        162,
        114,
        67,
        131,
        33,
        161,
        98,
        69,
        139,
        74,
        71,
        58,
        124,
        111,
        68,
        116,
        149,
        161,
        112,
        149,
        94,
        51,
        78,
        112,
        57,
        0,
        188,
        94,
        104,
        117,
        67,
        75,
        188,
        36,
        127,
        149,
        169,
        188,
        63,
        100,
        49,
        162,
        140,
        154,
        156,
        93,
        137,
        48,
        71,
        16,
        85,
        85,
        11],
    [   248,
        173,
        228,
        119,
        254,
        176,
        107,
        136,
        263,
        144,
        166,
        212,
        203,
        101,
        175,
        270,
        207,
        63,
        75,
        207,
        151,
        197,
        191,
        103,
        225,
        191,
        263,
        260,
        205,
        162,
        299,
        246,
        174,
        60,
        94,
        301,
        215,
        281,
        235,
        190,
        202,
        155,
        188,
        0,
        183,
        95,
        116,
        190,
        264,
        2,
        185,
        93,
        223,
        48,
        0,
        251,
        113,
        236,
        93,
        49,
        220,
        87,
        244,
        152,
        230,
        217,
        195,
        272,
        115,
        191],
    [   115,
        33,
        90,
        73,
        122,
        10,
        194,
        198,
        125,
        193,
        206,
        164,
        46,
        188,
        68,
        145,
        88,
        129,
        129,
        43,
        52,
        67,
        67,
        81,
        62,
        220,
        139,
        135,
        49,
        199,
        159,
        94,
        195,
        174,
        110,
        167,
        56,
        136,
        136,
        19,
        22,
        132,
        94,
        183,
        0,
        141,
        171,
        29,
        138,
        181,
        127,
        169,
        59,
        143,
        182,
        132,
        69,
        127,
        112,
        145,
        61,
        195,
        69,
        206,
        93,
        165,
        110,
        154,
        132,
        84],
    [   165,
        150,
        150,
        115,
        170,
        131,
        53,
        64,
        180,
        66,
        86,
        117,
        139,
        46,
        101,
        183,
        127,
        101,
        28,
        146,
        138,
        124,
        183,
        70,
        159,
        109,
        176,
        173,
        141,
        80,
        215,
        170,
        88,
        45,
        120,
        214,
        192,
        199,
        144,
        139,
        164,
        61,
        104,
        95,
        141,
        0,
        36,
        133,
        177,
        95,
        92,
        28,
        197,
        98,
        94,
        164,
        84,
        148,
        120,
        49,
        197,
        55,
        182,
        78,
        152,
        122,
        107,
        183,
        21,
        110],
    [   176,
        183,
        165,
        151,
        180,
        161,
        28,
        28,
        189,
        31,
        52,
        107,
        162,
        25,
        122,
        188,
        141,
        134,
        63,
        170,
        174,
        143,
        217,
        105,
        180,
        77,
        181,
        180,
        163,
        47,
        222,
        186,
        58,
        56,
        156,
        219,
        224,
        208,
        147,
        167,
        194,
        62,
        117,
        116,
        171,
        36,
        0,
        160,
        183,
        117,
        94,
        22,
        229,
        130,
        115,
        170,
        120,
        153,
        155,
        78,
        230,
        43,
        204,
        42,
        166,
        113,
        115,
        186,
        38,
        125],
    [   86,
        62,
        61,
        93,
        93,
        23,
        185,
        184,
        97,
        177,
        188,
        138,
        18,
        179,
        44,
        116,
        59,
        143,
        128,
        18,
        78,
        38,
        97,
        86,
        37,
        200,
        110,
        106,
        20,
        181,
        132,
        67,
        176,
        171,
        129,
        139,
        81,
        110,
        106,
        11,
        44,
        113,
        67,
        190,
        29,
        133,
        160,
        0,
        109,
        189,
        102,
        161,
        82,
        155,
        189,
        103,
        78,
        98,
        131,
        148,
        86,
        188,
        53,
        190,
        64,
        138,
        83,
        125,
        121,
        57],
    [   23,
        171,
        47,
        196,
        15,
        132,
        211,
        195,
        18,
        183,
        181,
        93,
        91,
        209,
        93,
        7,
        58,
        235,
        189,
        95,
        187,
        76,
        204,
        171,
        80,
        179,
        4,
        3,
        88,
        176,
        38,
        49,
        162,
        223,
        229,
        36,
        180,
        29,
        38,
        118,
        145,
        121,
        75,
        264,
        138,
        177,
        183,
        109,
        0,
        263,
        89,
        198,
        177,
        243,
        263,
        13,
        170,
        30,
        230,
        215,
        184,
        225,
        91,
        192,
        44,
        89,
        70,
        17,
        157,
        74],
    [   247,
        171,
        227,
        117,
        254,
        175,
        109,
        137,
        262,
        145,
        167,
        213,
        202,
        102,
        174,
        270,
        207,
        61,
        75,
        206,
        149,
        197,
        189,
        102,
        224,
        192,
        262,
        259,
        204,
        164,
        299,
        245,
        176,
        61,
        92,
        300,
        214,
        280,
        235,
        189,
        200,
        156,
        188,
        2,
        181,
        95,
        117,
        189,
        263,
        0,
        185,
        94,
        221,
        46,
        2,
        251,
        112,
        236,
        91,
        49,
        218,
        89,
        243,
        154,
        230,
        218,
        195,
        272,
        116,
        190],
    [   83,
        153,
        78,
        151,
        86,
        117,
        122,
        107,
        96,
        96,
        98,
        38,
        94,
        120,
        59,
        93,
        56,
        171,
        110,
        103,
        158,
        69,
        191,
        111,
        104,
        103,
        86,
        85,
        94,
        91,
        127,
        99,
        81,
        137,
        176,
        124,
        183,
        114,
        53,
        113,
        146,
        33,
        36,
        185,
        127,
        92,
        94,
        102,
        89,
        185,
        0,
        110,
        184,
        175,
        184,
        75,
        118,
        59,
        177,
        136,
        188,
        137,
        128,
        106,
        78,
        41,
        24,
        92,
        71,
        47],
    [   188,
        177,
        174,
        139,
        192,
        159,
        26,
        46,
        202,
        52,
        74,
        127,
        166,
        19,
        127,
        203,
        151,
        116,
        48,
        174,
        164,
        150,
        209,
        96,
        186,
        98,
        195,
        194,
        168,
        69,
        236,
        195,
        81,
        33,
        139,
        234,
        219,
        221,
        163,
        167,
        192,
        76,
        127,
        93,
        169,
        28,
        22,
        161,
        198,
        94,
        110,
        0,
        225,
        110,
        92,
        184,
        111,
        168,
        139,
        57,
        225,
        28,
        209,
        62,
        176,
        133,
        127,
        202,
        42,
        134],
    [   155,
        50,
        133,
        104,
        162,
        69,
        250,
        256,
        161,
        251,
        265,
        220,
        94,
        243,
        125,
        184,
        139,
        162,
        181,
        86,
        72,
        119,
        44,
        131,
        97,
        279,
        180,
        176,
        95,
        258,
        188,
        128,
        255,
        225,
        135,
        199,
        8,
        167,
        185,
        71,
        38,
        191,
        149,
        223,
        59,
        197,
        229,
        82,
        177,
        221,
        184,
        225,
        0,
        177,
        222,
        175,
        117,
        174,
        137,
        193,
        7,
        249,
        89,
        265,
        135,
        220,
        165,
        195,
        190,
        139],
    [   224,
        129,
        202,
        73,
        231,
        138,
        131,
        156,
        238,
        161,
        182,
        208,
        170,
        124,
        150,
        249,
        184,
        15,
        70,
        173,
        105,
        170,
        143,
        72,
        192,
        207,
        242,
        239,
        173,
        177,
        276,
        217,
        186,
        85,
        46,
        279,
        169,
        255,
        219,
        153,
        159,
        150,
        169,
        48,
        143,
        98,
        130,
        155,
        243,
        46,
        175,
        110,
        177,
        0,
        48,
        231,
        77,
        218,
        44,
        52,
        174,
        116,
        208,
        172,
        204,
        213,
        179,
        254,
        114,
        168],
    [   247,
        172,
        227,
        118,
        253,
        176,
        107,
        135,
        262,
        144,
        166,
        211,
        202,
        100,
        174,
        269,
        207,
        62,
        74,
        207,
        150,
        196,
        191,
        102,
        224,
        190,
        262,
        259,
        204,
        162,
        299,
        245,
        174,
        60,
        94,
        300,
        215,
        280,
        234,
        190,
        201,
        155,
        188,
        0,
        182,
        94,
        115,
        189,
        263,
        2,
        184,
        92,
        222,
        48,
        0,
        251,
        113,
        236,
        92,
        48,
        219,
        87,
        243,
        152,
        230,
        217,
        194,
        272,
        114,
        190],
    [   22,
        165,
        43,
        187,
        17,
        126,
        198,
        181,
        26,
        170,
        168,
        81,
        85,
        195,
        83,
        18,
        49,
        224,
        176,
        91,
        180,
        68,
        199,
        160,
        78,
        167,
        11,
        9,
        84,
        162,
        51,
        50,
        149,
        210,
        220,
        49,
        178,
        41,
        25,
        113,
        142,
        108,
        63,
        251,
        132,
        164,
        170,
        103,
        13,
        251,
        75,
        184,
        175,
        231,
        251,
        0,
        160,
        16,
        221,
        202,
        182,
        212,
        92,
        178,
        40,
        77,
        57,
        23,
        143,
        63],
    [   150,
        67,
        126,
        34,
        157,
        62,
        137,
        148,
        164,
        147,
        165,
        156,
        93,
        130,
        77,
        177,
        111,
        66,
        65,
        96,
        54,
        95,
        98,
        15,
        114,
        185,
        170,
        166,
        95,
        158,
        201,
        140,
        160,
        108,
        60,
        205,
        111,
        180,
        152,
        77,
        89,
        105,
        100,
        113,
        69,
        84,
        120,
        78,
        170,
        112,
        118,
        111,
        117,
        77,
        113,
        160,
        0,
        148,
        61,
        76,
        116,
        133,
        131,
        160,
        129,
        159,
        114,
        183,
        85,
        97],
    [   30,
        159,
        42,
        177,
        29,
        120,
        181,
        165,
        39,
        154,
        152,
        67,
        82,
        179,
        72,
        34,
        40,
        211,
        161,
        88,
        173,
        60,
        195,
        147,
        78,
        152,
        27,
        26,
        80,
        147,
        68,
        56,
        134,
        194,
        209,
        65,
        176,
        57,
        12,
        109,
        139,
        91,
        49,
        236,
        127,
        148,
        153,
        98,
        30,
        236,
        59,
        168,
        174,
        218,
        236,
        16,
        148,
        0,
        209,
        187,
        180,
        195,
        96,
        162,
        40,
        63,
        41,
        36,
        127,
        51],
    [   209,
        91,
        185,
        38,
        217,
        110,
        163,
        183,
        223,
        186,
        206,
        213,
        148,
        156,
        138,
        237,
        172,
        29,
        92,
        149,
        65,
        154,
        100,
        65,
        168,
        229,
        230,
        227,
        150,
        200,
        260,
        197,
        206,
        121,
        1,
        265,
        129,
        238,
        213,
        126,
        124,
        159,
        162,
        93,
        112,
        120,
        155,
        131,
        230,
        91,
        177,
        139,
        137,
        44,
        92,
        221,
        61,
        209,
        0,
        84,
        132,
        152,
        181,
        198,
        188,
        217,
        174,
        244,
        129,
        158],
    [   200,
        143,
        180,
        94,
        206,
        137,
        80,
        103,
        214,
        108,
        130,
        165,
        158,
        72,
        127,
        221,
        159,
        59,
        26,
        164,
        124,
        150,
        168,
        63,
        180,
        155,
        214,
        211,
        161,
        125,
        251,
        199,
        135,
        36,
        85,
        252,
        186,
        233,
        186,
        150,
        166,
        107,
        140,
        49,
        145,
        49,
        78,
        148,
        215,
        49,
        136,
        57,
        193,
        52,
        48,
        202,
        76,
        187,
        84,
        0,
        191,
        67,
        201,
        119,
        183,
        170,
        146,
        223,
        68,
        142],
    [   161,
        48,
        139,
        101,
        168,
        72,
        251,
        257,
        168,
        253,
        267,
        225,
        99,
        244,
        129,
        191,
        144,
        158,
        181,
        92,
        69,
        124,
        37,
        130,
        104,
        282,
        186,
        182,
        100,
        260,
        196,
        135,
        257,
        224,
        131,
        206,
        5,
        174,
        190,
        75,
        42,
        194,
        154,
        220,
        61,
        197,
        230,
        86,
        184,
        218,
        188,
        225,
        7,
        174,
        219,
        182,
        116,
        180,
        132,
        191,
        0,
        249,
        96,
        266,
        141,
        225,
        170,
        201,
        191,
        143],
    [   216,
        200,
        203,
        158,
        220,
        185,
        21,
        51,
        230,
        62,
        82,
        150,
        194,
        18,
        155,
        230,
        179,
        125,
        68,
        202,
        186,
        178,
        230,
        118,
        214,
        107,
        223,
        221,
        196,
        80,
        263,
        224,
        95,
        31,
        152,
        261,
        243,
        249,
        189,
        194,
        217,
        103,
        156,
        87,
        195,
        55,
        43,
        188,
        225,
        89,
        137,
        28,
        249,
        116,
        87,
        212,
        133,
        195,
        152,
        67,
        249,
        0,
        237,
        67,
        204,
        156,
        155,
        229,
        71,
        163],
    [   70,
        98,
        55,
        143,
        76,
        71,
        231,
        226,
        74,
        217,
        224,
        156,
        43,
        226,
        82,
        97,
        72,
        196,
        180,
        36,
        122,
        62,
        123,
        140,
        24,
        232,
        94,
        90,
        41,
        217,
        99,
        42,
        209,
        223,
        179,
        109,
        94,
        78,
        108,
        55,
        65,
        149,
        93,
        244,
        69,
        182,
        204,
        53,
        91,
        243,
        128,
        209,
        89,
        208,
        243,
        92,
        131,
        96,
        181,
        201,
        96,
        237,
        0,
        229,
        56,
        154,
        104,
        108,
        167,
        82],
    [   189,
        222,
        183,
        193,
        191,
        195,
        46,
        16,
        201,
        13,
        16,
        102,
        190,
        51,
        149,
        194,
        160,
        177,
        106,
        198,
        214,
        167,
        257,
        146,
        205,
        39,
        188,
        188,
        190,
        17,
        229,
        204,
        33,
        92,
        199,
        224,
        261,
        219,
        153,
        199,
        229,
        80,
        137,
        152,
        206,
        78,
        42,
        190,
        192,
        154,
        106,
        62,
        265,
        172,
        152,
        178,
        160,
        162,
        198,
        119,
        266,
        67,
        229,
        0,
        184,
        108,
        129,
        190,
        76,
        147],
    [   22,
        126,
        2,
        153,
        29,
        87,
        194,
        183,
        34,
        173,
        176,
        101,
        46,
        190,
        55,
        52,
        25,
        195,
        158,
        51,
        142,
        34,
        159,
        132,
        38,
        181,
        46,
        42,
        44,
        170,
        71,
        20,
        160,
        196,
        187,
        76,
        137,
        51,
        52,
        73,
        102,
        105,
        48,
        230,
        93,
        152,
        166,
        64,
        44,
        230,
        78,
        176,
        135,
        204,
        230,
        40,
        129,
        40,
        188,
        183,
        141,
        204,
        56,
        184,
        0,
        98,
        54,
        61,
        133,
        41],
    [   94,
        193,
        99,
        193,
        93,
        155,
        138,
        115,
        102,
        103,
        95,
        6,
        127,
        138,
        97,
        90,
        83,
        210,
        145,
        136,
        199,
        101,
        231,
        152,
        132,
        90,
        85,
        86,
        127,
        91,
        124,
        117,
        76,
        164,
        217,
        117,
        220,
        118,
        52,
        149,
        183,
        62,
        71,
        217,
        165,
        122,
        113,
        138,
        89,
        218,
        41,
        133,
        220,
        213,
        217,
        77,
        159,
        63,
        217,
        170,
        225,
        156,
        154,
        108,
        98,
        0,
        55,
        84,
        102,
        81],
    [   61,
        139,
        54,
        145,
        65,
        100,
        143,
        129,
        74,
        119,
        122,
        55,
        73,
        140,
        43,
        76,
        32,
        173,
        120,
        82,
        147,
        47,
        177,
        110,
        81,
        127,
        68,
        66,
        72,
        115,
        108,
        75,
        105,
        152,
        174,
        107,
        165,
        93,
        40,
        94,
        127,
        53,
        16,
        195,
        110,
        107,
        115,
        83,
        70,
        195,
        24,
        127,
        165,
        179,
        194,
        57,
        114,
        41,
        174,
        146,
        170,
        155,
        104,
        129,
        54,
        55,
        0,
        77,
        86,
        26],
    [   40,
        187,
        64,
        210,
        33,
        148,
        214,
        195,
        35,
        183,
        178,
        89,
        107,
        212,
        106,
        11,
        72,
        246,
        197,
        112,
        203,
        91,
        221,
        183,
        97,
        174,
        14,
        19,
        105,
        174,
        40,
        66,
        159,
        229,
        243,
        33,
        198,
        41,
        39,
        135,
        163,
        125,
        85,
        272,
        154,
        183,
        186,
        125,
        17,
        272,
        92,
        202,
        195,
        254,
        272,
        23,
        183,
        36,
        244,
        223,
        201,
        229,
        108,
        190,
        61,
        84,
        77,
        0,
        162,
        86],
    [   146,
        146,
        132,
        118,
        150,
        122,
        64,
        65,
        160,
        62,
        79,
        97,
        124,
        58,
        85,
        162,
        108,
        114,
        43,
        132,
        138,
        107,
        181,
        71,
        143,
        100,
        155,
        153,
        126,
        73,
        194,
        152,
        77,
        66,
        130,
        193,
        186,
        179,
        123,
        128,
        155,
        40,
        85,
        115,
        132,
        21,
        38,
        121,
        157,
        116,
        71,
        42,
        190,
        114,
        114,
        143,
        85,
        127,
        129,
        68,
        191,
        71,
        167,
        76,
        133,
        102,
        86,
        162,
        0,
        91],
    [   57,
        114,
        40,
        126,
        63,
        75,
        153,
        144,
        72,
        135,
        141,
        81,
        47,
        149,
        20,
        81,
        17,
        160,
        117,
        56,
        124,
        21,
        151,
        97,
        58,
        149,
        73,
        70,
        47,
        134,
        108,
        60,
        126,
        155,
        157,
        110,
        139,
        90,
        55,
        68,
        101,
        67,
        11,
        191,
        84,
        110,
        125,
        57,
        74,
        190,
        47,
        134,
        139,
        168,
        190,
        63,
        97,
        51,
        158,
        142,
        143,
        163,
        82,
        147,
        41,
        81,
        26,
        86,
        91,
        0]]
;
task=[   654,
    344,
    337,
    248,
    469,
    313,
    306,
    94,
    217,
    22,
    302,
    73,
    61,
    192,
    461,
    513,
    459,
    48,
    106,
    329,
    59,
    71,
    217,
    324,
    43,
    125,
    638,
    659,
    279,
    375,
    469,
    43,
    169,
    72,
    157,
    504,
    295,
    107,
    202,
    168,
    125,
    525,
    221,
    41,
    386,
    99,
    303,
    446,
    398,
    122,
    526,
    223,
    3,
    274,
    124,
    368,
    205,
    0,
    95,
    106,
    35,
    325,
    383,
    155,
    366,
    122,
    624,
    506,
    298,
    71]
;
minW=[   27,
    147,
    -50,
    136,
    23,
    47,
    93,
    156,
    -19,
    61,
    83,
    -20,
    -16,
    143,
    32,
    -27,
    24,
    167,
    107,
    76,
    125,
    -9,
    107,
    75,
    68,
    142,
    -24,
    -17,
    28,
    142,
    31,
    -17,
    119,
    137,
    196,
    31,
    115,
    52,
    -82,
    46,
    50,
    2,
    31,
    219,
    44,
    72,
    147,
    63,
    -3,
    217,
    42,
    92,
    126,
    144,
    190,
    10,
    61,
    0,
    176,
    140,
    138,
    177,
    63,
    153,
    -48,
    -12,
    -48,
    34,
    78,
    42]
;
maxW=[   103,
    165,
    90,
    203,
    59,
    146,
    270,
    206,
    57,
    170,
    163,
    166,
    107,
    198,
    120,
    76,
    87,
    286,
    194,
    97,
    271,
    142,
    272,
    212,
    129,
    196,
    85,
    63,
    127,
    220,
    99,
    88,
    143,
    214,
    234,
    138,
    233,
    66,
    86,
    124,
    214,
    190,
    81,
    332,
    165,
    228,
    242,
    148,
    117,
    272,
    124,
    258,
    215,
    273,
    302,
    64,
    172,
    720,
    294,
    268,
    222,
    214,
    135,
    200,
    42,
    114,
    119,
    65,
    215,
    74]
;