// Generated by InstanceGenerator.py v0.1
// Juan Francisco Martinez Vera
// AMMM - MIRI, FIB UPC
//
// RAND_SEED=1484783301

bigM=100000;

nLocations=70;
startLocation=43;
distances=[   [   0,
        22,
        115,
        103,
        17,
        74,
        83,
        108,
        123,
        120,
        108,
        117,
        80,
        89,
        166,
        150,
        145,
        112,
        89,
        86,
        143,
        56,
        159,
        112,
        78,
        175,
        38,
        64,
        86,
        128,
        145,
        160,
        95,
        132,
        44,
        128,
        176,
        33,
        163,
        166,
        169,
        61,
        159,
        59,
        7,
        171,
        108,
        139,
        62,
        60,
        39,
        156,
        134,
        96,
        143,
        169,
        63,
        121,
        94,
        21,
        89,
        109,
        62,
        72,
        145,
        109,
        137,
        173,
        79,
        104],
    [   22,
        0,
        134,
        86,
        36,
        90,
        76,
        87,
        101,
        103,
        86,
        131,
        69,
        68,
        166,
        162,
        165,
        114,
        94,
        86,
        135,
        33,
        174,
        125,
        83,
        192,
        17,
        73,
        66,
        151,
        131,
        178,
        96,
        112,
        54,
        148,
        176,
        55,
        173,
        186,
        170,
        78,
        164,
        81,
        24,
        167,
        114,
        160,
        40,
        38,
        16,
        169,
        112,
        75,
        160,
        188,
        45,
        134,
        116,
        22,
        104,
        123,
        41,
        91,
        162,
        121,
        124,
        176,
        98,
        81],
    [   115,
        134,
        0,
        219,
        116,
        135,
        194,
        222,
        213,
        236,
        220,
        41,
        141,
        202,
        259,
        202,
        146,
        204,
        180,
        105,
        252,
        163,
        198,
        46,
        84,
        196,
        142,
        151,
        170,
        98,
        260,
        175,
        192,
        247,
        140,
        135,
        266,
        85,
        221,
        173,
        258,
        128,
        238,
        63,
        120,
        272,
        192,
        143,
        162,
        160,
        147,
        206,
        225,
        188,
        175,
        181,
        153,
        44,
        76,
        115,
        147,
        39,
        175,
        43,
        173,
        172,
        250,
        257,
        36,
        201],
    [   103,
        86,
        219,
        0,
        105,
        129,
        47,
        24,
        105,
        17,
        40,
        217,
        131,
        36,
        122,
        168,
        207,
        95,
        92,
        164,
        69,
        69,
        188,
        211,
        167,
        215,
        85,
        98,
        105,
        212,
        47,
        209,
        82,
        40,
        94,
        193,
        134,
        135,
        170,
        220,
        131,
        122,
        142,
        160,
        98,
        109,
        107,
        203,
        80,
        82,
        79,
        176,
        109,
        94,
        184,
        218,
        97,
        221,
        184,
        108,
        135,
        210,
        51,
        176,
        188,
        135,
        47,
        142,
        182,
        84],
    [   17,
        36,
        116,
        105,
        0,
        57,
        78,
        113,
        137,
        121,
        116,
        123,
        97,
        97,
        155,
        133,
        129,
        99,
        76,
        101,
        137,
        69,
        142,
        119,
        91,
        158,
        53,
        49,
        102,
        115,
        144,
        143,
        83,
        138,
        30,
        112,
        164,
        30,
        147,
        150,
        157,
        44,
        145,
        55,
        12,
        162,
        94,
        124,
        76,
        75,
        52,
        140,
        149,
        111,
        126,
        153,
        80,
        127,
        83,
        38,
        72,
        115,
        71,
        75,
        128,
        92,
        134,
        160,
        79,
        118],
    [   74,
        90,
        135,
        129,
        57,
        0,
        85,
        146,
        189,
        141,
        153,
        157,
        154,
        136,
        125,
        78,
        79,
        72,
        51,
        154,
        131,
        119,
        85,
        155,
        141,
        102,
        108,
        30,
        157,
        86,
        154,
        88,
        65,
        169,
        39,
        64,
        131,
        68,
        94,
        96,
        124,
        12,
        103,
        76,
        68,
        142,
        58,
        74,
        129,
        128,
        105,
        84,
        200,
        164,
        69,
        98,
        135,
        161,
        68,
        96,
        15,
        149,
        115,
        106,
        71,
        39,
        139,
        122,
        105,
        168],
    [   83,
        76,
        194,
        47,
        78,
        85,
        0,
        69,
        138,
        56,
        82,
        200,
        140,
        69,
        92,
        122,
        161,
        51,
        44,
        162,
        60,
        80,
        140,
        196,
        159,
        168,
        86,
        54,
        123,
        171,
        70,
        162,
        35,
        88,
        56,
        148,
        104,
        108,
        124,
        172,
        98,
        81,
        101,
        131,
        76,
        90,
        61,
        157,
        93,
        94,
        79,
        129,
        145,
        119,
        136,
        171,
        108,
        205,
        147,
        98,
        89,
        193,
        63,
        153,
        141,
        88,
        57,
        107,
        157,
        115],
    [   108,
        87,
        222,
        24,
        113,
        146,
        69,
        0,
        82,
        32,
        16,
        216,
        119,
        22,
        146,
        191,
        225,
        119,
        113,
        156,
        92,
        62,
        210,
        209,
        162,
        236,
        82,
        116,
        89,
        225,
        62,
        229,
        104,
        24,
        108,
        210,
        159,
        141,
        193,
        239,
        155,
        138,
        166,
        167,
        104,
        132,
        130,
        220,
        70,
        73,
        76,
        198,
        85,
        75,
        204,
        238,
        87,
        219,
        195,
        108,
        153,
        209,
        47,
        178,
        208,
        156,
        67,
        167,
        186,
        63],
    [   123,
        101,
        213,
        105,
        137,
        189,
        138,
        82,
        0,
        115,
        66,
        192,
        74,
        70,
        226,
        253,
        266,
        189,
        176,
        117,
        174,
        70,
        268,
        184,
        133,
        290,
        84,
        166,
        43,
        251,
        144,
        278,
        171,
        88,
        150,
        250,
        238,
        152,
        260,
        286,
        234,
        178,
        239,
        175,
        125,
        214,
        196,
        261,
        61,
        62,
        84,
        260,
        12,
        26,
        257,
        287,
        62,
        194,
        215,
        108,
        202,
        186,
        77,
        172,
        260,
        213,
        150,
        244,
        182,
        22],
    [   120,
        103,
        236,
        17,
        121,
        141,
        56,
        32,
        115,
        0,
        48,
        235,
        147,
        50,
        117,
        173,
        218,
        99,
        99,
        181,
        60,
        86,
        194,
        229,
        184,
        222,
        103,
        110,
        120,
        225,
        30,
        217,
        88,
        37,
        108,
        204,
        130,
        151,
        173,
        228,
        127,
        135,
        141,
        176,
        115,
        100,
        113,
        213,
        97,
        99,
        96,
        180,
        118,
        107,
        192,
        226,
        114,
        238,
        199,
        126,
        145,
        227,
        68,
        193,
        196,
        143,
        34,
        140,
        199,
        96],
    [   108,
        86,
        220,
        40,
        116,
        153,
        82,
        16,
        66,
        48,
        0,
        211,
        108,
        18,
        162,
        203,
        233,
        133,
        125,
        147,
        108,
        56,
        221,
        204,
        155,
        247,
        77,
        125,
        76,
        230,
        77,
        239,
        117,
        29,
        115,
        218,
        174,
        141,
        206,
        248,
        171,
        144,
        181,
        167,
        106,
        148,
        143,
        228,
        61,
        64,
        72,
        211,
        69,
        61,
        215,
        248,
        77,
        214,
        199,
        105,
        162,
        204,
        45,
        176,
        219,
        167,
        83,
        182,
        184,
        48],
    [   117,
        131,
        41,
        217,
        123,
        157,
        200,
        216,
        192,
        235,
        211,
        0,
        117,
        194,
        276,
        230,
        183,
        220,
        196,
        76,
        260,
        154,
        229,
        8,
        59,
        231,
        134,
        167,
        149,
        136,
        262,
        210,
        206,
        239,
        151,
        169,
        284,
        95,
        249,
        209,
        277,
        147,
        259,
        81,
        124,
        285,
        211,
        178,
        149,
        146,
        140,
        235,
        203,
        169,
        207,
        216,
        137,
        4,
        109,
        108,
        171,
        7,
        169,
        51,
        206,
        196,
        254,
        278,
        52,
        184],
    [   80,
        69,
        141,
        131,
        97,
        154,
        140,
        119,
        74,
        147,
        108,
        117,
        0,
        97,
        232,
        230,
        222,
        183,
        163,
        42,
        194,
        62,
        239,
        109,
        58,
        255,
        54,
        142,
        34,
        195,
        178,
        239,
        164,
        138,
        122,
        205,
        243,
        97,
        242,
        245,
        237,
        142,
        233,
        114,
        86,
        229,
        183,
        216,
        50,
        48,
        61,
        237,
        86,
        54,
        223,
        248,
        33,
        119,
        159,
        58,
        170,
        112,
        81,
        104,
        225,
        188,
        177,
        244,
        114,
        70],
    [   89,
        68,
        202,
        36,
        97,
        136,
        69,
        22,
        70,
        50,
        18,
        194,
        97,
        0,
        156,
        189,
        216,
        121,
        111,
        134,
        105,
        40,
        207,
        188,
        140,
        232,
        60,
        108,
        69,
        212,
        81,
        222,
        104,
        44,
        97,
        200,
        168,
        123,
        194,
        232,
        164,
        127,
        171,
        149,
        87,
        145,
        130,
        211,
        48,
        50,
        55,
        197,
        75,
        57,
        199,
        231,
        64,
        198,
        180,
        87,
        146,
        187,
        27,
        158,
        203,
        152,
        83,
        174,
        166,
        48],
    [   166,
        166,
        259,
        122,
        155,
        125,
        92,
        146,
        226,
        117,
        162,
        276,
        232,
        156,
        0,
        93,
        168,
        55,
        79,
        251,
        59,
        172,
        115,
        273,
        245,
        146,
        177,
        108,
        216,
        201,
        102,
        152,
        71,
        155,
        124,
        162,
        12,
        181,
        80,
        165,
        10,
        130,
        39,
        197,
        158,
        29,
        66,
        166,
        186,
        187,
        171,
        98,
        231,
        210,
        127,
        158,
        201,
        280,
        193,
        185,
        115,
        268,
        155,
        225,
        132,
        94,
        87,
        24,
        226,
        204],
    [   150,
        162,
        202,
        168,
        133,
        78,
        122,
        191,
        253,
        173,
        203,
        230,
        230,
        189,
        93,
        0,
        79,
        74,
        78,
        233,
        134,
        185,
        22,
        230,
        219,
        53,
        179,
        89,
        227,
        122,
        172,
        59,
        86,
        209,
        107,
        78,
        92,
        146,
        20,
        71,
        86,
        90,
        55,
        150,
        143,
        121,
        60,
        78,
        197,
        197,
        175,
        7,
        262,
        230,
        36,
        64,
        207,
        235,
        127,
        172,
        62,
        224,
        175,
        181,
        40,
        41,
        155,
        76,
        178,
        230],
    [   145,
        165,
        146,
        207,
        129,
        79,
        161,
        225,
        266,
        218,
        233,
        183,
        222,
        216,
        168,
        79,
        0,
        131,
        120,
        210,
        196,
        197,
        63,
        185,
        191,
        50,
        183,
        109,
        231,
        50,
        227,
        29,
        133,
        248,
        118,
        16,
        169,
        124,
        98,
        26,
        162,
        89,
        132,
        114,
        141,
        194,
        114,
        5,
        205,
        204,
        181,
        78,
        277,
        240,
        43,
        34,
        209,
        187,
        73,
        164,
        72,
        177,
        194,
        141,
        38,
        79,
        210,
        154,
        134,
        246],
    [   112,
        114,
        204,
        95,
        99,
        72,
        51,
        119,
        189,
        99,
        133,
        220,
        183,
        121,
        55,
        74,
        131,
        0,
        23,
        198,
        64,
        127,
        95,
        217,
        190,
        125,
        128,
        53,
        171,
        154,
        99,
        123,
        18,
        135,
        69,
        121,
        64,
        125,
        74,
        135,
        57,
        76,
        51,
        141,
        104,
        70,
        17,
        127,
        140,
        141,
        122,
        81,
        196,
        169,
        97,
        131,
        153,
        224,
        141,
        131,
        66,
        212,
        113,
        169,
        102,
        51,
        82,
        62,
        171,
        166],
    [   89,
        94,
        180,
        92,
        76,
        51,
        44,
        113,
        176,
        99,
        125,
        196,
        163,
        111,
        79,
        78,
        120,
        23,
        0,
        175,
        79,
        110,
        96,
        193,
        167,
        123,
        108,
        29,
        154,
        137,
        106,
        117,
        13,
        133,
        45,
        108,
        88,
        101,
        83,
        129,
        81,
        53,
        70,
        118,
        81,
        92,
        20,
        116,
        123,
        123,
        103,
        85,
        184,
        154,
        92,
        126,
        135,
        201,
        120,
        109,
        49,
        189,
        98,
        145,
        96,
        43,
        90,
        84,
        147,
        153],
    [   86,
        86,
        105,
        164,
        101,
        154,
        162,
        156,
        117,
        181,
        147,
        76,
        42,
        134,
        251,
        233,
        210,
        198,
        175,
        0,
        221,
        94,
        238,
        68,
        21,
        250,
        79,
        150,
        77,
        175,
        211,
        231,
        180,
        176,
        131,
        193,
        261,
        88,
        247,
        235,
        255,
        142,
        246,
        96,
        94,
        253,
        194,
        204,
        86,
        83,
        86,
        239,
        128,
        97,
        220,
        240,
        69,
        77,
        140,
        66,
        170,
        72,
        113,
        75,
        220,
        192,
        207,
        260,
        85,
        112],
    [   143,
        135,
        252,
        69,
        137,
        131,
        60,
        92,
        174,
        60,
        108,
        260,
        194,
        105,
        59,
        134,
        196,
        64,
        79,
        221,
        0,
        131,
        156,
        256,
        219,
        187,
        142,
        104,
        171,
        217,
        42,
        188,
        65,
        96,
        112,
        185,
        71,
        167,
        128,
        200,
        69,
        131,
        90,
        189,
        136,
        40,
        82,
        192,
        144,
        145,
        135,
        140,
        178,
        162,
        161,
        195,
        160,
        264,
        198,
        157,
        128,
        253,
        112,
        212,
        166,
        116,
        27,
        83,
        216,
        153],
    [   56,
        33,
        163,
        69,
        69,
        119,
        80,
        62,
        70,
        86,
        56,
        154,
        62,
        40,
        172,
        185,
        197,
        127,
        110,
        94,
        131,
        0,
        199,
        147,
        99,
        220,
        21,
        97,
        44,
        184,
        116,
        208,
        109,
        85,
        81,
        180,
        184,
        89,
        194,
        216,
        179,
        108,
        178,
        114,
        57,
        168,
        131,
        191,
        13,
        14,
        17,
        192,
        80,
        45,
        187,
        217,
        29,
        157,
        150,
        49,
        132,
        147,
        19,
        120,
        190,
        145,
        114,
        187,
        128,
        49],
    [   159,
        174,
        198,
        188,
        142,
        85,
        140,
        210,
        268,
        194,
        221,
        229,
        239,
        207,
        115,
        22,
        63,
        95,
        96,
        238,
        156,
        199,
        0,
        229,
        223,
        30,
        191,
        102,
        240,
        110,
        194,
        38,
        106,
        228,
        119,
        66,
        113,
        150,
        37,
        50,
        108,
        97,
        76,
        151,
        153,
        144,
        80,
        63,
        210,
        210,
        187,
        17,
        277,
        244,
        22,
        43,
        219,
        233,
        121,
        181,
        69,
        223,
        190,
        181,
        25,
        54,
        177,
        97,
        177,
        246],
    [   112,
        125,
        46,
        211,
        119,
        155,
        196,
        209,
        184,
        229,
        204,
        8,
        109,
        188,
        273,
        230,
        185,
        217,
        193,
        68,
        256,
        147,
        229,
        0,
        51,
        232,
        127,
        164,
        142,
        139,
        256,
        211,
        202,
        232,
        148,
        171,
        281,
        92,
        248,
        211,
        274,
        145,
        257,
        80,
        119,
        282,
        208,
        180,
        142,
        139,
        133,
        235,
        195,
        161,
        208,
        218,
        129,
        10,
        111,
        102,
        170,
        7,
        162,
        49,
        207,
        195,
        249,
        275,
        52,
        176],
    [   78,
        83,
        84,
        167,
        91,
        141,
        159,
        162,
        133,
        184,
        155,
        59,
        58,
        140,
        245,
        219,
        191,
        190,
        167,
        21,
        219,
        99,
        223,
        51,
        0,
        233,
        81,
        140,
        90,
        155,
        213,
        214,
        173,
        184,
        121,
        175,
        254,
        73,
        235,
        217,
        248,
        129,
        236,
        77,
        86,
        249,
        185,
        186,
        93,
        90,
        88,
        225,
        144,
        110,
        204,
        222,
        79,
        61,
        120,
        61,
        156,
        53,
        116,
        54,
        204,
        180,
        208,
        251,
        64,
        125],
    [   175,
        192,
        196,
        215,
        158,
        102,
        168,
        236,
        290,
        222,
        247,
        231,
        255,
        232,
        146,
        53,
        50,
        125,
        123,
        250,
        187,
        220,
        30,
        232,
        233,
        0,
        210,
        124,
        259,
        101,
        224,
        21,
        134,
        256,
        139,
        61,
        143,
        162,
        66,
        28,
        138,
        114,
        106,
        157,
        170,
        174,
        109,
        53,
        231,
        230,
        207,
        48,
        300,
        266,
        33,
        18,
        238,
        235,
        121,
        197,
        88,
        225,
        214,
        186,
        30,
        80,
        207,
        126,
        180,
        268],
    [   38,
        17,
        142,
        85,
        53,
        108,
        86,
        82,
        84,
        103,
        77,
        134,
        54,
        60,
        177,
        179,
        183,
        128,
        108,
        79,
        142,
        21,
        191,
        127,
        81,
        210,
        0,
        90,
        49,
        167,
        132,
        196,
        110,
        105,
        72,
        166,
        188,
        69,
        190,
        203,
        182,
        96,
        179,
        94,
        41,
        176,
        129,
        177,
        23,
        21,
        7,
        186,
        95,
        58,
        177,
        206,
        27,
        137,
        132,
        28,
        122,
        126,
        35,
        99,
        180,
        138,
        128,
        189,
        107,
        65],
    [   64,
        73,
        151,
        98,
        49,
        30,
        54,
        116,
        166,
        110,
        125,
        167,
        142,
        108,
        108,
        89,
        109,
        53,
        29,
        150,
        104,
        97,
        102,
        164,
        140,
        124,
        90,
        0,
        138,
        116,
        124,
        114,
        40,
        138,
        19,
        94,
        117,
        72,
        100,
        123,
        110,
        27,
        96,
        89,
        56,
        120,
        45,
        104,
        108,
        108,
        86,
        96,
        176,
        142,
        91,
        123,
        117,
        171,
        94,
        85,
        37,
        159,
        89,
        116,
        95,
        48,
        109,
        112,
        118,
        144],
    [   86,
        66,
        170,
        105,
        102,
        157,
        123,
        89,
        43,
        120,
        76,
        149,
        34,
        69,
        216,
        227,
        231,
        171,
        154,
        77,
        171,
        44,
        240,
        142,
        90,
        259,
        49,
        138,
        0,
        211,
        150,
        245,
        153,
        105,
        121,
        214,
        227,
        112,
        237,
        252,
        222,
        145,
        222,
        134,
        90,
        209,
        174,
        226,
        30,
        30,
        52,
        234,
        55,
        20,
        226,
        255,
        22,
        152,
        175,
        68,
        171,
        144,
        60,
        129,
        229,
        186,
        152,
        231,
        139,
        35],
    [   128,
        151,
        98,
        212,
        115,
        86,
        171,
        225,
        251,
        225,
        230,
        136,
        195,
        212,
        201,
        122,
        50,
        154,
        137,
        175,
        217,
        184,
        110,
        139,
        155,
        101,
        167,
        116,
        211,
        0,
        240,
        80,
        151,
        250,
        117,
        44,
        204,
        99,
        142,
        75,
        197,
        90,
        170,
        80,
        127,
        223,
        138,
        48,
        190,
        188,
        167,
        123,
        262,
        224,
        88,
        84,
        189,
        140,
        36,
        143,
        88,
        132,
        186,
        101,
        84,
        107,
        226,
        191,
        93,
        232],
    [   145,
        131,
        260,
        47,
        144,
        154,
        70,
        62,
        144,
        30,
        77,
        262,
        178,
        81,
        102,
        172,
        227,
        99,
        106,
        211,
        42,
        116,
        194,
        256,
        213,
        224,
        132,
        124,
        150,
        240,
        0,
        222,
        93,
        58,
        126,
        214,
        113,
        175,
        168,
        234,
        112,
        151,
        132,
        199,
        140,
        79,
        115,
        222,
        127,
        129,
        125,
        179,
        145,
        137,
        196,
        230,
        144,
        266,
        217,
        154,
        155,
        254,
        98,
        218,
        200,
        148,
        17,
        126,
        223,
        126],
    [   160,
        178,
        175,
        209,
        143,
        88,
        162,
        229,
        278,
        217,
        239,
        210,
        239,
        222,
        152,
        59,
        29,
        123,
        117,
        231,
        188,
        208,
        38,
        211,
        214,
        21,
        196,
        114,
        245,
        80,
        222,
        0,
        130,
        250,
        127,
        40,
        151,
        144,
        76,
        12,
        145,
        100,
        114,
        137,
        155,
        180,
        107,
        32,
        218,
        217,
        194,
        56,
        288,
        253,
        26,
        9,
        223,
        214,
        100,
        181,
        76,
        204,
        203,
        166,
        21,
        74,
        205,
        135,
        160,
        256],
    [   95,
        96,
        192,
        82,
        83,
        65,
        35,
        104,
        171,
        88,
        117,
        206,
        164,
        104,
        71,
        86,
        133,
        18,
        13,
        180,
        65,
        109,
        106,
        202,
        173,
        134,
        110,
        40,
        153,
        151,
        93,
        130,
        0,
        122,
        54,
        121,
        81,
        110,
        89,
        141,
        74,
        66,
        69,
        129,
        87,
        80,
        25,
        129,
        122,
        122,
        103,
        93,
        179,
        151,
        104,
        138,
        135,
        210,
        133,
        114,
        63,
        198,
        95,
        155,
        108,
        55,
        77,
        80,
        157,
        149],
    [   132,
        112,
        247,
        40,
        138,
        169,
        88,
        24,
        88,
        37,
        29,
        239,
        138,
        44,
        155,
        209,
        248,
        135,
        133,
        176,
        96,
        85,
        228,
        232,
        184,
        256,
        105,
        138,
        105,
        250,
        58,
        250,
        122,
        0,
        132,
        233,
        166,
        166,
        209,
        260,
        164,
        161,
        179,
        191,
        129,
        136,
        148,
        243,
        91,
        94,
        100,
        216,
        88,
        88,
        225,
        259,
        107,
        242,
        220,
        132,
        175,
        232,
        71,
        203,
        229,
        176,
        69,
        177,
        210,
        74],
    [   44,
        54,
        140,
        94,
        30,
        39,
        56,
        108,
        150,
        108,
        115,
        151,
        122,
        97,
        124,
        107,
        118,
        69,
        45,
        131,
        112,
        81,
        119,
        148,
        121,
        139,
        72,
        19,
        121,
        117,
        126,
        127,
        54,
        132,
        0,
        103,
        133,
        56,
        119,
        136,
        127,
        29,
        115,
        76,
        37,
        134,
        63,
        113,
        91,
        91,
        68,
        114,
        161,
        126,
        106,
        137,
        99,
        156,
        91,
        66,
        51,
        144,
        75,
        102,
        109,
        66,
        113,
        130,
        104,
        129],
    [   128,
        148,
        135,
        193,
        112,
        64,
        148,
        210,
        250,
        204,
        218,
        169,
        205,
        200,
        162,
        78,
        16,
        121,
        108,
        193,
        185,
        180,
        66,
        171,
        175,
        61,
        166,
        94,
        214,
        44,
        214,
        40,
        121,
        233,
        103,
        0,
        164,
        107,
        98,
        41,
        157,
        73,
        128,
        98,
        124,
        186,
        104,
        11,
        189,
        187,
        165,
        79,
        261,
        224,
        44,
        47,
        192,
        173,
        60,
        147,
        59,
        164,
        178,
        126,
        40,
        70,
        198,
        150,
        120,
        229],
    [   176,
        176,
        266,
        134,
        164,
        131,
        104,
        159,
        238,
        130,
        174,
        284,
        243,
        168,
        12,
        92,
        169,
        64,
        88,
        261,
        71,
        184,
        113,
        281,
        254,
        143,
        188,
        117,
        227,
        204,
        113,
        151,
        81,
        166,
        133,
        164,
        0,
        189,
        77,
        163,
        7,
        137,
        37,
        204,
        168,
        37,
        73,
        167,
        197,
        198,
        182,
        95,
        243,
        222,
        127,
        156,
        212,
        288,
        198,
        195,
        120,
        276,
        167,
        233,
        132,
        97,
        98,
        17,
        234,
        216],
    [   33,
        55,
        85,
        135,
        30,
        68,
        108,
        141,
        152,
        151,
        141,
        95,
        97,
        123,
        181,
        146,
        124,
        125,
        101,
        88,
        167,
        89,
        150,
        92,
        73,
        162,
        69,
        72,
        112,
        99,
        175,
        144,
        110,
        166,
        56,
        107,
        189,
        0,
        162,
        148,
        182,
        56,
        167,
        25,
        36,
        190,
        117,
        119,
        93,
        90,
        71,
        152,
        164,
        125,
        131,
        152,
        90,
        99,
        63,
        44,
        83,
        87,
        96,
        45,
        132,
        107,
        164,
        184,
        49,
        135],
    [   163,
        173,
        221,
        170,
        147,
        94,
        124,
        193,
        260,
        173,
        206,
        249,
        242,
        194,
        80,
        20,
        98,
        74,
        83,
        247,
        128,
        194,
        37,
        248,
        235,
        66,
        190,
        100,
        237,
        142,
        168,
        76,
        89,
        209,
        119,
        98,
        77,
        162,
        0,
        88,
        72,
        105,
        41,
        168,
        156,
        110,
        64,
        98,
        206,
        206,
        185,
        20,
        268,
        238,
        55,
        80,
        217,
        253,
        146,
        185,
        78,
        242,
        182,
        199,
        60,
        55,
        151,
        60,
        196,
        237],
    [   166,
        186,
        173,
        220,
        150,
        96,
        172,
        239,
        286,
        228,
        248,
        209,
        245,
        232,
        165,
        71,
        26,
        135,
        129,
        235,
        200,
        216,
        50,
        211,
        217,
        28,
        203,
        123,
        252,
        75,
        234,
        12,
        141,
        260,
        136,
        41,
        163,
        148,
        88,
        0,
        158,
        108,
        126,
        140,
        162,
        192,
        118,
        30,
        225,
        224,
        201,
        68,
        296,
        260,
        38,
        9,
        230,
        213,
        100,
        187,
        86,
        204,
        211,
        167,
        33,
        85,
        217,
        147,
        161,
        265],
    [   169,
        170,
        258,
        131,
        157,
        124,
        98,
        155,
        234,
        127,
        171,
        277,
        237,
        164,
        10,
        86,
        162,
        57,
        81,
        255,
        69,
        179,
        108,
        274,
        248,
        138,
        182,
        110,
        222,
        197,
        112,
        145,
        74,
        164,
        127,
        157,
        7,
        182,
        72,
        158,
        0,
        130,
        31,
        197,
        162,
        39,
        66,
        160,
        192,
        193,
        176,
        90,
        239,
        218,
        121,
        151,
        207,
        281,
        191,
        189,
        113,
        269,
        162,
        226,
        126,
        90,
        96,
        14,
        227,
        212],
    [   61,
        78,
        128,
        122,
        44,
        12,
        81,
        138,
        178,
        135,
        144,
        147,
        142,
        127,
        130,
        90,
        89,
        76,
        53,
        142,
        131,
        108,
        97,
        145,
        129,
        114,
        96,
        27,
        145,
        90,
        151,
        100,
        66,
        161,
        29,
        73,
        137,
        56,
        105,
        108,
        130,
        0,
        112,
        67,
        55,
        145,
        64,
        84,
        117,
        116,
        93,
        96,
        188,
        152,
        82,
        109,
        123,
        152,
        67,
        83,
        28,
        140,
        104,
        96,
        84,
        51,
        136,
        130,
        96,
        157],
    [   159,
        164,
        238,
        142,
        145,
        103,
        101,
        166,
        239,
        141,
        181,
        259,
        233,
        171,
        39,
        55,
        132,
        51,
        70,
        246,
        90,
        178,
        76,
        257,
        236,
        106,
        179,
        96,
        222,
        170,
        132,
        114,
        69,
        179,
        115,
        128,
        37,
        167,
        41,
        126,
        31,
        112,
        0,
        179,
        152,
        69,
        51,
        130,
        192,
        192,
        173,
        58,
        246,
        221,
        90,
        119,
        205,
        264,
        166,
        180,
        90,
        252,
        164,
        208,
        95,
        65,
        115,
        21,
        208,
        217],
    [   59,
        81,
        63,
        160,
        55,
        76,
        131,
        167,
        175,
        176,
        167,
        81,
        114,
        149,
        197,
        150,
        114,
        141,
        118,
        96,
        189,
        114,
        151,
        80,
        77,
        157,
        94,
        89,
        134,
        80,
        199,
        137,
        129,
        191,
        76,
        98,
        204,
        25,
        168,
        140,
        197,
        67,
        179,
        0,
        62,
        209,
        131,
        109,
        117,
        114,
        97,
        155,
        187,
        148,
        130,
        145,
        113,
        85,
        44,
        67,
        90,
        74,
        122,
        30,
        130,
        115,
        188,
        197,
        29,
        159],
    [   7,
        24,
        120,
        98,
        12,
        68,
        76,
        104,
        125,
        115,
        106,
        124,
        86,
        87,
        158,
        143,
        141,
        104,
        81,
        94,
        136,
        57,
        153,
        119,
        86,
        170,
        41,
        56,
        90,
        127,
        140,
        155,
        87,
        129,
        37,
        124,
        168,
        36,
        156,
        162,
        162,
        55,
        152,
        62,
        0,
        164,
        100,
        136,
        64,
        62,
        40,
        150,
        136,
        99,
        138,
        165,
        67,
        128,
        93,
        29,
        83,
        116,
        60,
        78,
        140,
        102,
        130,
        166,
        83,
        106],
    [   171,
        167,
        272,
        109,
        162,
        142,
        90,
        132,
        214,
        100,
        148,
        285,
        229,
        145,
        29,
        121,
        194,
        70,
        92,
        253,
        40,
        168,
        144,
        282,
        249,
        174,
        176,
        120,
        209,
        223,
        79,
        180,
        80,
        136,
        134,
        186,
        37,
        190,
        110,
        192,
        39,
        145,
        69,
        209,
        164,
        0,
        85,
        191,
        180,
        182,
        169,
        126,
        218,
        201,
        154,
        186,
        197,
        290,
        211,
        188,
        135,
        278,
        149,
        236,
        159,
        116,
        66,
        54,
        238,
        193],
    [   108,
        114,
        192,
        107,
        94,
        58,
        61,
        130,
        196,
        113,
        143,
        211,
        183,
        130,
        66,
        60,
        114,
        17,
        20,
        194,
        82,
        131,
        80,
        208,
        185,
        109,
        129,
        45,
        174,
        138,
        115,
        107,
        25,
        148,
        63,
        104,
        73,
        117,
        64,
        118,
        66,
        64,
        51,
        131,
        100,
        85,
        0,
        110,
        144,
        144,
        123,
        68,
        204,
        175,
        80,
        115,
        155,
        215,
        126,
        129,
        50,
        203,
        118,
        160,
        85,
        34,
        98,
        67,
        160,
        173],
    [   139,
        160,
        143,
        203,
        124,
        74,
        157,
        220,
        261,
        213,
        228,
        178,
        216,
        211,
        166,
        78,
        5,
        127,
        116,
        204,
        192,
        191,
        63,
        180,
        186,
        53,
        177,
        104,
        226,
        48,
        222,
        32,
        129,
        243,
        113,
        11,
        167,
        119,
        98,
        30,
        160,
        84,
        130,
        109,
        136,
        191,
        110,
        0,
        200,
        199,
        176,
        78,
        272,
        235,
        42,
        38,
        203,
        182,
        69,
        159,
        67,
        173,
        189,
        136,
        38,
        76,
        206,
        152,
        130,
        240],
    [   62,
        40,
        162,
        80,
        76,
        129,
        93,
        70,
        61,
        97,
        61,
        149,
        50,
        48,
        186,
        197,
        205,
        140,
        123,
        86,
        144,
        13,
        210,
        142,
        93,
        231,
        23,
        108,
        30,
        190,
        127,
        218,
        122,
        91,
        91,
        189,
        197,
        93,
        206,
        225,
        192,
        117,
        192,
        117,
        64,
        180,
        144,
        200,
        0,
        2,
        23,
        204,
        72,
        35,
        198,
        227,
        17,
        152,
        155,
        50,
        143,
        143,
        31,
        119,
        201,
        156,
        126,
        200,
        128,
        42],
    [   60,
        38,
        160,
        82,
        75,
        128,
        94,
        73,
        62,
        99,
        64,
        146,
        48,
        50,
        187,
        197,
        204,
        141,
        123,
        83,
        145,
        14,
        210,
        139,
        90,
        230,
        21,
        108,
        30,
        188,
        129,
        217,
        122,
        94,
        91,
        187,
        198,
        90,
        206,
        224,
        193,
        116,
        192,
        114,
        62,
        182,
        144,
        199,
        2,
        0,
        22,
        204,
        74,
        36,
        197,
        226,
        15,
        149,
        153,
        47,
        142,
        140,
        33,
        116,
        200,
        156,
        128,
        201,
        125,
        44],
    [   39,
        16,
        147,
        79,
        52,
        105,
        79,
        76,
        84,
        96,
        72,
        140,
        61,
        55,
        171,
        175,
        181,
        122,
        103,
        86,
        135,
        17,
        187,
        133,
        88,
        207,
        7,
        86,
        52,
        167,
        125,
        194,
        103,
        100,
        68,
        165,
        182,
        71,
        185,
        201,
        176,
        93,
        173,
        97,
        40,
        169,
        123,
        176,
        23,
        22,
        0,
        182,
        96,
        59,
        174,
        203,
        32,
        143,
        133,
        32,
        119,
        133,
        29,
        103,
        177,
        134,
        121,
        183,
        111,
        65],
    [   156,
        169,
        206,
        176,
        140,
        84,
        129,
        198,
        260,
        180,
        211,
        235,
        237,
        197,
        98,
        7,
        78,
        81,
        85,
        239,
        140,
        192,
        17,
        235,
        225,
        48,
        186,
        96,
        234,
        123,
        179,
        56,
        93,
        216,
        114,
        79,
        95,
        152,
        20,
        68,
        90,
        96,
        58,
        155,
        150,
        126,
        68,
        78,
        204,
        204,
        182,
        0,
        269,
        237,
        35,
        60,
        214,
        239,
        130,
        178,
        68,
        228,
        182,
        186,
        39,
        48,
        162,
        79,
        182,
        238],
    [   134,
        112,
        225,
        109,
        149,
        200,
        145,
        85,
        12,
        118,
        69,
        203,
        86,
        75,
        231,
        262,
        277,
        196,
        184,
        128,
        178,
        80,
        277,
        195,
        144,
        300,
        95,
        176,
        55,
        262,
        145,
        288,
        179,
        88,
        161,
        261,
        243,
        164,
        268,
        296,
        239,
        188,
        246,
        187,
        136,
        218,
        204,
        272,
        72,
        74,
        96,
        269,
        0,
        38,
        267,
        298,
        74,
        205,
        227,
        120,
        212,
        198,
        86,
        184,
        270,
        222,
        152,
        250,
        194,
        31],
    [   96,
        75,
        188,
        94,
        111,
        164,
        119,
        75,
        26,
        107,
        61,
        169,
        54,
        57,
        210,
        230,
        240,
        169,
        154,
        97,
        162,
        45,
        244,
        161,
        110,
        266,
        58,
        142,
        20,
        224,
        137,
        253,
        151,
        88,
        126,
        224,
        222,
        125,
        238,
        260,
        218,
        152,
        221,
        148,
        99,
        201,
        175,
        235,
        35,
        36,
        59,
        237,
        38,
        0,
        232,
        262,
        36,
        171,
        189,
        81,
        177,
        163,
        56,
        147,
        235,
        190,
        140,
        227,
        156,
        15],
    [   143,
        160,
        175,
        184,
        126,
        69,
        136,
        204,
        257,
        192,
        215,
        207,
        223,
        199,
        127,
        36,
        43,
        97,
        92,
        220,
        161,
        187,
        22,
        208,
        204,
        33,
        177,
        91,
        226,
        88,
        196,
        26,
        104,
        225,
        106,
        44,
        127,
        131,
        55,
        38,
        121,
        82,
        90,
        130,
        138,
        154,
        80,
        42,
        198,
        197,
        174,
        35,
        267,
        232,
        0,
        34,
        205,
        211,
        99,
        165,
        55,
        201,
        180,
        160,
        5,
        48,
        179,
        111,
        155,
        235],
    [   169,
        188,
        181,
        218,
        153,
        98,
        171,
        238,
        287,
        226,
        248,
        216,
        248,
        231,
        158,
        64,
        34,
        131,
        126,
        240,
        195,
        217,
        43,
        218,
        222,
        18,
        206,
        123,
        255,
        84,
        230,
        9,
        138,
        259,
        137,
        47,
        156,
        152,
        80,
        9,
        151,
        109,
        119,
        145,
        165,
        186,
        115,
        38,
        227,
        226,
        203,
        60,
        298,
        262,
        34,
        0,
        232,
        220,
        107,
        190,
        86,
        211,
        212,
        173,
        29,
        83,
        213,
        140,
        167,
        266],
    [   63,
        45,
        153,
        97,
        80,
        135,
        108,
        87,
        62,
        114,
        77,
        137,
        33,
        64,
        201,
        207,
        209,
        153,
        135,
        69,
        160,
        29,
        219,
        129,
        79,
        238,
        27,
        117,
        22,
        189,
        144,
        223,
        135,
        107,
        99,
        192,
        212,
        90,
        217,
        230,
        207,
        123,
        205,
        113,
        67,
        197,
        155,
        203,
        17,
        15,
        32,
        214,
        74,
        36,
        205,
        232,
        0,
        139,
        154,
        46,
        150,
        130,
        48,
        111,
        207,
        165,
        143,
        214,
        120,
        48],
    [   121,
        134,
        44,
        221,
        127,
        161,
        205,
        219,
        194,
        238,
        214,
        4,
        119,
        198,
        280,
        235,
        187,
        224,
        201,
        77,
        264,
        157,
        233,
        10,
        61,
        235,
        137,
        171,
        152,
        140,
        266,
        214,
        210,
        242,
        156,
        173,
        288,
        99,
        253,
        213,
        281,
        152,
        264,
        85,
        128,
        290,
        215,
        182,
        152,
        149,
        143,
        239,
        205,
        171,
        211,
        220,
        139,
        0,
        113,
        112,
        175,
        11,
        172,
        55,
        210,
        201,
        258,
        282,
        56,
        186],
    [   94,
        116,
        76,
        184,
        83,
        68,
        147,
        195,
        215,
        199,
        199,
        109,
        159,
        180,
        193,
        127,
        73,
        141,
        120,
        140,
        198,
        150,
        121,
        111,
        120,
        121,
        132,
        94,
        175,
        36,
        217,
        100,
        133,
        220,
        91,
        60,
        198,
        63,
        146,
        100,
        191,
        67,
        166,
        44,
        93,
        211,
        126,
        69,
        155,
        153,
        133,
        130,
        227,
        189,
        99,
        107,
        154,
        113,
        0,
        107,
        77,
        104,
        154,
        67,
        97,
        101,
        203,
        187,
        60,
        198],
    [   21,
        22,
        115,
        108,
        38,
        96,
        98,
        108,
        108,
        126,
        105,
        108,
        58,
        87,
        185,
        172,
        164,
        131,
        109,
        66,
        157,
        49,
        181,
        102,
        61,
        197,
        28,
        85,
        68,
        143,
        154,
        181,
        114,
        132,
        66,
        147,
        195,
        44,
        185,
        187,
        189,
        83,
        180,
        67,
        29,
        188,
        129,
        159,
        50,
        47,
        32,
        178,
        120,
        81,
        165,
        190,
        46,
        112,
        107,
        0,
        111,
        101,
        61,
        71,
        166,
        131,
        147,
        193,
        79,
        92],
    [   89,
        104,
        147,
        135,
        72,
        15,
        89,
        153,
        202,
        145,
        162,
        171,
        170,
        146,
        115,
        62,
        72,
        66,
        49,
        170,
        128,
        132,
        69,
        170,
        156,
        88,
        122,
        37,
        171,
        88,
        155,
        76,
        63,
        175,
        51,
        59,
        120,
        83,
        78,
        86,
        113,
        28,
        90,
        90,
        83,
        135,
        50,
        67,
        143,
        142,
        119,
        68,
        212,
        177,
        55,
        86,
        150,
        175,
        77,
        111,
        0,
        164,
        126,
        120,
        58,
        25,
        140,
        110,
        119,
        180],
    [   109,
        123,
        39,
        210,
        115,
        149,
        193,
        209,
        186,
        227,
        204,
        7,
        112,
        187,
        268,
        224,
        177,
        212,
        189,
        72,
        253,
        147,
        223,
        7,
        53,
        225,
        126,
        159,
        144,
        132,
        254,
        204,
        198,
        232,
        144,
        164,
        276,
        87,
        242,
        204,
        269,
        140,
        252,
        74,
        116,
        278,
        203,
        173,
        143,
        140,
        133,
        228,
        198,
        163,
        201,
        211,
        130,
        11,
        104,
        101,
        164,
        0,
        162,
        43,
        200,
        189,
        246,
        270,
        45,
        178],
    [   62,
        41,
        175,
        51,
        71,
        115,
        63,
        47,
        77,
        68,
        45,
        169,
        81,
        27,
        155,
        175,
        194,
        113,
        98,
        113,
        112,
        19,
        190,
        162,
        116,
        214,
        35,
        89,
        60,
        186,
        98,
        203,
        95,
        71,
        75,
        178,
        167,
        96,
        182,
        211,
        162,
        104,
        164,
        122,
        60,
        149,
        118,
        189,
        31,
        33,
        29,
        182,
        86,
        56,
        180,
        212,
        48,
        172,
        154,
        61,
        126,
        162,
        0,
        131,
        184,
        136,
        95,
        171,
        139,
        55],
    [   72,
        91,
        43,
        176,
        75,
        106,
        153,
        178,
        172,
        193,
        176,
        51,
        104,
        158,
        225,
        181,
        141,
        169,
        145,
        75,
        212,
        120,
        181,
        49,
        54,
        186,
        99,
        116,
        129,
        101,
        218,
        166,
        155,
        203,
        102,
        126,
        233,
        45,
        199,
        167,
        226,
        96,
        208,
        30,
        78,
        236,
        160,
        136,
        119,
        116,
        103,
        186,
        184,
        147,
        160,
        173,
        111,
        55,
        67,
        71,
        120,
        43,
        131,
        0,
        159,
        145,
        209,
        226,
        9,
        159],
    [   145,
        162,
        173,
        188,
        128,
        71,
        141,
        208,
        260,
        196,
        219,
        206,
        225,
        203,
        132,
        40,
        38,
        102,
        96,
        220,
        166,
        190,
        25,
        207,
        204,
        30,
        180,
        95,
        229,
        84,
        200,
        21,
        108,
        229,
        109,
        40,
        132,
        132,
        60,
        33,
        126,
        84,
        95,
        130,
        140,
        159,
        85,
        38,
        201,
        200,
        177,
        39,
        270,
        235,
        5,
        29,
        207,
        210,
        97,
        166,
        58,
        200,
        184,
        159,
        0,
        53,
        184,
        116,
        155,
        238],
    [   109,
        121,
        172,
        135,
        92,
        39,
        88,
        156,
        213,
        143,
        167,
        196,
        188,
        152,
        94,
        41,
        79,
        51,
        43,
        192,
        116,
        145,
        54,
        195,
        180,
        80,
        138,
        48,
        186,
        107,
        148,
        74,
        55,
        176,
        66,
        70,
        97,
        107,
        55,
        85,
        90,
        51,
        65,
        115,
        102,
        116,
        34,
        76,
        156,
        156,
        134,
        48,
        222,
        190,
        48,
        83,
        165,
        201,
        101,
        131,
        25,
        189,
        136,
        145,
        53,
        0,
        131,
        86,
        144,
        191],
    [   137,
        124,
        250,
        47,
        134,
        139,
        57,
        67,
        150,
        34,
        83,
        254,
        177,
        83,
        87,
        155,
        210,
        82,
        90,
        207,
        27,
        114,
        177,
        249,
        208,
        207,
        128,
        109,
        152,
        226,
        17,
        205,
        77,
        69,
        113,
        198,
        98,
        164,
        151,
        217,
        96,
        136,
        115,
        188,
        130,
        66,
        98,
        206,
        126,
        128,
        121,
        162,
        152,
        140,
        179,
        213,
        143,
        258,
        203,
        147,
        140,
        246,
        95,
        209,
        184,
        131,
        0,
        110,
        213,
        130],
    [   173,
        176,
        257,
        142,
        160,
        122,
        107,
        167,
        244,
        140,
        182,
        278,
        244,
        174,
        24,
        76,
        154,
        62,
        84,
        260,
        83,
        187,
        97,
        275,
        251,
        126,
        189,
        112,
        231,
        191,
        126,
        135,
        80,
        177,
        130,
        150,
        17,
        184,
        60,
        147,
        14,
        130,
        21,
        197,
        166,
        54,
        67,
        152,
        200,
        201,
        183,
        79,
        250,
        227,
        111,
        140,
        214,
        282,
        187,
        193,
        110,
        270,
        171,
        226,
        116,
        86,
        110,
        0,
        227,
        222],
    [   79,
        98,
        36,
        182,
        79,
        105,
        157,
        186,
        182,
        199,
        184,
        52,
        114,
        166,
        226,
        178,
        134,
        171,
        147,
        85,
        216,
        128,
        177,
        52,
        64,
        180,
        107,
        118,
        139,
        93,
        223,
        160,
        157,
        210,
        104,
        120,
        234,
        49,
        196,
        161,
        227,
        96,
        208,
        29,
        83,
        238,
        160,
        130,
        128,
        125,
        111,
        182,
        194,
        156,
        155,
        167,
        120,
        56,
        60,
        79,
        119,
        45,
        139,
        9,
        155,
        144,
        213,
        227,
        0,
        168],
    [   104,
        81,
        201,
        84,
        118,
        168,
        115,
        63,
        22,
        96,
        48,
        184,
        70,
        48,
        204,
        230,
        246,
        166,
        153,
        112,
        153,
        49,
        246,
        176,
        125,
        268,
        65,
        144,
        35,
        232,
        126,
        256,
        149,
        74,
        129,
        229,
        216,
        135,
        237,
        265,
        212,
        157,
        217,
        159,
        106,
        193,
        173,
        240,
        42,
        44,
        65,
        238,
        31,
        15,
        235,
        266,
        48,
        186,
        198,
        92,
        180,
        178,
        55,
        159,
        238,
        191,
        130,
        222,
        168,
        0]]
;
task=[   63,
    189,
    59,
    69,
    36,
    84,
    4,
    226,
    190,
    173,
    111,
    181,
    219,
    190,
    14,
    276,
    29,
    617,
    360,
    40,
    170,
    118,
    408,
    157,
    51,
    209,
    262,
    416,
    5,
    249,
    391,
    83,
    401,
    164,
    317,
    52,
    583,
    258,
    247,
    364,
    555,
    429,
    0,
    332,
    299,
    68,
    270,
    58,
    161,
    217,
    291,
    500,
    18,
    158,
    16,
    37,
    210,
    106,
    248,
    252,
    183,
    125,
    80,
    83,
    146,
    586,
    325,
    357,
    262,
    278]
;
minW=[   107,
    21,
    136,
    53,
    34,
    27,
    48,
    130,
    110,
    109,
    105,
    64,
    89,
    105,
    26,
    21,
    112,
    1,
    10,
    12,
    88,
    48,
    5,
    135,
    197,
    55,
    75,
    5,
    170,
    94,
    76,
    25,
    1,
    0,
    49,
    8,
    17,
    24,
    1,
    56,
    19,
    33,
    0,
    85,
    0,
    26,
    2,
    37,
    128,
    128,
    14,
    6,
    57,
    154,
    35,
    76,
    22,
    21,
    69,
    22,
    7,
    151,
    140,
    115,
    27,
    34,
    24,
    13,
    26,
    148]
;
maxW=[   205,
    452,
    453,
    220,
    204,
    436,
    254,
    167,
    416,
    154,
    288,
    450,
    287,
    250,
    256,
    381,
    304,
    268,
    195,
    308,
    291,
    340,
    385,
    363,
    292,
    356,
    218,
    189,
    399,
    292,
    160,
    364,
    87,
    295,
    395,
    134,
    144,
    281,
    353,
    180,
    272,
    120,
    720,
    246,
    436,
    240,
    380,
    413,
    368,
    378,
    218,
    341,
    299,
    513,
    94,
    184,
    302,
    362,
    389,
    334,
    361,
    567,
    378,
    448,
    209,
    108,
    250,
    272,
    350,
    550]
;