// Generated by InstanceGenerator.py v0.1
// Juan Francisco Martinez Vera
// AMMM - MIRI, FIB UPC
//
// RAND_SEED=1484786644

bigM=100000;

nLocations=50;
startLocation=42;
distances=[   [   0,
        152,
        209,
        187,
        166,
        157,
        200,
        125,
        52,
        24,
        209,
        42,
        108,
        97,
        168,
        183,
        139,
        105,
        59,
        69,
        118,
        71,
        103,
        85,
        256,
        195,
        245,
        130,
        168,
        121,
        176,
        54,
        144,
        220,
        192,
        123,
        178,
        152,
        138,
        149,
        56,
        151,
        154,
        85,
        57,
        54,
        158,
        85,
        169,
        218],
    [   152,
        0,
        86,
        171,
        59,
        25,
        96,
        61,
        99,
        172,
        99,
        178,
        78,
        138,
        60,
        35,
        78,
        201,
        196,
        83,
        45,
        85,
        99,
        91,
        136,
        184,
        131,
        80,
        179,
        94,
        93,
        145,
        38,
        137,
        137,
        28,
        200,
        135,
        217,
        91,
        99,
        7,
        74,
        71,
        162,
        165,
        37,
        66,
        47,
        141],
    [   209,
        86,
        0,
        131,
        42,
        108,
        24,
        83,
        162,
        223,
        19,
        221,
        102,
        151,
        140,
        96,
        165,
        217,
        263,
        151,
        93,
        157,
        183,
        171,
        50,
        144,
        45,
        167,
        153,
        99,
        48,
        180,
        68,
        64,
        85,
        104,
        175,
        112,
        220,
        74,
        152,
        80,
        58,
        145,
        195,
        200,
        56,
        131,
        43,
        71],
    [   187,
        171,
        131,
        0,
        118,
        196,
        107,
        113,
        170,
        186,
        114,
        172,
        108,
        90,
        229,
        200,
        234,
        129,
        245,
        172,
        136,
        181,
        228,
        207,
        145,
        13,
        129,
        231,
        31,
        86,
        87,
        135,
        132,
        81,
        47,
        164,
        48,
        40,
        113,
        79,
        149,
        163,
        98,
        179,
        140,
        146,
        136,
        160,
        133,
        74],
    [   166,
        59,
        42,
        118,
        0,
        85,
        39,
        41,
        121,
        181,
        46,
        180,
        61,
        114,
        119,
        83,
        136,
        181,
        221,
        110,
        51,
        116,
        148,
        133,
        91,
        131,
        82,
        136,
        132,
        62,
        33,
        139,
        28,
        78,
        79,
        68,
        155,
        88,
        188,
        43,
        110,
        52,
        22,
        106,
        155,
        160,
        22,
        91,
        15,
        82],
    [   157,
        25,
        108,
        196,
        85,
        0,
        120,
        85,
        104,
        179,
        122,
        188,
        99,
        157,
        34,
        27,
        58,
        217,
        195,
        87,
        65,
        86,
        86,
        84,
        156,
        209,
        153,
        62,
        203,
        117,
        118,
        158,
        63,
        162,
        163,
        40,
        224,
        159,
        236,
        116,
        109,
        33,
        99,
        72,
        175,
        178,
        63,
        74,
        71,
        167],
    [   200,
        96,
        24,
        107,
        39,
        120,
        0,
        75,
        157,
        211,
        10,
        208,
        91,
        133,
        153,
        112,
        174,
        198,
        256,
        148,
        90,
        155,
        187,
        172,
        57,
        119,
        44,
        175,
        129,
        84,
        27,
        166,
        68,
        43,
        60,
        107,
        151,
        89,
        198,
        56,
        144,
        88,
        45,
        145,
        180,
        185,
        59,
        129,
        48,
        49],
    [   125,
        61,
        83,
        113,
        41,
        85,
        75,
        0,
        82,
        139,
        84,
        139,
        21,
        80,
        117,
        96,
        121,
        146,
        181,
        74,
        22,
        82,
        122,
        103,
        131,
        126,
        120,
        119,
        118,
        32,
        55,
        99,
        27,
        103,
        89,
        51,
        139,
        75,
        158,
        37,
        69,
        55,
        31,
        74,
        115,
        120,
        39,
        56,
        47,
        104],
    [   52,
        99,
        162,
        170,
        121,
        104,
        157,
        82,
        0,
        74,
        166,
        85,
        71,
        91,
        118,
        130,
        94,
        130,
        100,
        17,
        70,
        21,
        67,
        45,
        212,
        181,
        202,
        87,
        160,
        89,
        137,
        66,
        95,
        184,
        163,
        70,
        175,
        131,
        157,
        113,
        21,
        99,
        113,
        33,
        80,
        82,
        109,
        33,
        121,
        184],
    [   24,
        172,
        223,
        186,
        181,
        179,
        211,
        139,
        74,
        0,
        221,
        21,
        120,
        96,
        192,
        204,
        163,
        88,
        62,
        92,
        135,
        94,
        127,
        110,
        269,
        192,
        256,
        154,
        164,
        129,
        187,
        51,
        160,
        227,
        197,
        143,
        170,
        154,
        122,
        158,
        73,
        171,
        166,
        107,
        47,
        42,
        174,
        106,
        185,
        225],
    [   209,
        99,
        19,
        114,
        46,
        122,
        10,
        84,
        166,
        221,
        0,
        218,
        101,
        143,
        155,
        112,
        178,
        208,
        265,
        156,
        97,
        162,
        193,
        179,
        47,
        127,
        36,
        179,
        138,
        94,
        37,
        176,
        74,
        45,
        68,
        113,
        160,
        99,
        208,
        66,
        153,
        92,
        54,
        152,
        190,
        196,
        64,
        136,
        52,
        52],
    [   42,
        178,
        221,
        172,
        180,
        188,
        208,
        139,
        85,
        21,
        218,
        0,
        118,
        84,
        204,
        212,
        178,
        67,
        81,
        102,
        138,
        106,
        144,
        125,
        265,
        177,
        252,
        169,
        148,
        124,
        182,
        42,
        162,
        220,
        187,
        150,
        153,
        143,
        101,
        152,
        79,
        176,
        163,
        118,
        31,
        26,
        176,
        113,
        186,
        216],
    [   108,
        78,
        102,
        108,
        61,
        99,
        91,
        21,
        71,
        120,
        101,
        118,
        0,
        60,
        129,
        113,
        127,
        125,
        166,
        67,
        33,
        75,
        121,
        100,
        148,
        120,
        136,
        123,
        107,
        21,
        68,
        78,
        47,
        114,
        93,
        61,
        127,
        67,
        139,
        42,
        54,
        72,
        46,
        72,
        94,
        99,
        60,
        52,
        69,
        113],
    [   97,
        138,
        151,
        90,
        114,
        157,
        133,
        80,
        91,
        96,
        143,
        84,
        60,
        0,
        185,
        174,
        175,
        66,
        155,
        98,
        93,
        107,
        157,
        134,
        188,
        97,
        174,
        169,
        71,
        52,
        105,
        44,
        107,
        137,
        103,
        117,
        84,
        59,
        78,
        76,
        69,
        133,
        93,
        111,
        52,
        58,
        119,
        94,
        125,
        133],
    [   168,
        60,
        140,
        229,
        119,
        34,
        153,
        117,
        118,
        192,
        155,
        204,
        129,
        185,
        0,
        47,
        39,
        241,
        197,
        101,
        96,
        97,
        79,
        85,
        185,
        243,
        184,
        47,
        235,
        148,
        153,
        179,
        97,
        196,
        198,
        68,
        256,
        192,
        262,
        150,
        129,
        67,
        133,
        85,
        195,
        198,
        97,
        94,
        106,
        201],
    [   183,
        35,
        96,
        200,
        83,
        27,
        112,
        96,
        130,
        204,
        112,
        212,
        113,
        174,
        47,
        0,
        81,
        236,
        223,
        113,
        81,
        113,
        113,
        111,
        139,
        214,
        139,
        87,
        211,
        128,
        117,
        180,
        70,
        156,
        163,
        61,
        233,
        166,
        252,
        122,
        133,
        41,
        102,
        98,
        197,
        200,
        64,
        98,
        68,
        161],
    [   139,
        78,
        165,
        234,
        136,
        58,
        174,
        121,
        94,
        163,
        178,
        178,
        127,
        175,
        39,
        81,
        0,
        224,
        161,
        80,
        98,
        73,
        41,
        53,
        213,
        247,
        210,
        9,
        234,
        148,
        167,
        160,
        109,
        214,
        209,
        70,
        253,
        194,
        249,
        157,
        110,
        85,
        145,
        64,
        175,
        177,
        114,
        80,
        125,
        217],
    [   105,
        201,
        217,
        129,
        181,
        217,
        198,
        146,
        130,
        88,
        208,
        67,
        125,
        66,
        241,
        236,
        224,
        0,
        148,
        143,
        156,
        150,
        196,
        175,
        252,
        130,
        237,
        216,
        99,
        119,
        171,
        63,
        173,
        196,
        159,
        177,
        96,
        114,
        34,
        142,
        113,
        196,
        160,
        159,
        50,
        51,
        186,
        147,
        192,
        190],
    [   59,
        196,
        263,
        245,
        221,
        195,
        256,
        181,
        100,
        62,
        265,
        81,
        166,
        155,
        197,
        223,
        161,
        148,
        0,
        114,
        170,
        111,
        120,
        112,
        312,
        253,
        301,
        152,
        225,
        180,
        234,
        111,
        196,
        279,
        252,
        168,
        232,
        211,
        183,
        207,
        112,
        198,
        211,
        125,
        109,
        104,
        210,
        133,
        222,
        277],
    [   69,
        83,
        151,
        172,
        110,
        87,
        148,
        74,
        17,
        92,
        156,
        102,
        67,
        98,
        101,
        113,
        80,
        143,
        114,
        0,
        58,
        9,
        58,
        36,
        201,
        183,
        192,
        73,
        164,
        87,
        130,
        80,
        83,
        178,
        160,
        54,
        181,
        132,
        169,
        108,
        30,
        83,
        105,
        16,
        95,
        97,
        96,
        19,
        108,
        178],
    [   118,
        45,
        93,
        136,
        51,
        65,
        90,
        22,
        70,
        135,
        97,
        138,
        33,
        93,
        96,
        81,
        98,
        156,
        170,
        58,
        0,
        64,
        100,
        83,
        143,
        149,
        133,
        96,
        139,
        52,
        74,
        102,
        25,
        123,
        111,
        28,
        159,
        97,
        171,
        59,
        62,
        40,
        50,
        55,
        118,
        123,
        39,
        39,
        51,
        125],
    [   71,
        85,
        157,
        181,
        116,
        86,
        155,
        82,
        21,
        94,
        162,
        106,
        75,
        107,
        97,
        113,
        73,
        150,
        111,
        9,
        64,
        0,
        49,
        26,
        207,
        192,
        198,
        66,
        174,
        96,
        137,
        87,
        89,
        186,
        168,
        57,
        191,
        141,
        177,
        116,
        38,
        86,
        113,
        14,
        101,
        103,
        101,
        25,
        114,
        186],
    [   103,
        99,
        183,
        228,
        148,
        86,
        187,
        122,
        67,
        127,
        193,
        144,
        121,
        157,
        79,
        113,
        41,
        196,
        120,
        58,
        100,
        49,
        0,
        22,
        234,
        240,
        228,
        32,
        223,
        142,
        175,
        133,
        119,
        224,
        211,
        79,
        240,
        188,
        225,
        158,
        87,
        104,
        150,
        49,
        146,
        147,
        128,
        68,
        141,
        225],
    [   85,
        91,
        171,
        207,
        133,
        84,
        172,
        103,
        45,
        110,
        179,
        125,
        100,
        134,
        85,
        111,
        53,
        175,
        112,
        36,
        83,
        26,
        22,
        0,
        222,
        219,
        214,
        44,
        201,
        122,
        158,
        111,
        104,
        207,
        192,
        67,
        217,
        167,
        202,
        139,
        65,
        94,
        133,
        28,
        125,
        126,
        115,
        48,
        128,
        208],
    [   256,
        136,
        50,
        145,
        91,
        156,
        57,
        131,
        212,
        269,
        47,
        265,
        148,
        188,
        185,
        139,
        213,
        252,
        312,
        201,
        143,
        207,
        234,
        222,
        0,
        156,
        16,
        216,
        173,
        141,
        83,
        223,
        118,
        64,
        99,
        155,
        193,
        139,
        249,
        113,
        200,
        130,
        102,
        196,
        237,
        242,
        106,
        182,
        94,
        72],
    [   195,
        184,
        144,
        13,
        131,
        209,
        119,
        126,
        181,
        192,
        127,
        177,
        120,
        97,
        243,
        214,
        247,
        130,
        253,
        183,
        149,
        192,
        240,
        219,
        156,
        0,
        139,
        243,
        30,
        98,
        100,
        141,
        146,
        91,
        59,
        177,
        41,
        52,
        111,
        92,
        159,
        177,
        111,
        191,
        146,
        151,
        150,
        172,
        147,
        83],
    [   245,
        131,
        45,
        129,
        82,
        153,
        44,
        120,
        202,
        256,
        36,
        252,
        136,
        174,
        184,
        139,
        210,
        237,
        301,
        192,
        133,
        198,
        228,
        214,
        16,
        139,
        0,
        212,
        157,
        127,
        69,
        209,
        110,
        48,
        83,
        148,
        177,
        123,
        233,
        99,
        189,
        125,
        90,
        188,
        223,
        229,
        99,
        173,
        87,
        56],
    [   130,
        80,
        167,
        231,
        136,
        62,
        175,
        119,
        87,
        154,
        179,
        169,
        123,
        169,
        47,
        87,
        9,
        216,
        152,
        73,
        96,
        66,
        32,
        44,
        216,
        243,
        212,
        0,
        230,
        145,
        167,
        153,
        109,
        215,
        207,
        69,
        249,
        191,
        242,
        156,
        103,
        87,
        144,
        58,
        167,
        169,
        115,
        75,
        126,
        217],
    [   168,
        179,
        153,
        31,
        132,
        203,
        129,
        118,
        160,
        164,
        138,
        148,
        107,
        71,
        235,
        211,
        234,
        99,
        225,
        164,
        139,
        174,
        223,
        201,
        173,
        30,
        157,
        230,
        0,
        86,
        106,
        114,
        141,
        110,
        73,
        167,
        22,
        45,
        82,
        90,
        138,
        172,
        110,
        174,
        117,
        122,
        148,
        156,
        148,
        103],
    [   121,
        94,
        99,
        86,
        62,
        117,
        84,
        32,
        89,
        129,
        94,
        124,
        21,
        52,
        148,
        128,
        148,
        119,
        180,
        87,
        52,
        96,
        142,
        122,
        141,
        98,
        127,
        145,
        86,
        0,
        57,
        82,
        58,
        99,
        73,
        80,
        107,
        46,
        127,
        28,
        70,
        87,
        41,
        93,
        96,
        101,
        69,
        74,
        74,
        97],
    [   176,
        93,
        48,
        87,
        33,
        118,
        27,
        55,
        137,
        187,
        37,
        182,
        68,
        105,
        153,
        117,
        167,
        171,
        234,
        130,
        74,
        137,
        175,
        158,
        83,
        100,
        69,
        167,
        106,
        57,
        0,
        140,
        57,
        48,
        46,
        97,
        128,
        64,
        172,
        29,
        122,
        85,
        24,
        129,
        153,
        159,
        55,
        112,
        48,
        50],
    [   54,
        145,
        180,
        135,
        139,
        158,
        166,
        99,
        66,
        51,
        176,
        42,
        78,
        44,
        179,
        180,
        160,
        63,
        111,
        80,
        102,
        87,
        133,
        111,
        223,
        141,
        209,
        153,
        114,
        82,
        140,
        0,
        123,
        178,
        146,
        119,
        124,
        103,
        91,
        110,
        50,
        141,
        122,
        96,
        16,
        21,
        137,
        85,
        146,
        174],
    [   144,
        38,
        68,
        132,
        28,
        63,
        68,
        27,
        95,
        160,
        74,
        162,
        47,
        107,
        97,
        70,
        109,
        173,
        196,
        83,
        25,
        89,
        119,
        104,
        118,
        146,
        110,
        109,
        141,
        58,
        57,
        123,
        0,
        105,
        100,
        40,
        163,
        97,
        185,
        53,
        87,
        30,
        36,
        77,
        140,
        145,
        14,
        63,
        25,
        108],
    [   220,
        137,
        64,
        81,
        78,
        162,
        43,
        103,
        184,
        227,
        45,
        220,
        114,
        137,
        196,
        156,
        214,
        196,
        279,
        178,
        123,
        186,
        224,
        207,
        64,
        91,
        48,
        215,
        110,
        99,
        48,
        178,
        105,
        0,
        37,
        145,
        130,
        81,
        189,
        72,
        168,
        130,
        73,
        178,
        189,
        195,
        100,
        160,
        90,
        8],
    [   192,
        137,
        85,
        47,
        79,
        163,
        60,
        89,
        163,
        197,
        68,
        187,
        93,
        103,
        198,
        163,
        209,
        159,
        252,
        160,
        111,
        168,
        211,
        192,
        99,
        59,
        83,
        207,
        73,
        73,
        46,
        146,
        100,
        37,
        0,
        138,
        94,
        45,
        151,
        52,
        144,
        130,
        64,
        163,
        156,
        162,
        100,
        144,
        95,
        31],
    [   123,
        28,
        104,
        164,
        68,
        40,
        107,
        51,
        70,
        143,
        113,
        150,
        61,
        117,
        68,
        61,
        70,
        177,
        168,
        54,
        28,
        57,
        79,
        67,
        155,
        177,
        148,
        69,
        167,
        80,
        97,
        119,
        40,
        145,
        138,
        0,
        188,
        125,
        196,
        87,
        71,
        29,
        74,
        43,
        135,
        139,
        48,
        37,
        61,
        148],
    [   178,
        200,
        175,
        48,
        155,
        224,
        151,
        139,
        175,
        170,
        160,
        153,
        127,
        84,
        256,
        233,
        253,
        96,
        232,
        181,
        159,
        191,
        240,
        217,
        193,
        41,
        177,
        249,
        22,
        107,
        128,
        124,
        163,
        130,
        94,
        188,
        0,
        67,
        72,
        112,
        154,
        193,
        133,
        192,
        123,
        128,
        170,
        174,
        170,
        122],
    [   152,
        135,
        112,
        40,
        88,
        159,
        89,
        75,
        131,
        154,
        99,
        143,
        67,
        59,
        192,
        166,
        194,
        114,
        211,
        132,
        97,
        141,
        188,
        167,
        139,
        52,
        123,
        191,
        45,
        46,
        64,
        103,
        97,
        81,
        45,
        125,
        67,
        0,
        109,
        45,
        110,
        127,
        65,
        139,
        111,
        117,
        103,
        119,
        103,
        76],
    [   138,
        217,
        220,
        113,
        188,
        236,
        198,
        158,
        157,
        122,
        208,
        101,
        139,
        78,
        262,
        252,
        249,
        34,
        183,
        169,
        171,
        177,
        225,
        202,
        249,
        111,
        233,
        242,
        82,
        127,
        172,
        91,
        185,
        189,
        151,
        196,
        72,
        109,
        0,
        146,
        138,
        211,
        166,
        184,
        81,
        83,
        196,
        169,
        201,
        182],
    [   149,
        91,
        74,
        79,
        43,
        116,
        56,
        37,
        113,
        158,
        66,
        152,
        42,
        76,
        150,
        122,
        157,
        142,
        207,
        108,
        59,
        116,
        158,
        139,
        113,
        92,
        99,
        156,
        90,
        28,
        29,
        110,
        53,
        72,
        52,
        87,
        112,
        45,
        146,
        0,
        96,
        84,
        20,
        110,
        124,
        129,
        58,
        91,
        58,
        71],
    [   56,
        99,
        152,
        149,
        110,
        109,
        144,
        69,
        21,
        73,
        153,
        79,
        54,
        69,
        129,
        133,
        110,
        113,
        112,
        30,
        62,
        38,
        87,
        65,
        200,
        159,
        189,
        103,
        138,
        70,
        122,
        50,
        87,
        168,
        144,
        71,
        154,
        110,
        138,
        96,
        0,
        97,
        99,
        45,
        66,
        69,
        101,
        35,
        112,
        167],
    [   151,
        7,
        80,
        163,
        52,
        33,
        88,
        55,
        99,
        171,
        92,
        176,
        72,
        133,
        67,
        41,
        85,
        196,
        198,
        83,
        40,
        86,
        104,
        94,
        130,
        177,
        125,
        87,
        172,
        87,
        85,
        141,
        30,
        130,
        130,
        29,
        193,
        127,
        211,
        84,
        97,
        0,
        66,
        72,
        158,
        162,
        30,
        65,
        40,
        134],
    [   154,
        74,
        58,
        98,
        22,
        99,
        45,
        31,
        113,
        166,
        54,
        163,
        46,
        93,
        133,
        102,
        145,
        160,
        211,
        105,
        50,
        113,
        150,
        133,
        102,
        111,
        90,
        144,
        110,
        41,
        24,
        122,
        36,
        73,
        64,
        74,
        133,
        65,
        166,
        20,
        99,
        66,
        0,
        104,
        136,
        142,
        38,
        87,
        37,
        74],
    [   85,
        71,
        145,
        179,
        106,
        72,
        145,
        74,
        33,
        107,
        152,
        118,
        72,
        111,
        85,
        98,
        64,
        159,
        125,
        16,
        55,
        14,
        49,
        28,
        196,
        191,
        188,
        58,
        174,
        93,
        129,
        96,
        77,
        178,
        163,
        43,
        192,
        139,
        184,
        110,
        45,
        72,
        104,
        0,
        111,
        113,
        89,
        19,
        102,
        179],
    [   57,
        162,
        195,
        140,
        155,
        175,
        180,
        115,
        80,
        47,
        190,
        31,
        94,
        52,
        195,
        197,
        175,
        50,
        109,
        95,
        118,
        101,
        146,
        125,
        237,
        146,
        223,
        167,
        117,
        96,
        153,
        16,
        140,
        189,
        156,
        135,
        123,
        111,
        81,
        124,
        66,
        158,
        136,
        111,
        0,
        5,
        154,
        101,
        163,
        185],
    [   54,
        165,
        200,
        146,
        160,
        178,
        185,
        120,
        82,
        42,
        196,
        26,
        99,
        58,
        198,
        200,
        177,
        51,
        104,
        97,
        123,
        103,
        147,
        126,
        242,
        151,
        229,
        169,
        122,
        101,
        159,
        21,
        145,
        195,
        162,
        139,
        128,
        117,
        83,
        129,
        69,
        162,
        142,
        113,
        5,
        0,
        159,
        104,
        168,
        191],
    [   158,
        37,
        56,
        136,
        22,
        63,
        59,
        39,
        109,
        174,
        64,
        176,
        60,
        119,
        97,
        64,
        114,
        186,
        210,
        96,
        39,
        101,
        128,
        115,
        106,
        150,
        99,
        115,
        148,
        69,
        55,
        137,
        14,
        100,
        100,
        48,
        170,
        103,
        196,
        58,
        101,
        30,
        38,
        89,
        154,
        159,
        0,
        76,
        12,
        104],
    [   85,
        66,
        131,
        160,
        91,
        74,
        129,
        56,
        33,
        106,
        136,
        113,
        52,
        94,
        94,
        98,
        80,
        147,
        133,
        19,
        39,
        25,
        68,
        48,
        182,
        172,
        173,
        75,
        156,
        74,
        112,
        85,
        63,
        160,
        144,
        37,
        174,
        119,
        169,
        91,
        35,
        65,
        87,
        19,
        101,
        104,
        76,
        0,
        89,
        161],
    [   169,
        47,
        43,
        133,
        15,
        71,
        48,
        47,
        121,
        185,
        52,
        186,
        69,
        125,
        106,
        68,
        125,
        192,
        222,
        108,
        51,
        114,
        141,
        128,
        94,
        147,
        87,
        126,
        148,
        74,
        48,
        146,
        25,
        90,
        95,
        61,
        170,
        103,
        201,
        58,
        112,
        40,
        37,
        102,
        163,
        168,
        12,
        89,
        0,
        95],
    [   218,
        141,
        71,
        74,
        82,
        167,
        49,
        104,
        184,
        225,
        52,
        216,
        113,
        133,
        201,
        161,
        217,
        190,
        277,
        178,
        125,
        186,
        225,
        208,
        72,
        83,
        56,
        217,
        103,
        97,
        50,
        174,
        108,
        8,
        31,
        148,
        122,
        76,
        182,
        71,
        167,
        134,
        74,
        179,
        185,
        191,
        104,
        161,
        95,
        0]]
;
task=[   292,
    133,
    273,
    35,
    355,
    186,
    32,
    268,
    370,
    300,
    388,
    86,
    523,
    141,
    161,
    285,
    132,
    87,
    29,
    91,
    36,
    0,
    2,
    28,
    189,
    310,
    49,
    261,
    55,
    469,
    217,
    383,
    93,
    5,
    177,
    293,
    127,
    206,
    209,
    132,
    342,
    0,
    576,
    381,
    72,
    152,
    361,
    458,
    568,
    432]
;
minW=[   1,
    0,
    0,
    13,
    0,
    0,
    0,
    0,
    0,
    21,
    0,
    26,
    0,
    0,
    0,
    0,
    0,
    46,
    48,
    0,
    0,
    0,
    0,
    0,
    0,
    27,
    0,
    0,
    22,
    0,
    0,
    0,
    0,
    0,
    0,
    0,
    43,
    0,
    61,
    0,
    0,
    0,
    0,
    0,
    8,
    12,
    0,
    0,
    0,
    0]
;
maxW=[   218,
    49,
    149,
    289,
    180,
    140,
    227,
    177,
    225,
    229,
    232,
    254,
    165,
    281,
    143,
    181,
    128,
    225,
    293,
    193,
    173,
    138,
    125,
    132,
    246,
    301,
    167,
    169,
    189,
    235,
    97,
    180,
    95,
    220,
    202,
    34,
    336,
    263,
    234,
    198,
    235,
    720,
    76,
    130,
    251,
    279,
    100,
    155,
    181,
    283]
;