// Generated by InstanceGenerator.py v0.1
// Juan Francisco Martinez Vera
// AMMM - MIRI, FIB UPC
//
// RAND_SEED=1484783233

bigM=100000;

nLocations=70;
startLocation=65;
distances=[   [   0,
        160,
        56,
        92,
        35,
        207,
        248,
        211,
        104,
        139,
        93,
        220,
        106,
        225,
        55,
        121,
        190,
        241,
        48,
        127,
        97,
        191,
        64,
        144,
        57,
        6,
        69,
        65,
        112,
        219,
        188,
        221,
        211,
        236,
        133,
        136,
        81,
        143,
        219,
        176,
        85,
        245,
        94,
        79,
        140,
        86,
        228,
        68,
        144,
        207,
        115,
        153,
        201,
        113,
        125,
        123,
        73,
        132,
        143,
        52,
        181,
        49,
        50,
        147,
        163,
        219,
        194,
        75,
        43,
        30],
    [   160,
        0,
        126,
        130,
        129,
        82,
        99,
        51,
        87,
        139,
        122,
        133,
        149,
        92,
        158,
        181,
        37,
        153,
        189,
        71,
        157,
        53,
        177,
        133,
        197,
        166,
        91,
        144,
        182,
        167,
        158,
        78,
        63,
        81,
        147,
        142,
        180,
        125,
        60,
        88,
        90,
        94,
        115,
        170,
        136,
        169,
        134,
        162,
        60,
        50,
        93,
        170,
        77,
        84,
        133,
        208,
        167,
        73,
        69,
        144,
        39,
        117,
        127,
        81,
        3,
        85,
        169,
        198,
        135,
        189],
    [   56,
        126,
        0,
        115,
        24,
        191,
        203,
        175,
        51,
        159,
        37,
        219,
        56,
        207,
        32,
        160,
        150,
        241,
        103,
        120,
        132,
        145,
        113,
        160,
        113,
        60,
        56,
        99,
        152,
        230,
        204,
        175,
        167,
        194,
        157,
        157,
        58,
        157,
        186,
        170,
        37,
        199,
        37,
        122,
        158,
        127,
        225,
        110,
        132,
        176,
        119,
        181,
        185,
        112,
        70,
        170,
        117,
        126,
        91,
        88,
        156,
        18,
        5,
        143,
        129,
        200,
        212,
        128,
        73,
        84],
    [   92,
        130,
        115,
        0,
        94,
        139,
        229,
        175,
        133,
        47,
        146,
        134,
        171,
        158,
        136,
        53,
        167,
        154,
        84,
        64,
        27,
        180,
        60,
        51,
        88,
        97,
        67,
        30,
        52,
        127,
        96,
        208,
        193,
        211,
        42,
        44,
        165,
        52,
        177,
        100,
        113,
        224,
        143,
        44,
        47,
        41,
        144,
        41,
        82,
        162,
        41,
        65,
        134,
        47,
        178,
        77,
        44,
        66,
        156,
        41,
        130,
        97,
        111,
        73,
        133,
        153,
        101,
        79,
        49,
        106],
    [   35,
        129,
        24,
        94,
        0,
        185,
        214,
        180,
        68,
        139,
        61,
        207,
        81,
        203,
        43,
        136,
        157,
        229,
        80,
        109,
        108,
        157,
        88,
        141,
        90,
        41,
        45,
        75,
        128,
        214,
        186,
        187,
        177,
        203,
        136,
        137,
        72,
        139,
        189,
        160,
        50,
        211,
        61,
        97,
        139,
        102,
        214,
        85,
        124,
        178,
        103,
        159,
        179,
        98,
        95,
        145,
        92,
        115,
        107,
        63,
        154,
        13,
        19,
        131,
        132,
        196,
        193,
        104,
        49,
        65],
    [   207,
        82,
        191,
        139,
        185,
        0,
        140,
        79,
        164,
        119,
        197,
        59,
        226,
        19,
        223,
        175,
        98,
        75,
        219,
        80,
        161,
        123,
        199,
        109,
        225,
        213,
        140,
        165,
        181,
        103,
        110,
        134,
        118,
        118,
        131,
        124,
        249,
        101,
        70,
        41,
        160,
        135,
        191,
        184,
        115,
        179,
        56,
        180,
        62,
        57,
        99,
        145,
        6,
        96,
        214,
        205,
        183,
        76,
        151,
        171,
        43,
        177,
        190,
        65,
        82,
        15,
        120,
        218,
        169,
        231],
    [   248,
        99,
        203,
        229,
        214,
        140,
        0,
        62,
        152,
        235,
        183,
        200,
        200,
        135,
        231,
        280,
        62,
        213,
        284,
        168,
        257,
        57,
        275,
        227,
        292,
        255,
        185,
        243,
        282,
        243,
        244,
        28,
        37,
        22,
        244,
        238,
        245,
        219,
        70,
        169,
        166,
        5,
        177,
        269,
        231,
        268,
        195,
        260,
        154,
        84,
        192,
        265,
        138,
        183,
        175,
        307,
        266,
        170,
        113,
        241,
        112,
        201,
        206,
        174,
        96,
        132,
        255,
        296,
        231,
        278],
    [   211,
        51,
        175,
        175,
        180,
        79,
        62,
        0,
        131,
        175,
        166,
        138,
        190,
        78,
        206,
        223,
        30,
        154,
        239,
        111,
        201,
        52,
        226,
        166,
        247,
        217,
        142,
        192,
        226,
        181,
        181,
        56,
        40,
        40,
        185,
        178,
        227,
        158,
        14,
        106,
        137,
        57,
        159,
        217,
        171,
        215,
        135,
        209,
        95,
        22,
        135,
        205,
        76,
        127,
        170,
        251,
        215,
        111,
        101,
        193,
        49,
        167,
        176,
        113,
        47,
        73,
        192,
        247,
        185,
        240],
    [   104,
        87,
        51,
        133,
        68,
        164,
        152,
        131,
        0,
        167,
        35,
        204,
        61,
        178,
        79,
        184,
        103,
        226,
        148,
        110,
        156,
        95,
        150,
        165,
        157,
        109,
        65,
        127,
        180,
        225,
        205,
        124,
        118,
        145,
        169,
        167,
        95,
        160,
        144,
        154,
        21,
        149,
        28,
        154,
        165,
        157,
        208,
        143,
        115,
        137,
        119,
        194,
        158,
        110,
        51,
        201,
        149,
        116,
        40,
        119,
        124,
        55,
        55,
        132,
        89,
        171,
        214,
        169,
        105,
        133],
    [   139,
        139,
        159,
        47,
        139,
        119,
        235,
        175,
        167,
        0,
        186,
        97,
        213,
        137,
        182,
        56,
        175,
        115,
        127,
        69,
        52,
        193,
        99,
        9,
        128,
        144,
        105,
        75,
        64,
        81,
        49,
        218,
        201,
        214,
        12,
        4,
        211,
        17,
        173,
        78,
        150,
        230,
        182,
        79,
        4,
        72,
        108,
        81,
        80,
        157,
        49,
        30,
        116,
        60,
        216,
        87,
        81,
        66,
        183,
        87,
        125,
        140,
        155,
        61,
        142,
        134,
        54,
        113,
        96,
        151],
    [   93,
        122,
        37,
        146,
        61,
        197,
        183,
        166,
        35,
        186,
        0,
        234,
        28,
        212,
        51,
        194,
        137,
        256,
        141,
        137,
        165,
        127,
        150,
        186,
        150,
        96,
        80,
        134,
        187,
        251,
        228,
        154,
        150,
        177,
        186,
        186,
        62,
        181,
        179,
        184,
        39,
        180,
        6,
        158,
        185,
        163,
        239,
        146,
        145,
        172,
        141,
        211,
        191,
        133,
        33,
        206,
        153,
        143,
        69,
        123,
        158,
        52,
        43,
        160,
        124,
        205,
        237,
        165,
        108,
        119],
    [   220,
        133,
        219,
        134,
        207,
        59,
        200,
        138,
        204,
        97,
        234,
        0,
        263,
        66,
        249,
        152,
        156,
        22,
        219,
        99,
        149,
        180,
        194,
        88,
        222,
        226,
        163,
        165,
        162,
        47,
        65,
        194,
        177,
        177,
        109,
        102,
        277,
        83,
        129,
        50,
        195,
        194,
        228,
        175,
        94,
        168,
        11,
        175,
        88,
        116,
        105,
        113,
        62,
        108,
        256,
        183,
        176,
        92,
        200,
        174,
        97,
        202,
        217,
        75,
        134,
        68,
        72,
        210,
        177,
        239],
    [   106,
        149,
        56,
        171,
        81,
        226,
        200,
        190,
        61,
        213,
        28,
        263,
        0,
        240,
        54,
        216,
        161,
        285,
        154,
        165,
        189,
        147,
        168,
        213,
        164,
        108,
        107,
        156,
        209,
        280,
        256,
        172,
        170,
        198,
        212,
        212,
        49,
        209,
        204,
        213,
        68,
        199,
        35,
        178,
        212,
        184,
        267,
        167,
        174,
        197,
        169,
        236,
        220,
        161,
        27,
        226,
        173,
        172,
        90,
        145,
        186,
        74,
        62,
        189,
        151,
        233,
        264,
        181,
        130,
        128],
    [   225,
        92,
        207,
        158,
        203,
        19,
        135,
        78,
        178,
        137,
        212,
        66,
        240,
        0,
        240,
        193,
        102,
        77,
        239,
        100,
        180,
        127,
        218,
        128,
        244,
        232,
        158,
        185,
        200,
        113,
        124,
        134,
        118,
        113,
        149,
        142,
        265,
        120,
        66,
        60,
        175,
        130,
        205,
        203,
        133,
        198,
        60,
        199,
        81,
        57,
        118,
        162,
        24,
        116,
        226,
        224,
        203,
        95,
        161,
        190,
        54,
        194,
        207,
        85,
        91,
        7,
        133,
        237,
        188,
        250],
    [   55,
        158,
        32,
        136,
        43,
        223,
        231,
        206,
        79,
        182,
        51,
        249,
        54,
        240,
        0,
        174,
        180,
        271,
        102,
        150,
        148,
        174,
        119,
        184,
        111,
        55,
        85,
        114,
        165,
        257,
        229,
        203,
        197,
        224,
        178,
        180,
        29,
        182,
        218,
        201,
        68,
        228,
        56,
        132,
        182,
        139,
        255,
        121,
        164,
        208,
        146,
        200,
        217,
        141,
        78,
        178,
        127,
        156,
        118,
        102,
        189,
        46,
        32,
        173,
        161,
        233,
        236,
        130,
        88,
        74],
    [   121,
        181,
        160,
        53,
        136,
        175,
        280,
        223,
        184,
        56,
        194,
        152,
        216,
        193,
        174,
        0,
        218,
        168,
        91,
        112,
        28,
        232,
        63,
        66,
        89,
        124,
        119,
        60,
        12,
        128,
        94,
        260,
        244,
        261,
        44,
        51,
        202,
        73,
        224,
        133,
        164,
        275,
        191,
        43,
        60,
        35,
        163,
        53,
        128,
        207,
        88,
        44,
        171,
        97,
        227,
        30,
        48,
        111,
        210,
        72,
        175,
        142,
        154,
        113,
        184,
        190,
        94,
        68,
        86,
        122],
    [   190,
        37,
        150,
        167,
        157,
        98,
        62,
        30,
        103,
        175,
        137,
        156,
        161,
        102,
        180,
        218,
        0,
        173,
        223,
        107,
        194,
        25,
        213,
        168,
        231,
        196,
        124,
        180,
        219,
        195,
        190,
        42,
        26,
        46,
        184,
        178,
        199,
        160,
        45,
        116,
        112,
        57,
        131,
        206,
        172,
        206,
        154,
        198,
        95,
        46,
        130,
        206,
        94,
        121,
        140,
        245,
        204,
        109,
        71,
        179,
        59,
        144,
        152,
        115,
        33,
        96,
        200,
        234,
        169,
        220],
    [   241,
        153,
        241,
        154,
        229,
        75,
        213,
        154,
        226,
        115,
        256,
        22,
        285,
        77,
        271,
        168,
        173,
        0,
        239,
        121,
        167,
        198,
        213,
        106,
        242,
        247,
        185,
        185,
        178,
        48,
        76,
        209,
        193,
        191,
        126,
        119,
        300,
        102,
        143,
        72,
        217,
        208,
        250,
        194,
        112,
        187,
        19,
        194,
        111,
        132,
        127,
        126,
        79,
        130,
        278,
        198,
        196,
        114,
        221,
        195,
        116,
        225,
        239,
        98,
        154,
        81,
        81,
        228,
        198,
        260],
    [   48,
        189,
        103,
        84,
        80,
        219,
        284,
        239,
        148,
        127,
        141,
        219,
        154,
        239,
        102,
        91,
        223,
        239,
        0,
        139,
        75,
        228,
        28,
        134,
        9,
        46,
        98,
        55,
        79,
        208,
        175,
        258,
        246,
        269,
        117,
        122,
        124,
        136,
        245,
        183,
        128,
        279,
        141,
        49,
        129,
        57,
        229,
        45,
        158,
        231,
        120,
        131,
        214,
        123,
        173,
        83,
        45,
        143,
        185,
        48,
        201,
        93,
        98,
        155,
        192,
        233,
        178,
        29,
        54,
        33],
    [   127,
        71,
        120,
        64,
        109,
        80,
        168,
        111,
        110,
        69,
        137,
        99,
        165,
        100,
        150,
        112,
        107,
        121,
        139,
        0,
        90,
        124,
        121,
        63,
        145,
        133,
        64,
        86,
        114,
        115,
        96,
        149,
        133,
        149,
        76,
        71,
        178,
        55,
        113,
        50,
        97,
        163,
        131,
        108,
        66,
        105,
        105,
        102,
        19,
        97,
        23,
        100,
        75,
        17,
        162,
        140,
        107,
        6,
        117,
        91,
        65,
        103,
        118,
        23,
        73,
        94,
        106,
        141,
        88,
        150],
    [   97,
        157,
        132,
        27,
        108,
        161,
        257,
        201,
        156,
        52,
        165,
        149,
        189,
        180,
        148,
        28,
        194,
        167,
        75,
        90,
        0,
        207,
        47,
        60,
        76,
        101,
        90,
        33,
        25,
        133,
        99,
        235,
        220,
        238,
        42,
        47,
        176,
        65,
        204,
        121,
        136,
        252,
        163,
        27,
        55,
        19,
        159,
        31,
        108,
        188,
        66,
        56,
        157,
        74,
        198,
        50,
        30,
        91,
        182,
        46,
        155,
        114,
        126,
        96,
        160,
        176,
        102,
        61,
        59,
        103],
    [   191,
        53,
        145,
        180,
        157,
        123,
        57,
        52,
        95,
        193,
        127,
        180,
        147,
        127,
        174,
        232,
        25,
        198,
        228,
        124,
        207,
        0,
        221,
        187,
        236,
        197,
        129,
        190,
        233,
        218,
        211,
        30,
        23,
        50,
        201,
        196,
        189,
        178,
        67,
        139,
        108,
        54,
        121,
        217,
        190,
        217,
        179,
        207,
        114,
        70,
        146,
        224,
        119,
        136,
        124,
        257,
        214,
        127,
        58,
        187,
        83,
        143,
        148,
        135,
        51,
        121,
        222,
        242,
        176,
        221],
    [   64,
        177,
        113,
        60,
        88,
        199,
        275,
        226,
        150,
        99,
        150,
        194,
        168,
        218,
        119,
        63,
        213,
        213,
        28,
        121,
        47,
        221,
        0,
        107,
        28,
        64,
        92,
        34,
        51,
        180,
        147,
        251,
        238,
        259,
        89,
        95,
        144,
        110,
        231,
        161,
        129,
        271,
        149,
        21,
        102,
        29,
        204,
        19,
        140,
        216,
        100,
        102,
        194,
        103,
        183,
        60,
        17,
        124,
        184,
        34,
        185,
        98,
        107,
        133,
        181,
        213,
        150,
        20,
        46,
        59],
    [   144,
        133,
        160,
        51,
        141,
        109,
        227,
        166,
        165,
        9,
        186,
        88,
        213,
        128,
        184,
        66,
        168,
        106,
        134,
        63,
        60,
        187,
        107,
        0,
        136,
        149,
        105,
        81,
        74,
        75,
        44,
        211,
        194,
        206,
        22,
        14,
        214,
        8,
        165,
        68,
        149,
        222,
        181,
        87,
        6,
        80,
        98,
        89,
        73,
        148,
        46,
        38,
        107,
        56,
        215,
        97,
        89,
        59,
        179,
        93,
        117,
        141,
        156,
        53,
        135,
        124,
        51,
        122,
        100,
        157],
    [   57,
        197,
        113,
        88,
        90,
        225,
        292,
        247,
        157,
        128,
        150,
        222,
        164,
        244,
        111,
        89,
        231,
        242,
        9,
        145,
        76,
        236,
        28,
        136,
        0,
        55,
        107,
        59,
        77,
        209,
        176,
        267,
        255,
        277,
        118,
        124,
        133,
        139,
        253,
        188,
        137,
        288,
        151,
        49,
        130,
        57,
        232,
        47,
        164,
        238,
        126,
        130,
        220,
        128,
        183,
        78,
        46,
        149,
        194,
        54,
        208,
        102,
        107,
        160,
        200,
        239,
        178,
        22,
        61,
        40],
    [   6,
        166,
        60,
        97,
        41,
        213,
        255,
        217,
        109,
        144,
        96,
        226,
        108,
        232,
        55,
        124,
        196,
        247,
        46,
        133,
        101,
        197,
        64,
        149,
        55,
        0,
        75,
        69,
        114,
        224,
        193,
        227,
        217,
        243,
        138,
        141,
        80,
        149,
        226,
        182,
        90,
        251,
        98,
        81,
        145,
        88,
        234,
        71,
        151,
        213,
        121,
        157,
        208,
        119,
        128,
        124,
        76,
        139,
        148,
        56,
        187,
        54,
        55,
        153,
        169,
        225,
        198,
        74,
        49,
        24],
    [   69,
        91,
        56,
        67,
        45,
        140,
        185,
        142,
        65,
        105,
        80,
        163,
        107,
        158,
        85,
        119,
        124,
        185,
        98,
        64,
        90,
        129,
        92,
        105,
        107,
        75,
        0,
        64,
        115,
        173,
        148,
        160,
        147,
        171,
        106,
        105,
        114,
        101,
        150,
        115,
        46,
        181,
        76,
        91,
        104,
        93,
        169,
        80,
        79,
        137,
        62,
        130,
        134,
        55,
        111,
        137,
        87,
        71,
        93,
        58,
        111,
        39,
        53,
        87,
        95,
        152,
        157,
        112,
        46,
        97],
    [   65,
        144,
        99,
        30,
        75,
        165,
        243,
        192,
        127,
        75,
        134,
        165,
        156,
        185,
        114,
        60,
        180,
        185,
        55,
        86,
        33,
        190,
        34,
        81,
        59,
        69,
        64,
        0,
        53,
        157,
        125,
        219,
        205,
        226,
        68,
        72,
        143,
        83,
        197,
        128,
        107,
        238,
        131,
        27,
        77,
        29,
        174,
        17,
        106,
        182,
        66,
        88,
        161,
        69,
        167,
        73,
        23,
        90,
        157,
        12,
        151,
        82,
        94,
        100,
        148,
        179,
        130,
        54,
        26,
        75],
    [   112,
        182,
        152,
        52,
        128,
        181,
        282,
        226,
        180,
        64,
        187,
        162,
        209,
        200,
        165,
        12,
        219,
        178,
        79,
        114,
        25,
        233,
        51,
        74,
        77,
        114,
        115,
        53,
        0,
        139,
        105,
        261,
        245,
        263,
        52,
        60,
        192,
        81,
        227,
        140,
        159,
        277,
        185,
        33,
        68,
        26,
        173,
        43,
        131,
        211,
        90,
        55,
        178,
        98,
        220,
        25,
        38,
        115,
        207,
        64,
        179,
        135,
        147,
        118,
        185,
        196,
        106,
        56,
        79,
        111],
    [   219,
        167,
        230,
        127,
        214,
        103,
        243,
        181,
        225,
        81,
        251,
        47,
        280,
        113,
        257,
        128,
        195,
        48,
        208,
        115,
        133,
        218,
        180,
        75,
        209,
        224,
        173,
        157,
        139,
        0,
        33,
        235,
        217,
        221,
        90,
        85,
        286,
        75,
        173,
        79,
        212,
        238,
        246,
        160,
        80,
        152,
        56,
        163,
        112,
        159,
        111,
        84,
        105,
        118,
        277,
        155,
        163,
        109,
        229,
        168,
        135,
        212,
        227,
        93,
        168,
        114,
        34,
        193,
        175,
        233],
    [   188,
        158,
        204,
        96,
        186,
        110,
        244,
        181,
        205,
        49,
        228,
        65,
        256,
        124,
        229,
        94,
        190,
        76,
        175,
        96,
        99,
        211,
        147,
        44,
        176,
        193,
        148,
        125,
        105,
        33,
        0,
        232,
        215,
        222,
        57,
        52,
        258,
        47,
        176,
        75,
        190,
        239,
        223,
        126,
        48,
        118,
        76,
        130,
        99,
        161,
        86,
        51,
        110,
        95,
        256,
        122,
        129,
        91,
        214,
        136,
        132,
        185,
        200,
        78,
        160,
        123,
        10,
        159,
        145,
        200],
    [   221,
        78,
        175,
        208,
        187,
        134,
        28,
        56,
        124,
        218,
        154,
        194,
        172,
        134,
        203,
        260,
        42,
        209,
        258,
        149,
        235,
        30,
        251,
        211,
        267,
        227,
        160,
        219,
        261,
        235,
        232,
        0,
        17,
        30,
        226,
        221,
        217,
        202,
        68,
        157,
        138,
        26,
        148,
        246,
        214,
        246,
        191,
        237,
        137,
        77,
        172,
        249,
        131,
        163,
        148,
        286,
        243,
        151,
        85,
        217,
        99,
        173,
        178,
        158,
        76,
        129,
        242,
        272,
        206,
        251],
    [   211,
        63,
        167,
        193,
        177,
        118,
        37,
        40,
        118,
        201,
        150,
        177,
        170,
        118,
        197,
        244,
        26,
        193,
        246,
        133,
        220,
        23,
        238,
        194,
        255,
        217,
        147,
        205,
        245,
        217,
        215,
        17,
        0,
        27,
        210,
        204,
        212,
        186,
        53,
        140,
        130,
        33,
        144,
        232,
        198,
        231,
        174,
        223,
        121,
        61,
        156,
        232,
        114,
        147,
        147,
        271,
        229,
        135,
        81,
        204,
        82,
        164,
        170,
        141,
        60,
        113,
        225,
        258,
        193,
        241],
    [   236,
        81,
        194,
        211,
        203,
        118,
        22,
        40,
        145,
        214,
        177,
        177,
        198,
        113,
        224,
        261,
        46,
        191,
        269,
        149,
        238,
        50,
        259,
        206,
        277,
        243,
        171,
        226,
        263,
        221,
        222,
        30,
        27,
        0,
        224,
        218,
        240,
        198,
        47,
        147,
        156,
        17,
        171,
        252,
        211,
        251,
        173,
        243,
        134,
        61,
        173,
        245,
        115,
        164,
        174,
        288,
        249,
        150,
        108,
        225,
        90,
        190,
        197,
        153,
        78,
        109,
        232,
        280,
        216,
        266],
    [   133,
        147,
        157,
        42,
        136,
        131,
        244,
        185,
        169,
        12,
        186,
        109,
        212,
        149,
        178,
        44,
        184,
        126,
        117,
        76,
        42,
        201,
        89,
        22,
        118,
        138,
        106,
        68,
        52,
        90,
        57,
        226,
        210,
        224,
        0,
        7,
        208,
        29,
        184,
        89,
        151,
        239,
        182,
        69,
        16,
        61,
        120,
        72,
        90,
        168,
        55,
        25,
        128,
        65,
        217,
        75,
        72,
        74,
        187,
        81,
        135,
        138,
        153,
        72,
        150,
        146,
        61,
        103,
        91,
        143],
    [   136,
        142,
        157,
        44,
        137,
        124,
        238,
        178,
        167,
        4,
        186,
        102,
        212,
        142,
        180,
        51,
        178,
        119,
        122,
        71,
        47,
        196,
        95,
        14,
        124,
        141,
        105,
        72,
        60,
        85,
        52,
        221,
        204,
        218,
        7,
        0,
        209,
        22,
        177,
        82,
        150,
        233,
        181,
        75,
        8,
        67,
        113,
        77,
        84,
        161,
        51,
        28,
        121,
        61,
        216,
        82,
        77,
        69,
        184,
        84,
        129,
        139,
        153,
        65,
        145,
        139,
        57,
        109,
        93,
        148],
    [   81,
        180,
        58,
        165,
        72,
        249,
        245,
        227,
        95,
        211,
        62,
        277,
        49,
        265,
        29,
        202,
        199,
        300,
        124,
        178,
        176,
        189,
        144,
        214,
        133,
        80,
        114,
        143,
        192,
        286,
        258,
        217,
        212,
        240,
        208,
        209,
        0,
        212,
        239,
        229,
        91,
        243,
        68,
        160,
        211,
        166,
        284,
        149,
        191,
        230,
        175,
        230,
        243,
        170,
        77,
        204,
        154,
        185,
        132,
        130,
        213,
        75,
        60,
        202,
        183,
        258,
        266,
        154,
        117,
        93],
    [   143,
        125,
        157,
        52,
        139,
        101,
        219,
        158,
        160,
        17,
        181,
        83,
        209,
        120,
        182,
        73,
        160,
        102,
        136,
        55,
        65,
        178,
        110,
        8,
        139,
        149,
        101,
        83,
        81,
        75,
        47,
        202,
        186,
        198,
        29,
        22,
        212,
        0,
        156,
        60,
        144,
        213,
        177,
        91,
        13,
        85,
        94,
        91,
        64,
        140,
        40,
        46,
        99,
        50,
        210,
        104,
        93,
        51,
        172,
        93,
        108,
        138,
        153,
        45,
        127,
        116,
        55,
        126,
        100,
        158],
    [   219,
        60,
        186,
        177,
        189,
        70,
        70,
        14,
        144,
        173,
        179,
        129,
        204,
        66,
        218,
        224,
        45,
        143,
        245,
        113,
        204,
        67,
        231,
        165,
        253,
        226,
        150,
        197,
        227,
        173,
        176,
        68,
        53,
        47,
        184,
        177,
        239,
        156,
        0,
        101,
        149,
        65,
        172,
        221,
        170,
        218,
        125,
        214,
        96,
        16,
        137,
        203,
        68,
        130,
        184,
        253,
        219,
        112,
        116,
        199,
        48,
        178,
        187,
        112,
        57,
        62,
        186,
        252,
        191,
        248],
    [   176,
        88,
        170,
        100,
        160,
        41,
        169,
        106,
        154,
        78,
        184,
        50,
        213,
        60,
        201,
        133,
        116,
        72,
        183,
        50,
        121,
        139,
        161,
        68,
        188,
        182,
        115,
        128,
        140,
        79,
        75,
        157,
        140,
        147,
        89,
        82,
        229,
        60,
        101,
        0,
        145,
        163,
        178,
        144,
        74,
        139,
        54,
        141,
        38,
        86,
        62,
        104,
        38,
        63,
        206,
        164,
        144,
        44,
        152,
        135,
        57,
        154,
        168,
        29,
        89,
        56,
        85,
        179,
        136,
        198],
    [   85,
        90,
        37,
        113,
        50,
        160,
        166,
        137,
        21,
        150,
        39,
        195,
        68,
        175,
        68,
        164,
        112,
        217,
        128,
        97,
        136,
        108,
        129,
        149,
        137,
        90,
        46,
        107,
        159,
        212,
        190,
        138,
        130,
        156,
        151,
        150,
        91,
        144,
        149,
        145,
        0,
        162,
        33,
        133,
        148,
        136,
        200,
        122,
        106,
        140,
        103,
        176,
        154,
        95,
        66,
        180,
        129,
        104,
        57,
        98,
        122,
        36,
        40,
        121,
        92,
        168,
        199,
        148,
        84,
        115],
    [   245,
        94,
        199,
        224,
        211,
        135,
        5,
        57,
        149,
        230,
        180,
        194,
        199,
        130,
        228,
        275,
        57,
        208,
        279,
        163,
        252,
        54,
        271,
        222,
        288,
        251,
        181,
        238,
        277,
        238,
        239,
        26,
        33,
        17,
        239,
        233,
        243,
        213,
        65,
        163,
        162,
        0,
        174,
        264,
        226,
        263,
        190,
        256,
        149,
        78,
        187,
        260,
        133,
        178,
        174,
        302,
        262,
        164,
        111,
        237,
        106,
        197,
        203,
        168,
        91,
        127,
        249,
        292,
        226,
        275],
    [   94,
        115,
        37,
        143,
        61,
        191,
        177,
        159,
        28,
        182,
        6,
        228,
        35,
        205,
        56,
        191,
        131,
        250,
        141,
        131,
        163,
        121,
        149,
        181,
        151,
        98,
        76,
        131,
        185,
        246,
        223,
        148,
        144,
        171,
        182,
        181,
        68,
        177,
        172,
        178,
        33,
        174,
        0,
        156,
        181,
        161,
        232,
        144,
        139,
        165,
        136,
        207,
        185,
        128,
        35,
        204,
        151,
        138,
        63,
        121,
        151,
        50,
        43,
        154,
        117,
        198,
        232,
        165,
        106,
        121],
    [   79,
        170,
        122,
        44,
        97,
        184,
        269,
        217,
        154,
        79,
        158,
        175,
        178,
        203,
        132,
        43,
        206,
        194,
        49,
        108,
        27,
        217,
        21,
        87,
        49,
        81,
        91,
        27,
        33,
        160,
        126,
        246,
        232,
        252,
        69,
        75,
        160,
        91,
        221,
        144,
        133,
        264,
        156,
        0,
        82,
        8,
        185,
        11,
        127,
        205,
        86,
        81,
        179,
        91,
        191,
        47,
        5,
        110,
        185,
        34,
        174,
        106,
        116,
        118,
        173,
        198,
        129,
        35,
        50,
        79],
    [   140,
        136,
        158,
        47,
        139,
        115,
        231,
        171,
        165,
        4,
        185,
        94,
        212,
        133,
        182,
        60,
        172,
        112,
        129,
        66,
        55,
        190,
        102,
        6,
        130,
        145,
        104,
        77,
        68,
        80,
        48,
        214,
        198,
        211,
        16,
        8,
        211,
        13,
        170,
        74,
        148,
        226,
        181,
        82,
        0,
        75,
        104,
        83,
        77,
        153,
        47,
        34,
        112,
        57,
        215,
        91,
        84,
        62,
        180,
        88,
        121,
        139,
        154,
        58,
        139,
        130,
        54,
        116,
        96,
        153],
    [   86,
        169,
        127,
        41,
        102,
        179,
        268,
        215,
        157,
        72,
        163,
        168,
        184,
        198,
        139,
        35,
        206,
        187,
        57,
        105,
        19,
        217,
        29,
        80,
        57,
        88,
        93,
        29,
        26,
        152,
        118,
        246,
        231,
        251,
        61,
        67,
        166,
        85,
        218,
        139,
        136,
        263,
        161,
        8,
        75,
        0,
        179,
        17,
        123,
        203,
        82,
        73,
        175,
        88,
        196,
        43,
        12,
        107,
        187,
        39,
        171,
        110,
        121,
        113,
        172,
        194,
        121,
        41,
        54,
        87],
    [   228,
        134,
        225,
        144,
        214,
        56,
        195,
        135,
        208,
        108,
        239,
        11,
        267,
        60,
        255,
        163,
        154,
        19,
        229,
        105,
        159,
        179,
        204,
        98,
        232,
        234,
        169,
        174,
        173,
        56,
        76,
        191,
        174,
        173,
        120,
        113,
        284,
        94,
        125,
        54,
        200,
        190,
        232,
        185,
        104,
        179,
        0,
        185,
        93,
        113,
        113,
        124,
        60,
        116,
        259,
        194,
        187,
        98,
        202,
        183,
        96,
        209,
        223,
        82,
        134,
        63,
        83,
        220,
        186,
        248],
    [   68,
        162,
        110,
        41,
        85,
        180,
        260,
        209,
        143,
        81,
        146,
        175,
        167,
        199,
        121,
        53,
        198,
        194,
        45,
        102,
        31,
        207,
        19,
        89,
        47,
        71,
        80,
        17,
        43,
        163,
        130,
        237,
        223,
        243,
        72,
        77,
        149,
        91,
        214,
        141,
        122,
        256,
        144,
        11,
        83,
        17,
        185,
        0,
        121,
        198,
        81,
        87,
        175,
        85,
        179,
        59,
        6,
        105,
        174,
        23,
        167,
        94,
        104,
        114,
        165,
        194,
        133,
        38,
        38,
        72],
    [   144,
        60,
        132,
        82,
        124,
        62,
        154,
        95,
        115,
        80,
        145,
        88,
        174,
        81,
        164,
        128,
        95,
        111,
        158,
        19,
        108,
        114,
        140,
        73,
        164,
        151,
        79,
        106,
        131,
        112,
        99,
        137,
        121,
        134,
        90,
        84,
        191,
        64,
        96,
        38,
        106,
        149,
        139,
        127,
        77,
        123,
        93,
        121,
        0,
        79,
        41,
        111,
        57,
        36,
        167,
        157,
        126,
        16,
        116,
        110,
        47,
        117,
        131,
        21,
        62,
        75,
        109,
        160,
        107,
        169],
    [   207,
        50,
        176,
        162,
        178,
        57,
        84,
        22,
        137,
        157,
        172,
        116,
        197,
        57,
        208,
        207,
        46,
        132,
        231,
        97,
        188,
        70,
        216,
        148,
        238,
        213,
        137,
        182,
        211,
        159,
        161,
        77,
        61,
        61,
        168,
        161,
        230,
        140,
        16,
        86,
        140,
        78,
        165,
        205,
        153,
        203,
        113,
        198,
        79,
        0,
        121,
        187,
        54,
        114,
        180,
        237,
        204,
        96,
        112,
        184,
        32,
        166,
        177,
        95,
        47,
        51,
        171,
        237,
        177,
        235],
    [   115,
        93,
        119,
        41,
        103,
        99,
        192,
        135,
        119,
        49,
        141,
        105,
        169,
        118,
        146,
        88,
        130,
        127,
        120,
        23,
        66,
        146,
        100,
        46,
        126,
        121,
        62,
        66,
        90,
        111,
        86,
        172,
        156,
        173,
        55,
        51,
        175,
        40,
        137,
        62,
        103,
        187,
        136,
        86,
        47,
        82,
        113,
        81,
        41,
        121,
        0,
        79,
        94,
        10,
        169,
        116,
        85,
        24,
        133,
        72,
        89,
        101,
        116,
        34,
        96,
        113,
        95,
        119,
        73,
        135],
    [   153,
        170,
        181,
        65,
        159,
        145,
        265,
        205,
        194,
        30,
        211,
        113,
        236,
        162,
        200,
        44,
        206,
        126,
        131,
        100,
        56,
        224,
        102,
        38,
        130,
        157,
        130,
        88,
        55,
        84,
        51,
        249,
        232,
        245,
        25,
        28,
        230,
        46,
        203,
        104,
        176,
        260,
        207,
        81,
        34,
        73,
        124,
        87,
        111,
        187,
        79,
        0,
        143,
        90,
        242,
        71,
        85,
        97,
        212,
        100,
        155,
        162,
        176,
        92,
        173,
        160,
        50,
        111,
        112,
        160],
    [   201,
        77,
        185,
        134,
        179,
        6,
        138,
        76,
        158,
        116,
        191,
        62,
        220,
        24,
        217,
        171,
        94,
        79,
        214,
        75,
        157,
        119,
        194,
        107,
        220,
        208,
        134,
        161,
        178,
        105,
        110,
        131,
        114,
        115,
        128,
        121,
        243,
        99,
        68,
        38,
        154,
        133,
        185,
        179,
        112,
        175,
        60,
        175,
        57,
        54,
        94,
        143,
        0,
        91,
        208,
        202,
        179,
        71,
        146,
        166,
        37,
        171,
        184,
        61,
        76,
        18,
        120,
        214,
        164,
        226],
    [   113,
        84,
        112,
        47,
        98,
        96,
        183,
        127,
        110,
        60,
        133,
        108,
        161,
        116,
        141,
        97,
        121,
        130,
        123,
        17,
        74,
        136,
        103,
        56,
        128,
        119,
        55,
        69,
        98,
        118,
        95,
        163,
        147,
        164,
        65,
        61,
        170,
        50,
        130,
        63,
        95,
        178,
        128,
        91,
        57,
        88,
        116,
        85,
        36,
        114,
        10,
        90,
        91,
        0,
        160,
        124,
        90,
        20,
        123,
        74,
        82,
        94,
        109,
        34,
        87,
        110,
        104,
        124,
        72,
        135],
    [   125,
        133,
        70,
        178,
        95,
        214,
        175,
        170,
        51,
        216,
        33,
        256,
        27,
        226,
        78,
        227,
        140,
        278,
        173,
        162,
        198,
        124,
        183,
        215,
        183,
        128,
        111,
        167,
        220,
        277,
        256,
        148,
        147,
        174,
        217,
        216,
        77,
        210,
        184,
        206,
        66,
        174,
        35,
        191,
        215,
        196,
        259,
        179,
        167,
        180,
        169,
        242,
        208,
        160,
        0,
        239,
        186,
        168,
        68,
        156,
        172,
        85,
        76,
        184,
        135,
        219,
        265,
        199,
        141,
        150],
    [   123,
        208,
        170,
        77,
        145,
        205,
        307,
        251,
        201,
        87,
        206,
        183,
        226,
        224,
        178,
        30,
        245,
        198,
        83,
        140,
        50,
        257,
        60,
        97,
        78,
        124,
        137,
        73,
        25,
        155,
        122,
        286,
        271,
        288,
        75,
        82,
        204,
        104,
        253,
        164,
        180,
        302,
        204,
        47,
        91,
        43,
        194,
        59,
        157,
        237,
        116,
        71,
        202,
        124,
        239,
        0,
        52,
        140,
        230,
        82,
        204,
        153,
        164,
        143,
        211,
        220,
        121,
        55,
        97,
        117],
    [   73,
        167,
        117,
        44,
        92,
        183,
        266,
        215,
        149,
        81,
        153,
        176,
        173,
        203,
        127,
        48,
        204,
        196,
        45,
        107,
        30,
        214,
        17,
        89,
        46,
        76,
        87,
        23,
        38,
        163,
        129,
        243,
        229,
        249,
        72,
        77,
        154,
        93,
        219,
        144,
        129,
        262,
        151,
        5,
        84,
        12,
        187,
        6,
        126,
        204,
        85,
        85,
        179,
        90,
        186,
        52,
        0,
        110,
        181,
        30,
        172,
        101,
        111,
        118,
        171,
        198,
        132,
        34,
        45,
        74],
    [   132,
        73,
        126,
        66,
        115,
        76,
        170,
        111,
        116,
        66,
        143,
        92,
        172,
        95,
        156,
        111,
        109,
        114,
        143,
        6,
        91,
        127,
        124,
        59,
        149,
        139,
        71,
        90,
        115,
        109,
        91,
        151,
        135,
        150,
        74,
        69,
        185,
        51,
        112,
        44,
        104,
        164,
        138,
        110,
        62,
        107,
        98,
        105,
        16,
        96,
        24,
        97,
        71,
        20,
        168,
        140,
        110,
        0,
        122,
        95,
        64,
        110,
        124,
        16,
        76,
        89,
        101,
        144,
        93,
        155],
    [   143,
        69,
        91,
        156,
        107,
        151,
        113,
        101,
        40,
        183,
        69,
        200,
        90,
        161,
        118,
        210,
        71,
        221,
        185,
        117,
        182,
        58,
        184,
        179,
        194,
        148,
        93,
        157,
        207,
        229,
        214,
        85,
        81,
        108,
        187,
        184,
        132,
        172,
        116,
        152,
        57,
        111,
        63,
        185,
        180,
        187,
        202,
        174,
        116,
        112,
        133,
        212,
        146,
        123,
        68,
        230,
        181,
        122,
        0,
        151,
        108,
        94,
        95,
        136,
        69,
        154,
        224,
        204,
        137,
        173],
    [   52,
        144,
        88,
        41,
        63,
        171,
        241,
        193,
        119,
        87,
        123,
        174,
        145,
        190,
        102,
        72,
        179,
        195,
        48,
        91,
        46,
        187,
        34,
        93,
        54,
        56,
        58,
        12,
        64,
        168,
        136,
        217,
        204,
        225,
        81,
        84,
        130,
        93,
        199,
        135,
        98,
        237,
        121,
        34,
        88,
        39,
        183,
        23,
        110,
        184,
        72,
        100,
        166,
        74,
        156,
        82,
        30,
        95,
        151,
        0,
        154,
        71,
        82,
        107,
        147,
        185,
        142,
        54,
        15,
        65],
    [   181,
        39,
        156,
        130,
        154,
        43,
        112,
        49,
        124,
        125,
        158,
        97,
        186,
        54,
        189,
        175,
        59,
        116,
        201,
        65,
        155,
        83,
        185,
        117,
        208,
        187,
        111,
        151,
        179,
        135,
        132,
        99,
        82,
        90,
        135,
        129,
        213,
        108,
        48,
        57,
        122,
        106,
        151,
        174,
        121,
        171,
        96,
        167,
        47,
        32,
        89,
        155,
        37,
        82,
        172,
        204,
        172,
        64,
        108,
        154,
        0,
        144,
        156,
        63,
        39,
        46,
        143,
        206,
        148,
        208],
    [   49,
        117,
        18,
        97,
        13,
        177,
        201,
        167,
        55,
        140,
        52,
        202,
        74,
        194,
        46,
        142,
        144,
        225,
        93,
        103,
        114,
        143,
        98,
        141,
        102,
        54,
        39,
        82,
        135,
        212,
        185,
        173,
        164,
        190,
        138,
        139,
        75,
        138,
        178,
        154,
        36,
        197,
        50,
        106,
        139,
        110,
        209,
        94,
        117,
        166,
        101,
        162,
        171,
        94,
        85,
        153,
        101,
        110,
        94,
        71,
        144,
        0,
        14,
        126,
        120,
        187,
        193,
        115,
        56,
        79],
    [   50,
        127,
        5,
        111,
        19,
        190,
        206,
        176,
        55,
        155,
        43,
        217,
        62,
        207,
        32,
        154,
        152,
        239,
        98,
        118,
        126,
        148,
        107,
        156,
        107,
        55,
        53,
        94,
        147,
        227,
        200,
        178,
        170,
        197,
        153,
        153,
        60,
        153,
        187,
        168,
        40,
        203,
        43,
        116,
        154,
        121,
        223,
        104,
        131,
        177,
        116,
        176,
        184,
        109,
        76,
        164,
        111,
        124,
        95,
        82,
        156,
        14,
        0,
        141,
        130,
        200,
        208,
        122,
        67,
        78],
    [   147,
        81,
        143,
        73,
        131,
        65,
        174,
        113,
        132,
        61,
        160,
        75,
        189,
        85,
        173,
        113,
        115,
        98,
        155,
        23,
        96,
        135,
        133,
        53,
        160,
        153,
        87,
        100,
        118,
        93,
        78,
        158,
        141,
        153,
        72,
        65,
        202,
        45,
        112,
        29,
        121,
        168,
        154,
        118,
        58,
        113,
        82,
        114,
        21,
        95,
        34,
        92,
        61,
        34,
        184,
        143,
        118,
        16,
        136,
        107,
        63,
        126,
        141,
        0,
        83,
        80,
        88,
        152,
        106,
        169],
    [   163,
        3,
        129,
        133,
        132,
        82,
        96,
        47,
        89,
        142,
        124,
        134,
        151,
        91,
        161,
        184,
        33,
        154,
        192,
        73,
        160,
        51,
        181,
        135,
        200,
        169,
        95,
        148,
        185,
        168,
        160,
        76,
        60,
        78,
        150,
        145,
        183,
        127,
        57,
        89,
        92,
        91,
        117,
        173,
        139,
        172,
        134,
        165,
        62,
        47,
        96,
        173,
        76,
        87,
        135,
        211,
        171,
        76,
        69,
        147,
        39,
        120,
        130,
        83,
        0,
        85,
        171,
        202,
        138,
        192],
    [   219,
        85,
        200,
        153,
        196,
        15,
        132,
        73,
        171,
        134,
        205,
        68,
        233,
        7,
        233,
        190,
        96,
        81,
        233,
        94,
        176,
        121,
        213,
        124,
        239,
        225,
        152,
        179,
        196,
        114,
        123,
        129,
        113,
        109,
        146,
        139,
        258,
        116,
        62,
        56,
        168,
        127,
        198,
        198,
        130,
        194,
        63,
        194,
        75,
        51,
        113,
        160,
        18,
        110,
        219,
        220,
        198,
        89,
        154,
        185,
        46,
        187,
        200,
        80,
        85,
        0,
        133,
        232,
        182,
        244],
    [   194,
        169,
        212,
        101,
        193,
        120,
        255,
        192,
        214,
        54,
        237,
        72,
        264,
        133,
        236,
        94,
        200,
        81,
        178,
        106,
        102,
        222,
        150,
        51,
        178,
        198,
        157,
        130,
        106,
        34,
        10,
        242,
        225,
        232,
        61,
        57,
        266,
        55,
        186,
        85,
        199,
        249,
        232,
        129,
        54,
        121,
        83,
        133,
        109,
        171,
        95,
        50,
        120,
        104,
        265,
        121,
        132,
        101,
        224,
        142,
        143,
        193,
        208,
        88,
        171,
        133,
        0,
        161,
        150,
        205],
    [   75,
        198,
        128,
        79,
        104,
        218,
        296,
        247,
        169,
        113,
        165,
        210,
        181,
        237,
        130,
        68,
        234,
        228,
        29,
        141,
        61,
        242,
        20,
        122,
        22,
        74,
        112,
        54,
        56,
        193,
        159,
        272,
        258,
        280,
        103,
        109,
        154,
        126,
        252,
        179,
        148,
        292,
        165,
        35,
        116,
        41,
        220,
        38,
        160,
        237,
        119,
        111,
        214,
        124,
        199,
        55,
        34,
        144,
        204,
        54,
        206,
        115,
        122,
        152,
        202,
        232,
        161,
        0,
        66,
        62],
    [   43,
        135,
        73,
        49,
        49,
        169,
        231,
        185,
        105,
        96,
        108,
        177,
        130,
        188,
        88,
        86,
        169,
        198,
        54,
        88,
        59,
        176,
        46,
        100,
        61,
        49,
        46,
        26,
        79,
        175,
        145,
        206,
        193,
        216,
        91,
        93,
        117,
        100,
        191,
        136,
        84,
        226,
        106,
        50,
        96,
        54,
        186,
        38,
        107,
        177,
        73,
        112,
        164,
        72,
        141,
        97,
        45,
        93,
        137,
        15,
        148,
        56,
        67,
        106,
        138,
        182,
        150,
        66,
        0,
        62],
    [   30,
        189,
        84,
        106,
        65,
        231,
        278,
        240,
        133,
        151,
        119,
        239,
        128,
        250,
        74,
        122,
        220,
        260,
        33,
        150,
        103,
        221,
        59,
        157,
        40,
        24,
        97,
        75,
        111,
        233,
        200,
        251,
        241,
        266,
        143,
        148,
        93,
        158,
        248,
        198,
        115,
        275,
        121,
        79,
        153,
        87,
        248,
        72,
        169,
        235,
        135,
        160,
        226,
        135,
        150,
        117,
        74,
        155,
        173,
        65,
        208,
        79,
        78,
        169,
        192,
        244,
        205,
        62,
        62,
        0]]
;
task=[   366,
    122,
    99,
    444,
    199,
    530,
    146,
    593,
    101,
    203,
    225,
    162,
    48,
    36,
    14,
    101,
    325,
    189,
    138,
    197,
    54,
    28,
    14,
    209,
    3,
    139,
    4,
    95,
    179,
    196,
    154,
    116,
    245,
    373,
    131,
    208,
    347,
    394,
    191,
    352,
    120,
    436,
    482,
    313,
    230,
    46,
    185,
    21,
    174,
    469,
    462,
    248,
    179,
    462,
    27,
    146,
    266,
    296,
    81,
    365,
    107,
    300,
    12,
    229,
    0,
    40,
    209,
    161,
    285,
    165]
;
minW=[   35,
    0,
    94,
    12,
    130,
    27,
    70,
    18,
    66,
    100,
    90,
    68,
    84,
    22,
    0,
    31,
    14,
    142,
    63,
    31,
    49,
    17,
    144,
    48,
    165,
    61,
    86,
    61,
    125,
    56,
    71,
    25,
    38,
    10,
    73,
    106,
    23,
    83,
    27,
    19,
    78,
    9,
    5,
    94,
    22,
    15,
    20,
    127,
    40,
    18,
    87,
    87,
    64,
    6,
    104,
    130,
    47,
    33,
    65,
    38,
    6,
    83,
    103,
    78,
    0,
    73,
    54,
    28,
    54,
    86]
;
maxW=[   213,
    137,
    174,
    452,
    232,
    247,
    252,
    76,
    383,
    149,
    271,
    189,
    359,
    328,
    310,
    218,
    37,
    349,
    344,
    381,
    413,
    75,
    383,
    376,
    218,
    345,
    170,
    464,
    504,
    250,
    277,
    176,
    221,
    117,
    317,
    439,
    394,
    421,
    160,
    102,
    257,
    173,
    413,
    230,
    161,
    270,
    275,
    394,
    241,
    333,
    177,
    304,
    256,
    343,
    225,
    384,
    434,
    361,
    380,
    149,
    90,
    288,
    306,
    351,
    720,
    260,
    432,
    516,
    272,
    283]
;