// Generated by InstanceGenerator.py v0.1
// Juan Francisco Martinez Vera
// AMMM - MIRI, FIB UPC
//
// RAND_SEED=1484782522

bigM=100000;

nLocations=70;
startLocation=40;
distances=[   [   0,
        160,
        161,
        48,
        155,
        5,
        81,
        76,
        128,
        190,
        158,
        220,
        13,
        95,
        106,
        28,
        74,
        131,
        48,
        67,
        189,
        96,
        72,
        141,
        173,
        124,
        71,
        163,
        162,
        89,
        83,
        152,
        59,
        82,
        109,
        148,
        184,
        146,
        55,
        117,
        182,
        140,
        103,
        123,
        68,
        114,
        174,
        161,
        75,
        176,
        143,
        129,
        85,
        86,
        73,
        100,
        124,
        67,
        142,
        143,
        173,
        143,
        151,
        107,
        106,
        173,
        82,
        136,
        112,
        95],
    [   160,
        0,
        52,
        119,
        148,
        165,
        80,
        134,
        121,
        103,
        108,
        69,
        157,
        254,
        113,
        188,
        205,
        35,
        208,
        93,
        70,
        143,
        105,
        42,
        31,
        51,
        228,
        151,
        6,
        91,
        103,
        159,
        220,
        102,
        184,
        120,
        116,
        29,
        105,
        175,
        212,
        154,
        175,
        133,
        112,
        91,
        124,
        182,
        92,
        159,
        22,
        82,
        201,
        231,
        91,
        147,
        163,
        123,
        141,
        53,
        67,
        139,
        34,
        192,
        187,
        14,
        242,
        104,
        132,
        69],
    [   161,
        52,
        0,
        132,
        102,
        166,
        93,
        111,
        162,
        51,
        59,
        63,
        154,
        257,
        148,
        186,
        220,
        39,
        205,
        97,
        29,
        174,
        127,
        22,
        28,
        38,
        232,
        103,
        59,
        74,
        130,
        201,
        217,
        128,
        152,
        73,
        64,
        76,
        114,
        140,
        167,
        111,
        144,
        172,
        98,
        129,
        72,
        137,
        112,
        110,
        39,
        43,
        178,
        216,
        107,
        115,
        125,
        105,
        184,
        100,
        17,
        94,
        83,
        161,
        157,
        48,
        241,
        148,
        168,
        67],
    [   48,
        119,
        132,
        0,
        157,
        52,
        40,
        85,
        85,
        171,
        146,
        184,
        52,
        135,
        62,
        76,
        88,
        96,
        95,
        37,
        161,
        63,
        24,
        110,
        137,
        94,
        109,
        164,
        120,
        72,
        36,
        115,
        105,
        35,
        134,
        141,
        170,
        101,
        18,
        136,
        198,
        147,
        126,
        83,
        63,
        67,
        164,
        173,
        28,
        177,
        105,
        111,
        123,
        133,
        28,
        112,
        138,
        70,
        103,
        96,
        147,
        144,
        105,
        135,
        133,
        133,
        126,
        90,
        73,
        65],
    [   155,
        148,
        102,
        157,
        0,
        158,
        137,
        78,
        225,
        77,
        44,
        155,
        142,
        235,
        204,
        167,
        229,
        118,
        181,
        123,
        108,
        218,
        168,
        106,
        130,
        102,
        218,
        8,
        155,
        88,
        178,
        263,
        191,
        175,
        77,
        28,
        58,
        164,
        140,
        61,
        64,
        19,
        74,
        229,
        94,
        193,
        41,
        35,
        154,
        21,
        128,
        68,
        118,
        164,
        147,
        57,
        43,
        90,
        246,
        183,
        95,
        12,
        172,
        87,
        84,
        149,
        214,
        218,
        222,
        110],
    [   5,
        165,
        166,
        52,
        158,
        0,
        86,
        79,
        131,
        194,
        162,
        225,
        16,
        90,
        109,
        24,
        72,
        136,
        43,
        72,
        194,
        98,
        76,
        146,
        178,
        129,
        66,
        166,
        167,
        93,
        87,
        154,
        54,
        86,
        110,
        151,
        188,
        151,
        60,
        118,
        183,
        143,
        104,
        125,
        72,
        118,
        178,
        164,
        79,
        179,
        148,
        134,
        85,
        83,
        77,
        103,
        127,
        71,
        145,
        148,
        178,
        146,
        156,
        108,
        107,
        178,
        77,
        139,
        115,
        100],
    [   81,
        80,
        93,
        40,
        137,
        86,
        0,
        81,
        88,
        136,
        117,
        144,
        79,
        174,
        67,
        109,
        128,
        56,
        129,
        20,
        122,
        84,
        34,
        71,
        97,
        56,
        147,
        143,
        81,
        48,
        41,
        125,
        140,
        39,
        135,
        116,
        138,
        65,
        25,
        133,
        188,
        132,
        126,
        92,
        54,
        57,
        135,
        160,
        19,
        155,
        65,
        80,
        137,
        158,
        13,
        104,
        129,
        65,
        109,
        67,
        109,
        124,
        71,
        140,
        136,
        94,
        162,
        83,
        85,
        29],
    [   76,
        134,
        111,
        85,
        78,
        79,
        81,
        0,
        165,
        123,
        87,
        175,
        63,
        160,
        142,
        90,
        151,
        98,
        106,
        62,
        134,
        149,
        103,
        98,
        132,
        84,
        141,
        86,
        139,
        43,
        115,
        199,
        117,
        112,
        54,
        74,
        113,
        135,
        72,
        52,
        113,
        64,
        45,
        166,
        27,
        138,
        101,
        88,
        92,
        99,
        112,
        69,
        67,
        105,
        86,
        26,
        52,
        16,
        185,
        145,
        117,
        67,
        142,
        59,
        55,
        142,
        141,
        164,
        157,
        68],
    [   128,
        121,
        162,
        85,
        225,
        131,
        88,
        165,
        0,
        212,
        200,
        190,
        136,
        192,
        23,
        153,
        122,
        123,
        168,
        104,
        188,
        41,
        62,
        141,
        151,
        132,
        166,
        231,
        117,
        137,
        50,
        39,
        176,
        53,
        217,
        202,
        219,
        92,
        93,
        217,
        276,
        220,
        209,
        14,
        139,
        33,
        219,
        248,
        72,
        243,
        123,
        164,
        208,
        215,
        80,
        190,
        216,
        149,
        22,
        69,
        179,
        212,
        89,
        220,
        217,
        135,
        191,
        20,
        20,
        114],
    [   190,
        103,
        51,
        171,
        77,
        194,
        136,
        123,
        212,
        0,
        38,
        82,
        180,
        282,
        197,
        210,
        257,
        89,
        228,
        133,
        38,
        220,
        171,
        71,
        74,
        81,
        260,
        74,
        109,
        101,
        176,
        252,
        240,
        174,
        148,
        56,
        20,
        128,
        152,
        133,
        138,
        94,
        142,
        221,
        122,
        179,
        36,
        111,
        155,
        75,
        91,
        60,
        183,
        227,
        149,
        116,
        115,
        125,
        234,
        152,
        35,
        76,
        135,
        158,
        154,
        96,
        264,
        199,
        217,
        107],
    [   158,
        108,
        59,
        146,
        44,
        162,
        117,
        87,
        200,
        38,
        0,
        111,
        147,
        248,
        182,
        176,
        228,
        83,
        193,
        109,
        64,
        201,
        151,
        68,
        87,
        69,
        227,
        44,
        115,
        74,
        158,
        240,
        205,
        156,
        110,
        18,
        25,
        128,
        127,
        95,
        109,
        58,
        103,
        207,
        90,
        167,
        18,
        79,
        135,
        51,
        90,
        36,
        145,
        189,
        129,
        78,
        77,
        91,
        223,
        150,
        51,
        40,
        136,
        120,
        116,
        107,
        229,
        190,
        202,
        87],
    [   220,
        69,
        63,
        184,
        155,
        225,
        144,
        175,
        190,
        82,
        111,
        0,
        214,
        315,
        183,
        246,
        272,
        88,
        266,
        153,
        47,
        213,
        173,
        79,
        47,
        96,
        290,
        154,
        72,
        137,
        172,
        226,
        278,
        171,
        214,
        129,
        103,
        98,
        168,
        202,
        219,
        169,
        207,
        202,
        160,
        160,
        117,
        191,
        159,
        157,
        78,
        106,
        242,
        279,
        156,
        178,
        186,
        168,
        209,
        120,
        61,
        151,
        100,
        224,
        219,
        55,
        301,
        172,
        202,
        124],
    [   13,
        157,
        154,
        52,
        142,
        16,
        79,
        63,
        136,
        180,
        147,
        214,
        0,
        103,
        113,
        32,
        88,
        126,
        51,
        63,
        181,
        106,
        77,
        135,
        167,
        118,
        80,
        150,
        160,
        80,
        89,
        162,
        63,
        87,
        95,
        135,
        173,
        145,
        55,
        103,
        168,
        127,
        89,
        132,
        58,
        120,
        162,
        148,
        77,
        163,
        138,
        120,
        74,
        81,
        74,
        86,
        110,
        55,
        152,
        145,
        165,
        130,
        151,
        94,
        92,
        170,
        87,
        142,
        122,
        90],
    [   95,
        254,
        257,
        135,
        235,
        90,
        174,
        160,
        192,
        282,
        248,
        315,
        103,
        0,
        175,
        71,
        73,
        227,
        54,
        162,
        284,
        151,
        155,
        237,
        268,
        220,
        26,
        243,
        255,
        183,
        163,
        199,
        43,
        163,
        168,
        234,
        273,
        237,
        148,
        182,
        242,
        217,
        166,
        181,
        161,
        192,
        262,
        230,
        163,
        255,
        238,
        223,
        127,
        88,
        163,
        178,
        196,
        157,
        197,
        229,
        268,
        225,
        241,
        161,
        162,
        268,
        22,
        207,
        172,
        191],
    [   106,
        113,
        148,
        62,
        204,
        109,
        67,
        142,
        23,
        197,
        182,
        183,
        113,
        175,
        0,
        132,
        108,
        109,
        147,
        82,
        176,
        31,
        39,
        126,
        141,
        116,
        149,
        210,
        110,
        116,
        27,
        58,
        156,
        30,
        194,
        183,
        202,
        85,
        70,
        195,
        254,
        198,
        186,
        25,
        116,
        23,
        201,
        226,
        50,
        223,
        111,
        145,
        185,
        193,
        58,
        168,
        193,
        126,
        42,
        66,
        165,
        191,
        84,
        196,
        194,
        128,
        172,
        31,
        20,
        95],
    [   28,
        188,
        186,
        76,
        167,
        24,
        109,
        90,
        153,
        210,
        176,
        246,
        32,
        71,
        132,
        0,
        74,
        158,
        19,
        94,
        213,
        118,
        100,
        167,
        199,
        150,
        51,
        175,
        190,
        112,
        111,
        173,
        31,
        110,
        108,
        164,
        202,
        175,
        84,
        119,
        183,
        150,
        104,
        146,
        89,
        142,
        191,
        167,
        103,
        187,
        170,
        151,
        75,
        62,
        102,
        109,
        130,
        85,
        166,
        172,
        197,
        156,
        180,
        104,
        104,
        201,
        55,
        163,
        136,
        122],
    [   74,
        205,
        220,
        88,
        229,
        72,
        128,
        151,
        122,
        257,
        228,
        272,
        88,
        73,
        108,
        74,
        0,
        184,
        75,
        124,
        249,
        80,
        99,
        198,
        225,
        182,
        51,
        237,
        204,
        155,
        103,
        125,
        76,
        104,
        181,
        220,
        253,
        182,
        106,
        190,
        255,
        215,
        176,
        110,
        138,
        128,
        245,
        236,
        112,
        250,
        193,
        196,
        150,
        130,
        115,
        175,
        199,
        140,
        125,
        170,
        235,
        217,
        184,
        177,
        177,
        219,
        79,
        138,
        101,
        153],
    [   131,
        35,
        39,
        96,
        118,
        136,
        56,
        98,
        123,
        89,
        83,
        88,
        126,
        227,
        109,
        158,
        184,
        0,
        178,
        64,
        68,
        134,
        88,
        17,
        41,
        16,
        201,
        122,
        41,
        55,
        90,
        162,
        190,
        88,
        148,
        91,
        97,
        45,
        79,
        140,
        180,
        121,
        139,
        132,
        77,
        89,
        100,
        150,
        73,
        132,
        13,
        50,
        165,
        197,
        69,
        111,
        129,
        88,
        145,
        66,
        56,
        108,
        53,
        156,
        152,
        44,
        213,
        110,
        129,
        36],
    [   48,
        208,
        205,
        95,
        181,
        43,
        129,
        106,
        168,
        228,
        193,
        266,
        51,
        54,
        147,
        19,
        75,
        178,
        0,
        114,
        232,
        130,
        118,
        186,
        219,
        169,
        38,
        189,
        210,
        131,
        128,
        185,
        11,
        128,
        117,
        180,
        219,
        194,
        103,
        130,
        192,
        163,
        115,
        160,
        108,
        159,
        207,
        178,
        122,
        201,
        190,
        170,
        80,
        54,
        121,
        124,
        143,
        103,
        179,
        191,
        216,
        171,
        199,
        111,
        112,
        221,
        36,
        179,
        150,
        142],
    [   67,
        93,
        97,
        37,
        123,
        72,
        20,
        62,
        104,
        133,
        109,
        153,
        63,
        162,
        82,
        94,
        124,
        64,
        114,
        0,
        125,
        94,
        44,
        75,
        106,
        58,
        137,
        130,
        96,
        35,
        55,
        140,
        126,
        52,
        115,
        105,
        132,
        83,
        18,
        114,
        171,
        116,
        106,
        107,
        34,
        76,
        127,
        144,
        31,
        143,
        75,
        74,
        117,
        140,
        24,
        86,
        111,
        45,
        125,
        87,
        110,
        110,
        90,
        119,
        116,
        106,
        149,
        102,
        99,
        29],
    [   189,
        70,
        29,
        161,
        108,
        194,
        122,
        134,
        188,
        38,
        64,
        47,
        181,
        284,
        176,
        213,
        249,
        68,
        232,
        125,
        0,
        202,
        156,
        51,
        39,
        67,
        260,
        107,
        76,
        101,
        158,
        227,
        244,
        156,
        169,
        82,
        57,
        98,
        143,
        156,
        172,
        122,
        162,
        198,
        124,
        155,
        71,
        144,
        140,
        111,
        64,
        64,
        199,
        240,
        136,
        134,
        140,
        131,
        209,
        123,
        17,
        104,
        104,
        179,
        175,
        61,
        268,
        172,
        196,
        96],
    [   96,
        143,
        174,
        63,
        218,
        98,
        84,
        149,
        41,
        220,
        201,
        213,
        106,
        151,
        31,
        118,
        80,
        134,
        130,
        94,
        202,
        0,
        50,
        151,
        169,
        139,
        125,
        225,
        140,
        130,
        43,
        55,
        138,
        46,
        196,
        199,
        223,
        116,
        78,
        199,
        262,
        209,
        188,
        30,
        125,
        54,
        220,
        236,
        65,
        237,
        138,
        165,
        181,
        180,
        72,
        175,
        201,
        133,
        48,
        97,
        190,
        205,
        115,
        197,
        195,
        158,
        151,
        58,
        20,
        114],
    [   72,
        105,
        127,
        24,
        168,
        76,
        34,
        103,
        62,
        171,
        151,
        173,
        77,
        155,
        39,
        100,
        99,
        88,
        118,
        44,
        156,
        50,
        0,
        104,
        127,
        90,
        128,
        175,
        104,
        80,
        12,
        96,
        129,
        10,
        154,
        149,
        173,
        83,
        31,
        155,
        215,
        161,
        146,
        62,
        77,
        42,
        170,
        188,
        15,
        188,
        95,
        115,
        147,
        158,
        22,
        129,
        154,
        87,
        82,
        74,
        143,
        155,
        86,
        157,
        154,
        120,
        148,
        65,
        54,
        64],
    [   141,
        42,
        22,
        110,
        106,
        146,
        71,
        98,
        141,
        71,
        68,
        79,
        135,
        237,
        126,
        167,
        198,
        17,
        186,
        75,
        51,
        151,
        104,
        0,
        34,
        17,
        212,
        109,
        49,
        58,
        107,
        180,
        198,
        105,
        145,
        78,
        80,
        60,
        92,
        135,
        170,
        112,
        136,
        150,
        81,
        107,
        84,
        139,
        89,
        118,
        22,
        39,
        166,
        201,
        84,
        107,
        122,
        90,
        162,
        83,
        39,
        96,
        68,
        153,
        149,
        46,
        222,
        127,
        146,
        46],
    [   173,
        31,
        28,
        137,
        130,
        178,
        97,
        132,
        151,
        74,
        87,
        47,
        167,
        268,
        141,
        199,
        225,
        41,
        219,
        106,
        39,
        169,
        127,
        34,
        0,
        50,
        243,
        131,
        37,
        92,
        128,
        190,
        231,
        126,
        177,
        102,
        90,
        60,
        121,
        166,
        195,
        139,
        169,
        163,
        116,
        120,
        100,
        165,
        113,
        138,
        32,
        69,
        200,
        235,
        110,
        140,
        152,
        124,
        172,
        84,
        39,
        122,
        65,
        186,
        182,
        22,
        255,
        135,
        161,
        77],
    [   124,
        51,
        38,
        94,
        102,
        129,
        56,
        84,
        132,
        81,
        69,
        96,
        118,
        220,
        116,
        150,
        182,
        16,
        169,
        58,
        67,
        139,
        90,
        17,
        50,
        0,
        195,
        106,
        57,
        42,
        95,
        172,
        181,
        92,
        132,
        75,
        86,
        61,
        76,
        123,
        164,
        105,
        123,
        140,
        65,
        99,
        87,
        133,
        75,
        116,
        29,
        34,
        151,
        185,
        69,
        95,
        112,
        74,
        154,
        81,
        53,
        91,
        69,
        140,
        136,
        58,
        205,
        121,
        136,
        29],
    [   71,
        228,
        232,
        109,
        218,
        66,
        147,
        141,
        166,
        260,
        227,
        290,
        80,
        26,
        149,
        51,
        51,
        201,
        38,
        137,
        260,
        125,
        128,
        212,
        243,
        195,
        0,
        226,
        229,
        160,
        136,
        175,
        32,
        136,
        156,
        215,
        253,
        210,
        122,
        168,
        231,
        201,
        153,
        155,
        138,
        165,
        242,
        217,
        136,
        238,
        212,
        200,
        118,
        86,
        137,
        160,
        181,
        135,
        172,
        202,
        244,
        207,
        214,
        150,
        150,
        242,
        28,
        180,
        146,
        166],
    [   163,
        151,
        103,
        164,
        8,
        166,
        143,
        86,
        231,
        74,
        44,
        154,
        150,
        243,
        210,
        175,
        237,
        122,
        189,
        130,
        107,
        225,
        175,
        109,
        131,
        106,
        226,
        0,
        158,
        95,
        184,
        269,
        199,
        181,
        84,
        31,
        54,
        168,
        147,
        68,
        64,
        27,
        81,
        235,
        101,
        199,
        38,
        37,
        160,
        13,
        131,
        71,
        125,
        172,
        153,
        65,
        50,
        97,
        252,
        187,
        95,
        20,
        176,
        94,
        91,
        151,
        222,
        223,
        229,
        116],
    [   162,
        6,
        59,
        120,
        155,
        167,
        81,
        139,
        117,
        109,
        115,
        72,
        160,
        255,
        110,
        190,
        204,
        41,
        210,
        96,
        76,
        140,
        104,
        49,
        37,
        57,
        229,
        158,
        0,
        95,
        102,
        155,
        222,
        100,
        189,
        127,
        123,
        25,
        107,
        181,
        219,
        161,
        180,
        130,
        116,
        88,
        131,
        188,
        93,
        166,
        28,
        88,
        205,
        235,
        91,
        152,
        169,
        127,
        137,
        48,
        74,
        146,
        28,
        197,
        193,
        17,
        244,
        100,
        129,
        72],
    [   89,
        91,
        74,
        72,
        88,
        93,
        48,
        43,
        137,
        101,
        74,
        137,
        80,
        183,
        116,
        112,
        155,
        55,
        131,
        35,
        101,
        130,
        80,
        58,
        92,
        42,
        160,
        95,
        95,
        0,
        89,
        174,
        143,
        86,
        95,
        69,
        98,
        92,
        54,
        89,
        140,
        83,
        86,
        141,
        23,
        106,
        92,
        111,
        65,
        107,
        69,
        41,
        109,
        143,
        58,
        60,
        82,
        32,
        158,
        105,
        84,
        75,
        100,
        102,
        98,
        100,
        167,
        131,
        134,
        26],
    [   83,
        103,
        130,
        36,
        178,
        87,
        41,
        115,
        50,
        176,
        158,
        172,
        89,
        163,
        27,
        111,
        103,
        90,
        128,
        55,
        158,
        43,
        12,
        107,
        128,
        95,
        136,
        184,
        102,
        89,
        0,
        85,
        138,
        2,
        166,
        157,
        179,
        79,
        42,
        167,
        226,
        171,
        158,
        52,
        89,
        30,
        177,
        199,
        23,
        197,
        96,
        121,
        159,
        170,
        30,
        140,
        166,
        98,
        70,
        67,
        147,
        165,
        81,
        169,
        166,
        118,
        157,
        53,
        44,
        71],
    [   152,
        159,
        201,
        115,
        263,
        154,
        125,
        199,
        39,
        252,
        240,
        226,
        162,
        199,
        58,
        173,
        125,
        162,
        185,
        140,
        227,
        55,
        96,
        180,
        190,
        172,
        175,
        269,
        155,
        174,
        85,
        0,
        191,
        88,
        250,
        241,
        258,
        130,
        127,
        251,
        312,
        257,
        241,
        33,
        174,
        73,
        258,
        284,
        109,
        281,
        162,
        203,
        236,
        236,
        116,
        225,
        251,
        183,
        17,
        106,
        218,
        250,
        126,
        251,
        248,
        172,
        202,
        54,
        41,
        153],
    [   59,
        220,
        217,
        105,
        191,
        54,
        140,
        117,
        176,
        240,
        205,
        278,
        63,
        43,
        156,
        31,
        76,
        190,
        11,
        126,
        244,
        138,
        129,
        198,
        231,
        181,
        32,
        199,
        222,
        143,
        138,
        191,
        0,
        138,
        125,
        191,
        230,
        206,
        115,
        139,
        200,
        173,
        123,
        168,
        119,
        169,
        218,
        187,
        133,
        211,
        202,
        181,
        86,
        54,
        132,
        134,
        152,
        115,
        186,
        202,
        227,
        181,
        210,
        119,
        120,
        233,
        24,
        188,
        158,
        154],
    [   82,
        102,
        128,
        35,
        175,
        86,
        39,
        112,
        53,
        174,
        156,
        171,
        87,
        163,
        30,
        110,
        104,
        88,
        128,
        52,
        156,
        46,
        10,
        105,
        126,
        92,
        136,
        181,
        100,
        86,
        2,
        88,
        138,
        0,
        164,
        155,
        177,
        78,
        40,
        164,
        223,
        168,
        155,
        54,
        86,
        32,
        174,
        196,
        20,
        194,
        94,
        119,
        157,
        168,
        28,
        137,
        163,
        96,
        73,
        66,
        144,
        162,
        80,
        167,
        164,
        117,
        156,
        55,
        47,
        68],
    [   109,
        184,
        152,
        134,
        77,
        110,
        135,
        54,
        217,
        148,
        110,
        214,
        95,
        168,
        194,
        108,
        181,
        148,
        117,
        115,
        169,
        196,
        154,
        145,
        177,
        132,
        156,
        84,
        189,
        95,
        166,
        250,
        125,
        164,
        0,
        91,
        131,
        188,
        124,
        16,
        75,
        57,
        9,
        217,
        81,
        191,
        115,
        63,
        145,
        94,
        161,
        108,
        42,
        89,
        139,
        37,
        34,
        70,
        236,
        199,
        153,
        72,
        195,
        10,
        6,
        191,
        146,
        217,
        208,
        122],
    [   148,
        120,
        73,
        141,
        28,
        151,
        116,
        74,
        202,
        56,
        18,
        129,
        135,
        234,
        183,
        164,
        220,
        91,
        180,
        105,
        82,
        199,
        149,
        78,
        102,
        75,
        215,
        31,
        127,
        69,
        157,
        241,
        191,
        155,
        91,
        0,
        41,
        137,
        123,
        76,
        93,
        39,
        85,
        208,
        81,
        170,
        27,
        63,
        134,
        41,
        100,
        40,
        127,
        172,
        127,
        61,
        59,
        80,
        224,
        157,
        68,
        21,
        144,
        101,
        97,
        121,
        215,
        194,
        202,
        87],
    [   184,
        116,
        64,
        170,
        58,
        188,
        138,
        113,
        219,
        20,
        25,
        103,
        173,
        273,
        202,
        202,
        253,
        97,
        219,
        132,
        57,
        223,
        173,
        80,
        90,
        86,
        253,
        54,
        123,
        98,
        179,
        258,
        230,
        177,
        131,
        41,
        0,
        140,
        151,
        116,
        117,
        76,
        126,
        227,
        116,
        185,
        16,
        91,
        157,
        55,
        101,
        58,
        169,
        213,
        151,
        102,
        98,
        117,
        241,
        163,
        50,
        59,
        147,
        142,
        138,
        112,
        255,
        207,
        222,
        108],
    [   146,
        29,
        76,
        101,
        164,
        151,
        65,
        135,
        92,
        128,
        128,
        98,
        145,
        237,
        85,
        175,
        182,
        45,
        194,
        83,
        98,
        116,
        83,
        60,
        60,
        61,
        210,
        168,
        25,
        92,
        79,
        130,
        206,
        78,
        188,
        137,
        140,
        0,
        91,
        181,
        225,
        166,
        179,
        104,
        110,
        62,
        145,
        195,
        73,
        177,
        38,
        96,
        198,
        224,
        73,
        152,
        172,
        121,
        112,
        24,
        93,
        153,
        8,
        194,
        190,
        43,
        227,
        75,
        104,
        66],
    [   55,
        105,
        114,
        18,
        140,
        60,
        25,
        72,
        93,
        152,
        127,
        168,
        55,
        148,
        70,
        84,
        106,
        79,
        103,
        18,
        143,
        78,
        31,
        92,
        121,
        76,
        122,
        147,
        107,
        54,
        42,
        127,
        115,
        40,
        124,
        123,
        151,
        91,
        0,
        124,
        184,
        131,
        115,
        93,
        47,
        69,
        146,
        158,
        23,
        160,
        90,
        92,
        119,
        135,
        18,
        98,
        124,
        56,
        113,
        90,
        128,
        127,
        96,
        126,
        123,
        119,
        137,
        94,
        85,
        46],
    [   117,
        175,
        140,
        136,
        61,
        118,
        133,
        52,
        217,
        133,
        95,
        202,
        103,
        182,
        195,
        119,
        190,
        140,
        130,
        114,
        156,
        199,
        155,
        135,
        166,
        123,
        168,
        68,
        181,
        89,
        167,
        251,
        139,
        164,
        16,
        76,
        116,
        181,
        124,
        0,
        65,
        41,
        15,
        218,
        79,
        190,
        100,
        48,
        145,
        78,
        152,
        97,
        58,
        105,
        138,
        29,
        18,
        68,
        237,
        194,
        140,
        56,
        189,
        26,
        22,
        181,
        160,
        216,
        209,
        116],
    [   182,
        212,
        167,
        198,
        64,
        183,
        188,
        113,
        276,
        138,
        109,
        219,
        168,
        242,
        254,
        183,
        255,
        180,
        192,
        171,
        172,
        262,
        215,
        170,
        195,
        164,
        231,
        64,
        219,
        140,
        226,
        312,
        200,
        223,
        75,
        93,
        117,
        225,
        184,
        65,
        0,
        59,
        79,
        278,
        137,
        246,
        101,
        30,
        203,
        62,
        191,
        130,
        114,
        158,
        196,
        86,
        60,
        128,
        297,
        243,
        160,
        73,
        233,
        81,
        80,
        214,
        219,
        272,
        270,
        166],
    [   140,
        154,
        111,
        147,
        19,
        143,
        132,
        64,
        220,
        94,
        58,
        169,
        127,
        217,
        198,
        150,
        215,
        121,
        163,
        116,
        122,
        209,
        161,
        112,
        139,
        105,
        201,
        27,
        161,
        83,
        171,
        257,
        173,
        168,
        57,
        39,
        76,
        166,
        131,
        41,
        59,
        0,
        54,
        223,
        84,
        189,
        59,
        28,
        147,
        38,
        132,
        72,
        98,
        145,
        140,
        40,
        23,
        77,
        241,
        184,
        107,
        17,
        174,
        68,
        64,
        157,
        196,
        214,
        215,
        108],
    [   103,
        175,
        144,
        126,
        74,
        104,
        126,
        45,
        209,
        142,
        103,
        207,
        89,
        166,
        186,
        104,
        176,
        139,
        115,
        106,
        162,
        188,
        146,
        136,
        169,
        123,
        153,
        81,
        180,
        86,
        158,
        241,
        123,
        155,
        9,
        85,
        126,
        179,
        115,
        15,
        79,
        54,
        0,
        208,
        72,
        183,
        110,
        63,
        137,
        92,
        152,
        100,
        44,
        91,
        130,
        28,
        30,
        61,
        228,
        190,
        146,
        67,
        186,
        17,
        12,
        182,
        145,
        208,
        199,
        112],
    [   123,
        133,
        172,
        83,
        229,
        125,
        92,
        166,
        14,
        221,
        207,
        202,
        132,
        181,
        25,
        146,
        110,
        132,
        160,
        107,
        198,
        30,
        62,
        150,
        163,
        140,
        155,
        235,
        130,
        141,
        52,
        33,
        168,
        54,
        217,
        208,
        227,
        104,
        93,
        218,
        278,
        223,
        208,
        0,
        140,
        43,
        226,
        251,
        75,
        248,
        133,
        170,
        205,
        209,
        82,
        192,
        217,
        150,
        19,
        82,
        189,
        216,
        102,
        219,
        216,
        147,
        181,
        34,
        10,
        120],
    [   68,
        112,
        98,
        63,
        94,
        72,
        54,
        27,
        139,
        122,
        90,
        160,
        58,
        161,
        116,
        89,
        138,
        77,
        108,
        34,
        124,
        125,
        77,
        81,
        116,
        65,
        138,
        101,
        116,
        23,
        89,
        174,
        119,
        86,
        81,
        81,
        116,
        110,
        47,
        79,
        137,
        84,
        72,
        140,
        0,
        111,
        107,
        110,
        66,
        115,
        91,
        62,
        88,
        120,
        59,
        51,
        76,
        11,
        159,
        119,
        108,
        81,
        117,
        86,
        82,
        122,
        144,
        137,
        132,
        44],
    [   114,
        91,
        129,
        67,
        193,
        118,
        57,
        138,
        33,
        179,
        167,
        160,
        120,
        192,
        23,
        142,
        128,
        89,
        159,
        76,
        155,
        54,
        42,
        107,
        120,
        99,
        165,
        199,
        88,
        106,
        30,
        73,
        169,
        32,
        191,
        170,
        185,
        62,
        69,
        190,
        246,
        189,
        183,
        43,
        111,
        0,
        186,
        217,
        46,
        210,
        90,
        130,
        188,
        201,
        52,
        162,
        187,
        121,
        55,
        43,
        146,
        180,
        61,
        195,
        192,
        105,
        187,
        25,
        41,
        82],
    [   174,
        124,
        72,
        164,
        41,
        178,
        135,
        101,
        219,
        36,
        18,
        117,
        162,
        262,
        201,
        191,
        245,
        100,
        207,
        127,
        71,
        220,
        170,
        84,
        100,
        87,
        242,
        38,
        131,
        92,
        177,
        258,
        218,
        174,
        115,
        27,
        16,
        145,
        146,
        100,
        101,
        59,
        110,
        226,
        107,
        186,
        0,
        75,
        154,
        39,
        107,
        55,
        153,
        199,
        147,
        87,
        81,
        107,
        241,
        167,
        61,
        43,
        152,
        126,
        122,
        121,
        242,
        209,
        220,
        106],
    [   161,
        182,
        137,
        173,
        35,
        164,
        160,
        88,
        248,
        111,
        79,
        191,
        148,
        230,
        226,
        167,
        236,
        150,
        178,
        144,
        144,
        236,
        188,
        139,
        165,
        133,
        217,
        37,
        188,
        111,
        199,
        284,
        187,
        196,
        63,
        63,
        91,
        195,
        158,
        48,
        30,
        28,
        63,
        251,
        110,
        217,
        75,
        0,
        175,
        39,
        160,
        100,
        105,
        152,
        168,
        62,
        37,
        103,
        269,
        213,
        130,
        42,
        203,
        71,
        69,
        183,
        209,
        243,
        243,
        136],
    [   75,
        92,
        112,
        28,
        154,
        79,
        19,
        92,
        72,
        155,
        135,
        159,
        77,
        163,
        50,
        103,
        112,
        73,
        122,
        31,
        140,
        65,
        15,
        89,
        113,
        75,
        136,
        160,
        93,
        65,
        23,
        109,
        133,
        20,
        145,
        134,
        157,
        73,
        23,
        145,
        203,
        147,
        137,
        75,
        66,
        46,
        154,
        175,
        0,
        173,
        81,
        99,
        142,
        158,
        7,
        117,
        143,
        76,
        93,
        68,
        127,
        141,
        77,
        149,
        145,
        107,
        154,
        71,
        68,
        48],
    [   176,
        159,
        110,
        177,
        21,
        179,
        155,
        99,
        243,
        75,
        51,
        157,
        163,
        255,
        223,
        187,
        250,
        132,
        201,
        143,
        111,
        237,
        188,
        118,
        138,
        116,
        238,
        13,
        166,
        107,
        197,
        281,
        211,
        194,
        94,
        41,
        55,
        177,
        160,
        78,
        62,
        38,
        92,
        248,
        115,
        210,
        39,
        39,
        173,
        0,
        140,
        82,
        136,
        183,
        166,
        78,
        61,
        111,
        265,
        198,
        100,
        33,
        185,
        104,
        100,
        158,
        234,
        235,
        241,
        128],
    [   143,
        22,
        39,
        105,
        128,
        148,
        65,
        112,
        123,
        91,
        90,
        78,
        138,
        238,
        111,
        170,
        193,
        13,
        190,
        75,
        64,
        138,
        95,
        22,
        32,
        29,
        212,
        131,
        28,
        69,
        96,
        162,
        202,
        94,
        161,
        100,
        101,
        38,
        90,
        152,
        191,
        132,
        152,
        133,
        91,
        90,
        107,
        160,
        81,
        140,
        0,
        60,
        179,
        210,
        77,
        124,
        141,
        101,
        145,
        61,
        56,
        118,
        45,
        169,
        165,
        31,
        225,
        108,
        131,
        48],
    [   129,
        82,
        43,
        111,
        68,
        134,
        80,
        69,
        164,
        60,
        36,
        106,
        120,
        223,
        145,
        151,
        196,
        50,
        170,
        74,
        64,
        165,
        115,
        39,
        69,
        34,
        200,
        71,
        88,
        41,
        121,
        203,
        181,
        119,
        108,
        40,
        58,
        96,
        92,
        97,
        130,
        72,
        100,
        170,
        62,
        130,
        55,
        100,
        99,
        82,
        60,
        0,
        135,
        175,
        92,
        71,
        83,
        67,
        186,
        116,
        47,
        57,
        104,
        117,
        113,
        85,
        206,
        154,
        165,
        50],
    [   85,
        201,
        178,
        123,
        118,
        85,
        137,
        67,
        208,
        183,
        145,
        242,
        74,
        127,
        185,
        75,
        150,
        165,
        80,
        117,
        199,
        181,
        147,
        166,
        200,
        151,
        118,
        125,
        205,
        109,
        159,
        236,
        86,
        157,
        42,
        127,
        169,
        198,
        119,
        58,
        114,
        98,
        44,
        205,
        88,
        188,
        153,
        105,
        142,
        136,
        179,
        135,
        0,
        46,
        137,
        67,
        75,
        77,
        225,
        205,
        182,
        111,
        205,
        34,
        36,
        210,
        105,
        212,
        195,
        133],
    [   86,
        231,
        216,
        133,
        164,
        83,
        158,
        105,
        215,
        227,
        189,
        279,
        81,
        88,
        193,
        62,
        130,
        197,
        54,
        140,
        240,
        180,
        158,
        201,
        235,
        185,
        86,
        172,
        235,
        143,
        170,
        236,
        54,
        168,
        89,
        172,
        213,
        224,
        135,
        105,
        158,
        145,
        91,
        209,
        120,
        201,
        199,
        152,
        158,
        183,
        210,
        175,
        46,
        0,
        154,
        111,
        122,
        111,
        228,
        226,
        222,
        157,
        230,
        80,
        82,
        242,
        66,
        223,
        198,
        162],
    [   73,
        91,
        107,
        28,
        147,
        77,
        13,
        86,
        80,
        149,
        129,
        156,
        74,
        163,
        58,
        102,
        115,
        69,
        121,
        24,
        136,
        72,
        22,
        84,
        110,
        69,
        137,
        153,
        91,
        58,
        30,
        116,
        132,
        28,
        139,
        127,
        151,
        73,
        18,
        138,
        196,
        140,
        130,
        82,
        59,
        52,
        147,
        168,
        7,
        166,
        77,
        92,
        137,
        154,
        0,
        110,
        136,
        69,
        100,
        71,
        122,
        134,
        78,
        142,
        139,
        105,
        153,
        78,
        75,
        42],
    [   100,
        147,
        115,
        112,
        57,
        103,
        104,
        26,
        190,
        116,
        78,
        178,
        86,
        178,
        168,
        109,
        175,
        111,
        124,
        86,
        134,
        175,
        129,
        107,
        140,
        95,
        160,
        65,
        152,
        60,
        140,
        225,
        134,
        137,
        37,
        61,
        102,
        152,
        98,
        29,
        86,
        40,
        28,
        192,
        51,
        162,
        87,
        62,
        117,
        78,
        124,
        71,
        67,
        111,
        110,
        0,
        26,
        42,
        211,
        165,
        117,
        47,
        160,
        46,
        41,
        153,
        157,
        188,
        183,
        87],
    [   124,
        163,
        125,
        138,
        43,
        127,
        129,
        52,
        216,
        115,
        77,
        186,
        110,
        196,
        193,
        130,
        199,
        129,
        143,
        111,
        140,
        201,
        154,
        122,
        152,
        112,
        181,
        50,
        169,
        82,
        166,
        251,
        152,
        163,
        34,
        59,
        98,
        172,
        124,
        18,
        60,
        23,
        30,
        217,
        76,
        187,
        81,
        37,
        143,
        61,
        141,
        83,
        75,
        122,
        136,
        26,
        0,
        68,
        236,
        187,
        124,
        38,
        180,
        44,
        40,
        168,
        175,
        212,
        209,
        109],
    [   67,
        123,
        105,
        70,
        90,
        71,
        65,
        16,
        149,
        125,
        91,
        168,
        55,
        157,
        126,
        85,
        140,
        88,
        103,
        45,
        131,
        133,
        87,
        90,
        124,
        74,
        135,
        97,
        127,
        32,
        98,
        183,
        115,
        96,
        70,
        80,
        117,
        121,
        56,
        68,
        128,
        77,
        61,
        150,
        11,
        121,
        107,
        103,
        76,
        111,
        101,
        67,
        77,
        111,
        69,
        42,
        68,
        0,
        169,
        130,
        114,
        77,
        128,
        74,
        71,
        132,
        139,
        147,
        141,
        55],
    [   142,
        141,
        184,
        103,
        246,
        145,
        109,
        185,
        22,
        234,
        223,
        209,
        152,
        197,
        42,
        166,
        125,
        145,
        179,
        125,
        209,
        48,
        82,
        162,
        172,
        154,
        172,
        252,
        137,
        158,
        70,
        17,
        186,
        73,
        236,
        224,
        241,
        112,
        113,
        237,
        297,
        241,
        228,
        19,
        159,
        55,
        241,
        269,
        93,
        265,
        145,
        186,
        225,
        228,
        100,
        211,
        236,
        169,
        0,
        88,
        201,
        234,
        108,
        238,
        236,
        155,
        198,
        37,
        29,
        136],
    [   143,
        53,
        100,
        96,
        183,
        148,
        67,
        145,
        69,
        152,
        150,
        120,
        145,
        229,
        66,
        172,
        170,
        66,
        191,
        87,
        123,
        97,
        74,
        83,
        84,
        81,
        202,
        187,
        48,
        105,
        67,
        106,
        202,
        66,
        199,
        157,
        163,
        24,
        90,
        194,
        243,
        184,
        190,
        82,
        119,
        43,
        167,
        213,
        68,
        198,
        61,
        116,
        205,
        226,
        71,
        165,
        187,
        130,
        88,
        0,
        117,
        172,
        20,
        205,
        201,
        66,
        222,
        51,
        83,
        78],
    [   173,
        67,
        17,
        147,
        95,
        178,
        109,
        117,
        179,
        35,
        51,
        61,
        165,
        268,
        165,
        197,
        235,
        56,
        216,
        110,
        17,
        190,
        143,
        39,
        39,
        53,
        244,
        95,
        74,
        84,
        147,
        218,
        227,
        144,
        153,
        68,
        50,
        93,
        128,
        140,
        160,
        107,
        146,
        189,
        108,
        146,
        61,
        130,
        127,
        100,
        56,
        47,
        182,
        222,
        122,
        117,
        124,
        114,
        201,
        117,
        0,
        90,
        100,
        163,
        158,
        61,
        252,
        165,
        186,
        81],
    [   143,
        139,
        94,
        144,
        12,
        146,
        124,
        67,
        212,
        76,
        40,
        151,
        130,
        225,
        191,
        156,
        217,
        108,
        171,
        110,
        104,
        205,
        155,
        96,
        122,
        91,
        207,
        20,
        146,
        75,
        165,
        250,
        181,
        162,
        72,
        21,
        59,
        153,
        127,
        56,
        73,
        17,
        67,
        216,
        81,
        180,
        43,
        42,
        141,
        33,
        118,
        57,
        111,
        157,
        134,
        47,
        38,
        77,
        234,
        172,
        90,
        0,
        161,
        83,
        79,
        141,
        205,
        205,
        209,
        98],
    [   151,
        34,
        83,
        105,
        172,
        156,
        71,
        142,
        89,
        135,
        136,
        100,
        151,
        241,
        84,
        180,
        184,
        53,
        199,
        90,
        104,
        115,
        86,
        68,
        65,
        69,
        214,
        176,
        28,
        100,
        81,
        126,
        210,
        80,
        195,
        144,
        147,
        8,
        96,
        189,
        233,
        174,
        186,
        102,
        117,
        61,
        152,
        203,
        77,
        185,
        45,
        104,
        205,
        230,
        78,
        160,
        180,
        128,
        108,
        20,
        100,
        161,
        0,
        202,
        198,
        46,
        232,
        71,
        103,
        74],
    [   107,
        192,
        161,
        135,
        87,
        108,
        140,
        59,
        220,
        158,
        120,
        224,
        94,
        161,
        196,
        104,
        177,
        156,
        111,
        119,
        179,
        197,
        157,
        153,
        186,
        140,
        150,
        94,
        197,
        102,
        169,
        251,
        119,
        167,
        10,
        101,
        142,
        194,
        126,
        26,
        81,
        68,
        17,
        219,
        86,
        195,
        126,
        71,
        149,
        104,
        169,
        117,
        34,
        80,
        142,
        46,
        44,
        74,
        238,
        205,
        163,
        83,
        202,
        0,
        4,
        199,
        139,
        220,
        209,
        128],
    [   106,
        187,
        157,
        133,
        84,
        107,
        136,
        55,
        217,
        154,
        116,
        219,
        92,
        162,
        194,
        104,
        177,
        152,
        112,
        116,
        175,
        195,
        154,
        149,
        182,
        136,
        150,
        91,
        193,
        98,
        166,
        248,
        120,
        164,
        6,
        97,
        138,
        190,
        123,
        22,
        80,
        64,
        12,
        216,
        82,
        192,
        122,
        69,
        145,
        100,
        165,
        113,
        36,
        82,
        139,
        41,
        40,
        71,
        236,
        201,
        158,
        79,
        198,
        4,
        0,
        194,
        140,
        217,
        207,
        124],
    [   173,
        14,
        48,
        133,
        149,
        178,
        94,
        142,
        135,
        96,
        107,
        55,
        170,
        268,
        128,
        201,
        219,
        44,
        221,
        106,
        61,
        158,
        120,
        46,
        22,
        58,
        242,
        151,
        17,
        100,
        118,
        172,
        233,
        117,
        191,
        121,
        112,
        43,
        119,
        181,
        214,
        157,
        182,
        147,
        122,
        105,
        121,
        183,
        107,
        158,
        31,
        85,
        210,
        242,
        105,
        153,
        168,
        132,
        155,
        66,
        61,
        141,
        46,
        199,
        194,
        0,
        256,
        118,
        147,
        80],
    [   82,
        242,
        241,
        126,
        214,
        77,
        162,
        141,
        191,
        264,
        229,
        301,
        87,
        22,
        172,
        55,
        79,
        213,
        36,
        149,
        268,
        151,
        148,
        222,
        255,
        205,
        28,
        222,
        244,
        167,
        157,
        202,
        24,
        156,
        146,
        215,
        255,
        227,
        137,
        160,
        219,
        196,
        145,
        181,
        144,
        187,
        242,
        209,
        154,
        234,
        225,
        206,
        105,
        66,
        153,
        157,
        175,
        139,
        198,
        222,
        252,
        205,
        232,
        139,
        140,
        256,
        0,
        204,
        171,
        177],
    [   136,
        104,
        148,
        90,
        218,
        139,
        83,
        164,
        20,
        199,
        190,
        172,
        142,
        207,
        31,
        163,
        138,
        110,
        179,
        102,
        172,
        58,
        65,
        127,
        135,
        121,
        180,
        223,
        100,
        131,
        53,
        54,
        188,
        55,
        217,
        194,
        207,
        75,
        94,
        216,
        272,
        214,
        208,
        34,
        137,
        25,
        209,
        243,
        71,
        235,
        108,
        154,
        212,
        223,
        78,
        188,
        212,
        147,
        37,
        51,
        165,
        205,
        71,
        220,
        217,
        118,
        204,
        0,
        39,
        107],
    [   112,
        132,
        168,
        73,
        222,
        115,
        85,
        157,
        20,
        217,
        202,
        202,
        122,
        172,
        20,
        136,
        101,
        129,
        150,
        99,
        196,
        20,
        54,
        146,
        161,
        136,
        146,
        229,
        129,
        134,
        44,
        41,
        158,
        47,
        208,
        202,
        222,
        104,
        85,
        209,
        270,
        215,
        199,
        10,
        132,
        41,
        220,
        243,
        68,
        241,
        131,
        165,
        195,
        198,
        75,
        183,
        209,
        141,
        29,
        83,
        186,
        209,
        103,
        209,
        207,
        147,
        171,
        39,
        0,
        114],
    [   95,
        69,
        67,
        65,
        110,
        100,
        29,
        68,
        114,
        107,
        87,
        124,
        90,
        191,
        95,
        122,
        153,
        36,
        142,
        29,
        96,
        114,
        64,
        46,
        77,
        29,
        166,
        116,
        72,
        26,
        71,
        153,
        154,
        68,
        122,
        87,
        108,
        66,
        46,
        116,
        166,
        108,
        112,
        120,
        44,
        82,
        106,
        136,
        48,
        128,
        48,
        50,
        133,
        162,
        42,
        87,
        109,
        55,
        136,
        78,
        81,
        98,
        74,
        128,
        124,
        80,
        177,
        107,
        114,
        0]]
;
task=[   307,
    272,
    304,
    113,
    485,
    42,
    80,
    76,
    193,
    450,
    321,
    198,
    168,
    311,
    17,
    346,
    194,
    438,
    40,
    319,
    183,
    58,
    62,
    122,
    52,
    283,
    224,
    219,
    31,
    238,
    358,
    121,
    148,
    58,
    209,
    100,
    30,
    267,
    169,
    0,
    353,
    184,
    437,
    76,
    268,
    306,
    484,
    582,
    386,
    153,
    352,
    8,
    83,
    39,
    415,
    487,
    253,
    344,
    174,
    115,
    124,
    168,
    118,
    213,
    300,
    33,
    29,
    60,
    34,
    196]
;
minW=[   104,
    64,
    44,
    104,
    3,
    82,
    29,
    20,
    125,
    47,
    2,
    107,
    49,
    42,
    151,
    51,
    71,
    36,
    93,
    5,
    47,
    105,
    78,
    99,
    85,
    12,
    145,
    14,
    116,
    7,
    111,
    89,
    60,
    137,
    2,
    14,
    69,
    176,
    89,
    0,
    4,
    29,
    6,
    181,
    55,
    67,
    2,
    22,
    139,
    18,
    1,
    82,
    23,
    20,
    51,
    14,
    8,
    62,
    59,
    45,
    29,
    33,
    37,
    24,
    3,
    91,
    121,
    95,
    172,
    57]
;
maxW=[   243,
    374,
    217,
    264,
    228,
    213,
    246,
    190,
    302,
    212,
    219,
    371,
    217,
    276,
    349,
    210,
    313,
    281,
    317,
    155,
    227,
    383,
    250,
    202,
    248,
    176,
    312,
    243,
    235,
    275,
    242,
    340,
    201,
    203,
    99,
    231,
    275,
    259,
    161,
    720,
    262,
    209,
    214,
    233,
    113,
    294,
    121,
    196,
    297,
    123,
    195,
    198,
    134,
    235,
    334,
    81,
    180,
    186,
    315,
    273,
    145,
    192,
    371,
    70,
    170,
    274,
    271,
    301,
    366,
    166]
;