// Generated by InstanceGenerator.py v0.1
// Juan Francisco Martinez Vera
// AMMM - MIRI, FIB UPC
//
// RAND_SEED=1484783145

bigM=100000;

nLocations=70;
startLocation=56;
distances=[   [   0,
        95,
        184,
        181,
        35,
        114,
        167,
        179,
        205,
        242,
        176,
        142,
        148,
        168,
        240,
        194,
        146,
        154,
        135,
        97,
        244,
        160,
        217,
        137,
        177,
        204,
        1,
        164,
        33,
        207,
        183,
        144,
        49,
        134,
        149,
        156,
        152,
        157,
        126,
        26,
        140,
        177,
        159,
        167,
        236,
        211,
        103,
        202,
        66,
        124,
        99,
        115,
        210,
        194,
        76,
        67,
        248,
        164,
        279,
        256,
        237,
        227,
        183,
        202,
        75,
        222,
        169,
        236,
        20,
        155],
    [   95,
        0,
        137,
        87,
        76,
        56,
        89,
        92,
        177,
        184,
        146,
        52,
        99,
        77,
        217,
        182,
        69,
        140,
        49,
        30,
        192,
        158,
        122,
        55,
        106,
        109,
        96,
        94,
        70,
        199,
        109,
        52,
        113,
        63,
        136,
        86,
        122,
        123,
        51,
        87,
        52,
        88,
        124,
        77,
        143,
        136,
        53,
        124,
        32,
        91,
        90,
        65,
        166,
        102,
        117,
        122,
        185,
        91,
        196,
        185,
        154,
        141,
        94,
        175,
        61,
        132,
        127,
        151,
        76,
        163],
    [   184,
        137,
        0,
        122,
        149,
        191,
        69,
        92,
        50,
        59,
        32,
        161,
        38,
        167,
        87,
        72,
        76,
        57,
        98,
        167,
        60,
        78,
        156,
        91,
        224,
        135,
        184,
        214,
        151,
        89,
        58,
        155,
        158,
        191,
        60,
        58,
        37,
        31,
        87,
        158,
        164,
        184,
        28,
        173,
        145,
        65,
        190,
        67,
        159,
        59,
        87,
        201,
        29,
        121,
        133,
        150,
        68,
        60,
        132,
        86,
        101,
        106,
        187,
        49,
        195,
        122,
        15,
        105,
        177,
        94],
    [   181,
        87,
        122,
        0,
        156,
        112,
        53,
        30,
        172,
        141,
        149,
        64,
        102,
        53,
        208,
        191,
        56,
        159,
        50,
        102,
        155,
        182,
        41,
        53,
        115,
        23,
        182,
        109,
        152,
        208,
        66,
        57,
        189,
        99,
        158,
        67,
        132,
        130,
        66,
        168,
        68,
        69,
        129,
        61,
        55,
        79,
        118,
        68,
        120,
        117,
        136,
        122,
        146,
        14,
        181,
        192,
        136,
        62,
        116,
        124,
        79,
        62,
        70,
        172,
        141,
        46,
        122,
        73,
        163,
        194],
    [   35,
        76,
        149,
        156,
        0,
        112,
        135,
        150,
        170,
        207,
        141,
        128,
        113,
        153,
        207,
        162,
        115,
        120,
        107,
        90,
        209,
        128,
        195,
        108,
        174,
        179,
        35,
        161,
        8,
        176,
        151,
        129,
        37,
        129,
        115,
        124,
        117,
        122,
        96,
        11,
        127,
        164,
        124,
        153,
        211,
        178,
        103,
        169,
        57,
        89,
        64,
        117,
        175,
        169,
        52,
        51,
        213,
        132,
        248,
        222,
        206,
        198,
        170,
        167,
        83,
        195,
        134,
        205,
        34,
        125],
    [   114,
        56,
        191,
        112,
        112,
        0,
        135,
        129,
        233,
        234,
        203,
        49,
        154,
        72,
        273,
        238,
        118,
        196,
        96,
        26,
        243,
        213,
        133,
        103,
        63,
        129,
        116,
        50,
        103,
        255,
        155,
        56,
        149,
        22,
        191,
        137,
        178,
        179,
        104,
        119,
        45,
        72,
        180,
        66,
        162,
        180,
        10,
        168,
        54,
        147,
        144,
        10,
        221,
        127,
        161,
        163,
        234,
        139,
        229,
        229,
        190,
        174,
        77,
        231,
        42,
        158,
        182,
        185,
        93,
        218],
    [   167,
        89,
        69,
        53,
        135,
        135,
        0,
        26,
        119,
        99,
        95,
        97,
        50,
        99,
        155,
        137,
        21,
        107,
        40,
        115,
        109,
        130,
        91,
        34,
        158,
        69,
        167,
        149,
        134,
        154,
        20,
        90,
        160,
        130,
        106,
        16,
        80,
        77,
        40,
        147,
        100,
        116,
        76,
        106,
        88,
        46,
        137,
        35,
        120,
        70,
        96,
        146,
        94,
        55,
        146,
        159,
        98,
        9,
        112,
        95,
        70,
        63,
        119,
        118,
        151,
        67,
        68,
        70,
        153,
        144],
    [   179,
        92,
        92,
        30,
        150,
        129,
        26,
        0,
        143,
        113,
        120,
        86,
        76,
        81,
        178,
        163,
        36,
        133,
        44,
        113,
        126,
        156,
        65,
        42,
        142,
        43,
        180,
        135,
        148,
        180,
        36,
        78,
        179,
        120,
        132,
        41,
        106,
        103,
        53,
        162,
        89,
        97,
        102,
        88,
        64,
        52,
        133,
        40,
        125,
        95,
        119,
        140,
        116,
        29,
        167,
        180,
        109,
        35,
        103,
        99,
        62,
        49,
        99,
        142,
        152,
        45,
        93,
        58,
        163,
        170],
    [   205,
        177,
        50,
        172,
        170,
        233,
        119,
        143,
        0,
        76,
        31,
        208,
        79,
        216,
        39,
        31,
        124,
        51,
        145,
        208,
        65,
        57,
        206,
        138,
        271,
        185,
        204,
        261,
        175,
        42,
        108,
        202,
        169,
        235,
        57,
        107,
        56,
        54,
        131,
        178,
        211,
        233,
        52,
        222,
        194,
        111,
        231,
        115,
        194,
        88,
        106,
        243,
        35,
        171,
        140,
        155,
        89,
        110,
        168,
        115,
        144,
        152,
        236,
        2,
        230,
        170,
        52,
        150,
        203,
        73],
    [   242,
        184,
        59,
        141,
        207,
        234,
        99,
        113,
        76,
        0,
        82,
        196,
        94,
        194,
        90,
        107,
        116,
        111,
        138,
        212,
        16,
        127,
        163,
        131,
        255,
        145,
        242,
        247,
        209,
        117,
        79,
        188,
        218,
        229,
        115,
        97,
        96,
        90,
        132,
        217,
        199,
        210,
        88,
        201,
        141,
        62,
        235,
        72,
        211,
        118,
        147,
        244,
        43,
        134,
        193,
        209,
        13,
        94,
        95,
        41,
        83,
        97,
        212,
        78,
        245,
        120,
        74,
        91,
        234,
        144],
    [   176,
        146,
        32,
        149,
        141,
        203,
        95,
        120,
        31,
        82,
        0,
        179,
        50,
        189,
        70,
        42,
        97,
        29,
        116,
        177,
        77,
        46,
        185,
        109,
        242,
        164,
        175,
        232,
        145,
        59,
        88,
        174,
        143,
        205,
        33,
        81,
        25,
        23,
        102,
        149,
        182,
        206,
        22,
        194,
        177,
        98,
        200,
        99,
        163,
        57,
        76,
        212,
        40,
        149,
        115,
        131,
        94,
        86,
        163,
        116,
        133,
        138,
        210,
        28,
        199,
        153,
        26,
        138,
        173,
        63],
    [   142,
        52,
        161,
        64,
        128,
        49,
        97,
        86,
        208,
        196,
        179,
        0,
        129,
        26,
        247,
        219,
        84,
        180,
        63,
        46,
        207,
        200,
        85,
        70,
        62,
        80,
        144,
        52,
        121,
        237,
        116,
        7,
        165,
        34,
        176,
        103,
        157,
        157,
        77,
        138,
        3,
        36,
        157,
        24,
        113,
        138,
        56,
        126,
        76,
        131,
        137,
        58,
        190,
        79,
        169,
        175,
        194,
        103,
        181,
        185,
        143,
        127,
        42,
        207,
        84,
        110,
        156,
        138,
        122,
        208],
    [   148,
        99,
        38,
        102,
        113,
        154,
        50,
        76,
        79,
        94,
        50,
        129,
        0,
        138,
        119,
        91,
        47,
        57,
        66,
        130,
        97,
        80,
        141,
        59,
        192,
        120,
        148,
        181,
        115,
        109,
        52,
        123,
        128,
        156,
        56,
        34,
        30,
        28,
        52,
        123,
        131,
        156,
        28,
        144,
        138,
        74,
        152,
        69,
        120,
        27,
        57,
        164,
        68,
        105,
        107,
        122,
        100,
        41,
        146,
        111,
        108,
        107,
        159,
        78,
        156,
        116,
        27,
        110,
        140,
        93],
    [   168,
        77,
        167,
        53,
        153,
        72,
        99,
        81,
        216,
        194,
        189,
        26,
        138,
        0,
        254,
        230,
        91,
        193,
        73,
        73,
        207,
        214,
        62,
        79,
        61,
        62,
        170,
        56,
        147,
        248,
        116,
        24,
        190,
        52,
        190,
        108,
        168,
        167,
        89,
        163,
        28,
        17,
        167,
        7,
        92,
        133,
        80,
        121,
        102,
        145,
        156,
        80,
        193,
        65,
        191,
        199,
        190,
        106,
        166,
        178,
        131,
        114,
        21,
        215,
        110,
        94,
        163,
        125,
        149,
        224],
    [   240,
        217,
        87,
        208,
        207,
        273,
        155,
        178,
        39,
        90,
        70,
        247,
        119,
        254,
        0,
        48,
        163,
        86,
        184,
        248,
        75,
        83,
        240,
        177,
        310,
        219,
        240,
        300,
        212,
        43,
        142,
        241,
        202,
        275,
        91,
        145,
        96,
        93,
        171,
        213,
        250,
        271,
        92,
        260,
        224,
        140,
        270,
        146,
        234,
        127,
        143,
        283,
        63,
        205,
        171,
        186,
        104,
        147,
        186,
        132,
        170,
        181,
        274,
        41,
        270,
        201,
        91,
        177,
        240,
        95],
    [   194,
        182,
        72,
        191,
        162,
        238,
        137,
        163,
        31,
        107,
        42,
        219,
        91,
        230,
        48,
        0,
        139,
        43,
        157,
        212,
        95,
        35,
        227,
        150,
        282,
        206,
        194,
        271,
        168,
        17,
        130,
        214,
        154,
        243,
        48,
        124,
        62,
        62,
        142,
        167,
        221,
        247,
        62,
        235,
        218,
        137,
        234,
        140,
        194,
        90,
        100,
        247,
        65,
        191,
        123,
        138,
        120,
        128,
        198,
        146,
        172,
        178,
        251,
        29,
        230,
        194,
        69,
        177,
        195,
        47],
    [   146,
        69,
        76,
        56,
        115,
        118,
        21,
        36,
        124,
        116,
        97,
        84,
        47,
        91,
        163,
        139,
        0,
        104,
        22,
        97,
        125,
        127,
        97,
        15,
        147,
        76,
        147,
        137,
        114,
        157,
        40,
        78,
        142,
        115,
        102,
        18,
        78,
        76,
        19,
        127,
        87,
        108,
        76,
        97,
        101,
        67,
        119,
        56,
        99,
        60,
        82,
        128,
        105,
        62,
        130,
        143,
        116,
        21,
        133,
        116,
        91,
        82,
        112,
        123,
        131,
        82,
        72,
        89,
        132,
        138],
    [   154,
        140,
        57,
        159,
        120,
        196,
        107,
        133,
        51,
        111,
        29,
        180,
        57,
        193,
        86,
        43,
        104,
        0,
        119,
        170,
        106,
        23,
        198,
        113,
        242,
        177,
        153,
        230,
        126,
        59,
        105,
        175,
        117,
        202,
        5,
        92,
        27,
        31,
        103,
        127,
        181,
        210,
        32,
        197,
        194,
        120,
        192,
        119,
        151,
        49,
        57,
        205,
        69,
        162,
        88,
        104,
        123,
        98,
        189,
        144,
        156,
        159,
        214,
        48,
        187,
        171,
        45,
        160,
        153,
        38],
    [   135,
        49,
        98,
        50,
        107,
        96,
        40,
        44,
        145,
        138,
        116,
        63,
        66,
        73,
        184,
        157,
        22,
        119,
        0,
        75,
        147,
        141,
        91,
        7,
        126,
        73,
        136,
        116,
        104,
        175,
        60,
        57,
        138,
        92,
        117,
        41,
        95,
        94,
        17,
        119,
        65,
        90,
        95,
        78,
        103,
        86,
        97,
        75,
        81,
        72,
        87,
        106,
        127,
        61,
        131,
        142,
        138,
        43,
        147,
        135,
        105,
        93,
        94,
        144,
        111,
        87,
        92,
        102,
        119,
        151],
    [   97,
        30,
        167,
        102,
        90,
        26,
        115,
        113,
        208,
        212,
        177,
        46,
        130,
        73,
        248,
        212,
        97,
        170,
        75,
        0,
        221,
        187,
        130,
        81,
        84,
        121,
        99,
        71,
        82,
        229,
        135,
        51,
        127,
        39,
        165,
        115,
        152,
        154,
        80,
        98,
        44,
        79,
        155,
        70,
        155,
        161,
        22,
        150,
        32,
        121,
        118,
        35,
        197,
        117,
        137,
        140,
        213,
        118,
        216,
        210,
        175,
        161,
        85,
        206,
        39,
        148,
        157,
        171,
        77,
        191],
    [   244,
        192,
        60,
        155,
        209,
        243,
        109,
        126,
        65,
        16,
        77,
        207,
        97,
        207,
        75,
        95,
        125,
        106,
        147,
        221,
        0,
        119,
        179,
        140,
        267,
        160,
        244,
        259,
        212,
        104,
        91,
        200,
        217,
        239,
        110,
        106,
        94,
        89,
        140,
        219,
        210,
        223,
        86,
        214,
        157,
        77,
        244,
        86,
        217,
        120,
        147,
        254,
        36,
        148,
        191,
        207,
        29,
        104,
        111,
        57,
        100,
        114,
        225,
        67,
        252,
        136,
        74,
        107,
        237,
        136],
    [   160,
        158,
        78,
        182,
        128,
        213,
        130,
        156,
        57,
        127,
        46,
        200,
        80,
        214,
        83,
        35,
        127,
        23,
        141,
        187,
        119,
        0,
        221,
        135,
        262,
        200,
        159,
        250,
        135,
        47,
        128,
        196,
        118,
        221,
        24,
        115,
        50,
        54,
        125,
        133,
        202,
        231,
        55,
        219,
        217,
        142,
        208,
        142,
        166,
        69,
        70,
        222,
        84,
        185,
        88,
        102,
        139,
        121,
        210,
        162,
        178,
        181,
        235,
        54,
        201,
        194,
        68,
        182,
        162,
        17],
    [   217,
        122,
        156,
        41,
        195,
        133,
        91,
        65,
        206,
        163,
        185,
        85,
        141,
        62,
        240,
        227,
        97,
        198,
        91,
        130,
        179,
        221,
        0,
        94,
        115,
        21,
        219,
        113,
        190,
        244,
        98,
        79,
        229,
        115,
        197,
        106,
        171,
        168,
        107,
        207,
        88,
        69,
        167,
        69,
        32,
        102,
        141,
        93,
        153,
        157,
        178,
        141,
        176,
        36,
        223,
        233,
        155,
        100,
        111,
        136,
        85,
        68,
        67,
        206,
        169,
        44,
        158,
        78,
        199,
        234],
    [   137,
        55,
        91,
        53,
        108,
        103,
        34,
        42,
        138,
        131,
        109,
        70,
        59,
        79,
        177,
        150,
        15,
        113,
        7,
        81,
        140,
        135,
        94,
        0,
        133,
        75,
        138,
        123,
        105,
        168,
        54,
        64,
        138,
        100,
        111,
        34,
        88,
        88,
        13,
        120,
        73,
        96,
        88,
        84,
        103,
        81,
        103,
        69,
        86,
        67,
        84,
        113,
        120,
        62,
        129,
        140,
        131,
        36,
        143,
        130,
        101,
        90,
        100,
        136,
        116,
        86,
        85,
        99,
        122,
        146],
    [   177,
        106,
        224,
        115,
        174,
        63,
        158,
        142,
        271,
        255,
        242,
        62,
        192,
        61,
        310,
        282,
        147,
        242,
        126,
        84,
        267,
        262,
        115,
        133,
        0,
        121,
        179,
        13,
        165,
        300,
        176,
        69,
        211,
        44,
        238,
        165,
        220,
        220,
        140,
        181,
        60,
        47,
        220,
        54,
        147,
        194,
        73,
        183,
        116,
        193,
        196,
        62,
        252,
        127,
        221,
        224,
        251,
        165,
        225,
        239,
        192,
        175,
        48,
        270,
        103,
        154,
        218,
        186,
        157,
        269],
    [   204,
        109,
        135,
        23,
        179,
        129,
        69,
        43,
        185,
        145,
        164,
        80,
        120,
        62,
        219,
        206,
        76,
        177,
        73,
        121,
        160,
        200,
        21,
        75,
        121,
        0,
        205,
        117,
        175,
        223,
        77,
        73,
        212,
        113,
        176,
        85,
        150,
        147,
        88,
        191,
        83,
        74,
        146,
        69,
        33,
        83,
        135,
        74,
        142,
        137,
        158,
        138,
        156,
        14,
        204,
        215,
        138,
        79,
        104,
        122,
        72,
        54,
        73,
        185,
        161,
        32,
        137,
        65,
        186,
        213],
    [   1,
        96,
        184,
        182,
        35,
        116,
        167,
        180,
        204,
        242,
        175,
        144,
        148,
        170,
        240,
        194,
        147,
        153,
        136,
        99,
        244,
        159,
        219,
        138,
        179,
        205,
        0,
        166,
        33,
        207,
        184,
        146,
        47,
        136,
        148,
        157,
        152,
        157,
        127,
        26,
        142,
        178,
        159,
        168,
        237,
        212,
        105,
        202,
        68,
        124,
        99,
        117,
        210,
        196,
        75,
        66,
        248,
        164,
        280,
        257,
        238,
        228,
        184,
        201,
        77,
        224,
        169,
        237,
        22,
        154],
    [   164,
        94,
        214,
        109,
        161,
        50,
        149,
        135,
        261,
        247,
        232,
        52,
        181,
        56,
        300,
        271,
        137,
        230,
        116,
        71,
        259,
        250,
        113,
        123,
        13,
        117,
        166,
        0,
        152,
        288,
        168,
        59,
        198,
        31,
        227,
        156,
        209,
        209,
        129,
        168,
        50,
        44,
        209,
        48,
        146,
        187,
        60,
        176,
        103,
        181,
        184,
        50,
        242,
        122,
        208,
        211,
        244,
        156,
        222,
        233,
        188,
        170,
        46,
        259,
        91,
        150,
        208,
        181,
        144,
        257],
    [   33,
        70,
        151,
        152,
        8,
        103,
        134,
        148,
        175,
        209,
        145,
        121,
        115,
        147,
        212,
        168,
        114,
        126,
        104,
        82,
        212,
        135,
        190,
        105,
        165,
        175,
        33,
        152,
        0,
        182,
        150,
        122,
        45,
        121,
        120,
        123,
        121,
        125,
        94,
        16,
        120,
        157,
        127,
        146,
        207,
        178,
        95,
        169,
        49,
        92,
        69,
        108,
        179,
        165,
        60,
        59,
        215,
        131,
        247,
        223,
        205,
        196,
        163,
        172,
        74,
        192,
        137,
        204,
        27,
        133],
    [   207,
        199,
        89,
        208,
        176,
        255,
        154,
        180,
        42,
        117,
        59,
        237,
        109,
        248,
        43,
        17,
        157,
        59,
        175,
        229,
        104,
        47,
        244,
        168,
        300,
        223,
        207,
        288,
        182,
        0,
        146,
        232,
        165,
        261,
        64,
        141,
        79,
        80,
        160,
        181,
        239,
        265,
        80,
        253,
        234,
        152,
        251,
        155,
        210,
        108,
        115,
        264,
        78,
        209,
        135,
        149,
        131,
        145,
        210,
        158,
        186,
        194,
        269,
        41,
        246,
        211,
        86,
        192,
        210,
        55],
    [   183,
        109,
        58,
        66,
        151,
        155,
        20,
        36,
        108,
        79,
        88,
        116,
        52,
        116,
        142,
        130,
        40,
        105,
        60,
        135,
        91,
        128,
        98,
        54,
        176,
        77,
        184,
        168,
        150,
        146,
        0,
        109,
        173,
        149,
        105,
        26,
        78,
        74,
        59,
        162,
        119,
        133,
        72,
        123,
        89,
        28,
        157,
        18,
        139,
        77,
        105,
        166,
        79,
        63,
        155,
        170,
        78,
        19,
        98,
        76,
        57,
        55,
        135,
        107,
        170,
        66,
        61,
        59,
        170,
        143],
    [   144,
        52,
        155,
        57,
        129,
        56,
        90,
        78,
        202,
        188,
        174,
        7,
        123,
        24,
        241,
        214,
        78,
        175,
        57,
        51,
        200,
        196,
        79,
        64,
        69,
        73,
        146,
        59,
        122,
        232,
        109,
        0,
        165,
        42,
        172,
        96,
        152,
        151,
        71,
        139,
        11,
        37,
        152,
        25,
        106,
        130,
        62,
        118,
        78,
        126,
        134,
        65,
        183,
        71,
        168,
        174,
        186,
        96,
        174,
        178,
        136,
        119,
        42,
        201,
        90,
        103,
        149,
        130,
        125,
        204],
    [   49,
        113,
        158,
        189,
        37,
        149,
        160,
        179,
        169,
        218,
        143,
        165,
        128,
        190,
        202,
        154,
        142,
        117,
        138,
        127,
        217,
        118,
        229,
        138,
        211,
        212,
        47,
        198,
        45,
        165,
        173,
        165,
        0,
        167,
        112,
        147,
        123,
        128,
        125,
        30,
        165,
        201,
        131,
        190,
        241,
        199,
        140,
        192,
        95,
        101,
        71,
        153,
        182,
        200,
        30,
        18,
        227,
        155,
        271,
        240,
        230,
        224,
        207,
        166,
        117,
        224,
        143,
        230,
        61,
        111],
    [   134,
        63,
        191,
        99,
        129,
        22,
        130,
        120,
        235,
        229,
        205,
        34,
        156,
        52,
        275,
        243,
        115,
        202,
        92,
        39,
        239,
        221,
        115,
        100,
        44,
        113,
        136,
        31,
        121,
        261,
        149,
        42,
        167,
        0,
        198,
        134,
        182,
        182,
        104,
        137,
        31,
        50,
        183,
        46,
        145,
        172,
        32,
        160,
        71,
        153,
        153,
        27,
        220,
        113,
        176,
        179,
        227,
        135,
        215,
        220,
        178,
        161,
        56,
        234,
        64,
        144,
        183,
        172,
        114,
        227],
    [   149,
        136,
        60,
        158,
        115,
        191,
        106,
        132,
        57,
        115,
        33,
        176,
        56,
        190,
        91,
        48,
        102,
        5,
        117,
        165,
        110,
        24,
        197,
        111,
        238,
        176,
        148,
        227,
        120,
        64,
        105,
        172,
        112,
        198,
        0,
        91,
        27,
        31,
        100,
        122,
        178,
        207,
        33,
        194,
        194,
        122,
        187,
        120,
        146,
        45,
        52,
        200,
        74,
        161,
        83,
        99,
        126,
        97,
        191,
        146,
        158,
        159,
        211,
        54,
        182,
        171,
        47,
        161,
        148,
        37],
    [   156,
        86,
        58,
        67,
        124,
        137,
        16,
        41,
        107,
        97,
        81,
        103,
        34,
        108,
        145,
        124,
        18,
        92,
        41,
        115,
        106,
        115,
        106,
        34,
        165,
        85,
        157,
        156,
        123,
        141,
        26,
        96,
        147,
        134,
        91,
        0,
        65,
        62,
        35,
        136,
        106,
        126,
        61,
        114,
        104,
        54,
        137,
        45,
        114,
        54,
        81,
        147,
        86,
        70,
        131,
        145,
        99,
        8,
        124,
        101,
        83,
        77,
        129,
        106,
        147,
        83,
        55,
        83,
        144,
        128],
    [   152,
        122,
        37,
        132,
        117,
        178,
        80,
        106,
        56,
        96,
        25,
        157,
        30,
        168,
        96,
        62,
        78,
        27,
        95,
        152,
        94,
        50,
        171,
        88,
        220,
        150,
        152,
        209,
        121,
        79,
        78,
        152,
        123,
        182,
        27,
        65,
        0,
        5,
        80,
        126,
        159,
        185,
        8,
        173,
        167,
        95,
        175,
        93,
        138,
        31,
        53,
        187,
        58,
        135,
        97,
        113,
        105,
        71,
        165,
        123,
        131,
        132,
        189,
        54,
        174,
        144,
        22,
        134,
        148,
        65],
    [   157,
        123,
        31,
        130,
        122,
        179,
        77,
        103,
        54,
        90,
        23,
        157,
        28,
        167,
        93,
        62,
        76,
        31,
        94,
        154,
        89,
        54,
        168,
        88,
        220,
        147,
        157,
        209,
        125,
        80,
        74,
        151,
        128,
        182,
        31,
        62,
        5,
        0,
        80,
        131,
        159,
        185,
        2,
        173,
        163,
        90,
        176,
        88,
        140,
        34,
        58,
        189,
        53,
        132,
        102,
        118,
        100,
        68,
        160,
        117,
        126,
        128,
        188,
        52,
        177,
        140,
        16,
        129,
        152,
        69],
    [   126,
        51,
        87,
        66,
        96,
        104,
        40,
        53,
        131,
        132,
        102,
        77,
        52,
        89,
        171,
        142,
        19,
        103,
        17,
        80,
        140,
        125,
        107,
        13,
        140,
        88,
        127,
        129,
        94,
        160,
        59,
        71,
        125,
        104,
        100,
        35,
        80,
        80,
        0,
        108,
        79,
        106,
        80,
        94,
        116,
        87,
        103,
        76,
        79,
        55,
        71,
        114,
        116,
        75,
        115,
        127,
        134,
        40,
        153,
        135,
        110,
        101,
        110,
        130,
        112,
        99,
        79,
        109,
        112,
        135],
    [   26,
        87,
        158,
        168,
        11,
        119,
        147,
        162,
        178,
        217,
        149,
        138,
        123,
        163,
        213,
        167,
        127,
        127,
        119,
        98,
        219,
        133,
        207,
        120,
        181,
        191,
        26,
        168,
        16,
        181,
        162,
        139,
        30,
        137,
        122,
        136,
        126,
        131,
        108,
        0,
        137,
        174,
        133,
        163,
        222,
        190,
        109,
        181,
        65,
        99,
        72,
        122,
        185,
        180,
        51,
        47,
        224,
        143,
        260,
        234,
        218,
        209,
        180,
        175,
        86,
        207,
        144,
        217,
        32,
        129],
    [   140,
        52,
        164,
        68,
        127,
        45,
        100,
        89,
        211,
        199,
        182,
        3,
        131,
        28,
        250,
        221,
        87,
        181,
        65,
        44,
        210,
        202,
        88,
        73,
        60,
        83,
        142,
        50,
        120,
        239,
        119,
        11,
        165,
        31,
        178,
        106,
        159,
        159,
        79,
        137,
        0,
        36,
        159,
        26,
        116,
        141,
        53,
        129,
        74,
        132,
        138,
        54,
        192,
        82,
        169,
        175,
        197,
        106,
        185,
        189,
        147,
        130,
        42,
        209,
        81,
        113,
        158,
        141,
        120,
        210],
    [   177,
        88,
        184,
        69,
        164,
        72,
        116,
        97,
        233,
        210,
        206,
        36,
        156,
        17,
        271,
        247,
        108,
        210,
        90,
        79,
        223,
        231,
        69,
        96,
        47,
        74,
        178,
        44,
        157,
        265,
        133,
        37,
        201,
        50,
        207,
        126,
        185,
        185,
        106,
        174,
        36,
        0,
        184,
        12,
        102,
        149,
        81,
        138,
        110,
        161,
        171,
        78,
        211,
        80,
        205,
        211,
        206,
        124,
        178,
        193,
        145,
        128,
        6,
        232,
        113,
        107,
        181,
        139,
        156,
        240],
    [   159,
        124,
        28,
        129,
        124,
        180,
        76,
        102,
        52,
        88,
        22,
        157,
        28,
        167,
        92,
        62,
        76,
        32,
        95,
        155,
        86,
        55,
        167,
        88,
        220,
        146,
        159,
        209,
        127,
        80,
        72,
        152,
        131,
        183,
        33,
        61,
        8,
        2,
        80,
        133,
        159,
        184,
        0,
        173,
        161,
        88,
        178,
        86,
        142,
        36,
        60,
        190,
        51,
        131,
        105,
        121,
        97,
        67,
        158,
        115,
        124,
        126,
        188,
        51,
        178,
        138,
        14,
        127,
        154,
        71],
    [   167,
        77,
        173,
        61,
        153,
        66,
        106,
        88,
        222,
        201,
        194,
        24,
        144,
        7,
        260,
        235,
        97,
        197,
        78,
        70,
        214,
        219,
        69,
        84,
        54,
        69,
        168,
        48,
        146,
        253,
        123,
        25,
        190,
        46,
        194,
        114,
        173,
        173,
        94,
        163,
        26,
        12,
        173,
        0,
        100,
        140,
        75,
        129,
        100,
        149,
        159,
        73,
        200,
        73,
        193,
        199,
        197,
        113,
        174,
        185,
        139,
        122,
        17,
        221,
        106,
        102,
        169,
        133,
        147,
        228],
    [   236,
        143,
        145,
        55,
        211,
        162,
        88,
        64,
        194,
        141,
        177,
        113,
        138,
        92,
        224,
        218,
        101,
        194,
        103,
        155,
        157,
        217,
        32,
        103,
        147,
        33,
        237,
        146,
        207,
        234,
        89,
        106,
        241,
        145,
        194,
        104,
        167,
        163,
        116,
        222,
        116,
        102,
        161,
        100,
        0,
        83,
        169,
        78,
        175,
        159,
        183,
        171,
        161,
        41,
        231,
        243,
        132,
        97,
        79,
        110,
        59,
        43,
        99,
        194,
        195,
        23,
        151,
        51,
        219,
        232],
    [   211,
        136,
        65,
        79,
        178,
        180,
        46,
        52,
        111,
        62,
        98,
        138,
        74,
        133,
        140,
        137,
        67,
        120,
        86,
        161,
        77,
        142,
        102,
        81,
        194,
        83,
        212,
        187,
        178,
        152,
        28,
        130,
        199,
        172,
        122,
        54,
        95,
        90,
        87,
        190,
        141,
        149,
        88,
        140,
        83,
        0,
        182,
        12,
        167,
        101,
        130,
        190,
        77,
        71,
        181,
        195,
        57,
        47,
        72,
        49,
        35,
        41,
        150,
        111,
        198,
        60,
        74,
        40,
        199,
        159],
    [   103,
        53,
        190,
        118,
        103,
        10,
        137,
        133,
        231,
        235,
        200,
        56,
        152,
        80,
        270,
        234,
        119,
        192,
        97,
        22,
        244,
        208,
        141,
        103,
        73,
        135,
        105,
        60,
        95,
        251,
        157,
        62,
        140,
        32,
        187,
        137,
        175,
        176,
        103,
        109,
        53,
        81,
        178,
        75,
        169,
        182,
        0,
        170,
        46,
        144,
        138,
        13,
        220,
        133,
        153,
        154,
        235,
        140,
        234,
        231,
        194,
        179,
        87,
        229,
        31,
        164,
        180,
        189,
        83,
        212],
    [   202,
        124,
        67,
        68,
        169,
        168,
        35,
        40,
        115,
        72,
        99,
        126,
        69,
        121,
        146,
        140,
        56,
        119,
        75,
        150,
        86,
        142,
        93,
        69,
        183,
        74,
        202,
        176,
        169,
        155,
        18,
        118,
        192,
        160,
        120,
        45,
        93,
        88,
        76,
        181,
        129,
        138,
        86,
        129,
        78,
        12,
        170,
        0,
        155,
        95,
        124,
        178,
        83,
        61,
        174,
        189,
        68,
        37,
        79,
        60,
        39,
        39,
        139,
        115,
        186,
        55,
        74,
        41,
        189,
        157],
    [   66,
        32,
        159,
        120,
        57,
        54,
        120,
        125,
        194,
        211,
        163,
        76,
        120,
        102,
        234,
        194,
        99,
        151,
        81,
        32,
        217,
        166,
        153,
        86,
        116,
        142,
        68,
        103,
        49,
        210,
        139,
        78,
        95,
        71,
        146,
        114,
        138,
        140,
        79,
        65,
        74,
        110,
        142,
        100,
        175,
        167,
        46,
        155,
        0,
        106,
        95,
        60,
        188,
        135,
        107,
        108,
        213,
        120,
        228,
        215,
        186,
        174,
        116,
        192,
        36,
        165,
        147,
        183,
        46,
        168],
    [   124,
        91,
        59,
        117,
        89,
        147,
        70,
        95,
        88,
        118,
        57,
        131,
        27,
        145,
        127,
        90,
        60,
        49,
        72,
        121,
        120,
        69,
        157,
        67,
        193,
        137,
        124,
        181,
        92,
        108,
        77,
        126,
        101,
        153,
        45,
        54,
        31,
        34,
        55,
        99,
        132,
        161,
        36,
        149,
        159,
        101,
        144,
        95,
        106,
        0,
        29,
        157,
        86,
        123,
        80,
        95,
        126,
        62,
        173,
        138,
        134,
        131,
        166,
        85,
        142,
        138,
        45,
        136,
        118,
        79],
    [   99,
        90,
        87,
        136,
        64,
        144,
        96,
        119,
        106,
        147,
        76,
        137,
        57,
        156,
        143,
        100,
        82,
        57,
        87,
        118,
        147,
        70,
        178,
        84,
        196,
        158,
        99,
        184,
        69,
        115,
        105,
        134,
        71,
        153,
        52,
        81,
        53,
        58,
        71,
        72,
        138,
        171,
        60,
        159,
        183,
        130,
        138,
        124,
        95,
        29,
        0,
        152,
        112,
        145,
        50,
        65,
        155,
        89,
        202,
        168,
        163,
        159,
        176,
        103,
        130,
        163,
        72,
        164,
        96,
        73],
    [   115,
        65,
        201,
        122,
        117,
        10,
        146,
        140,
        243,
        244,
        212,
        58,
        164,
        80,
        283,
        247,
        128,
        205,
        106,
        35,
        254,
        222,
        141,
        113,
        62,
        138,
        117,
        50,
        108,
        264,
        166,
        65,
        153,
        27,
        200,
        147,
        187,
        189,
        114,
        122,
        54,
        78,
        190,
        73,
        171,
        190,
        13,
        178,
        60,
        157,
        152,
        0,
        231,
        137,
        167,
        168,
        244,
        150,
        239,
        239,
        200,
        184,
        83,
        241,
        41,
        168,
        192,
        195,
        95,
        226],
    [   210,
        166,
        29,
        146,
        175,
        221,
        94,
        116,
        35,
        43,
        40,
        190,
        68,
        193,
        63,
        65,
        105,
        69,
        127,
        197,
        36,
        84,
        176,
        120,
        252,
        156,
        210,
        242,
        179,
        78,
        79,
        183,
        182,
        220,
        74,
        86,
        58,
        53,
        116,
        185,
        192,
        211,
        51,
        200,
        161,
        77,
        220,
        83,
        188,
        86,
        112,
        231,
        0,
        142,
        155,
        171,
        55,
        87,
        132,
        80,
        109,
        119,
        213,
        37,
        224,
        138,
        41,
        116,
        205,
        101],
    [   194,
        102,
        121,
        14,
        169,
        127,
        55,
        29,
        171,
        134,
        149,
        79,
        105,
        65,
        205,
        191,
        62,
        162,
        61,
        117,
        148,
        185,
        36,
        62,
        127,
        14,
        196,
        122,
        165,
        209,
        63,
        71,
        200,
        113,
        161,
        70,
        135,
        132,
        75,
        180,
        82,
        80,
        131,
        73,
        41,
        71,
        133,
        61,
        135,
        123,
        145,
        137,
        142,
        0,
        191,
        203,
        128,
        64,
        102,
        113,
        66,
        48,
        80,
        170,
        156,
        31,
        122,
        59,
        177,
        199],
    [   76,
        117,
        133,
        181,
        52,
        161,
        146,
        167,
        140,
        193,
        115,
        169,
        107,
        191,
        171,
        123,
        130,
        88,
        131,
        137,
        191,
        88,
        223,
        129,
        221,
        204,
        75,
        208,
        60,
        135,
        155,
        168,
        30,
        176,
        83,
        131,
        97,
        102,
        115,
        51,
        169,
        205,
        105,
        193,
        231,
        181,
        153,
        174,
        107,
        80,
        50,
        167,
        155,
        191,
        0,
        16,
        202,
        139,
        253,
        217,
        213,
        209,
        210,
        137,
        135,
        212,
        118,
        214,
        84,
        81],
    [   67,
        122,
        150,
        192,
        51,
        163,
        159,
        180,
        155,
        209,
        131,
        175,
        122,
        199,
        186,
        138,
        143,
        104,
        142,
        140,
        207,
        102,
        233,
        140,
        224,
        215,
        66,
        211,
        59,
        149,
        170,
        174,
        18,
        179,
        99,
        145,
        113,
        118,
        127,
        47,
        175,
        211,
        121,
        199,
        243,
        195,
        154,
        189,
        108,
        95,
        65,
        168,
        171,
        203,
        16,
        0,
        218,
        153,
        268,
        233,
        228,
        223,
        217,
        153,
        133,
        225,
        134,
        229,
        79,
        94],
    [   248,
        185,
        68,
        136,
        213,
        234,
        98,
        109,
        89,
        13,
        94,
        194,
        100,
        190,
        104,
        120,
        116,
        123,
        138,
        213,
        29,
        139,
        155,
        131,
        251,
        138,
        248,
        244,
        215,
        131,
        78,
        186,
        227,
        227,
        126,
        99,
        105,
        100,
        134,
        224,
        197,
        206,
        97,
        197,
        132,
        57,
        235,
        68,
        213,
        126,
        155,
        244,
        55,
        128,
        202,
        218,
        0,
        95,
        82,
        28,
        73,
        88,
        207,
        91,
        247,
        111,
        83,
        81,
        239,
        156],
    [   164,
        91,
        60,
        62,
        132,
        139,
        9,
        35,
        110,
        94,
        86,
        103,
        41,
        106,
        147,
        128,
        21,
        98,
        43,
        118,
        104,
        121,
        100,
        36,
        165,
        79,
        164,
        156,
        131,
        145,
        19,
        96,
        155,
        135,
        97,
        8,
        71,
        68,
        40,
        143,
        106,
        124,
        67,
        113,
        97,
        47,
        140,
        37,
        120,
        62,
        89,
        150,
        87,
        64,
        139,
        153,
        95,
        0,
        116,
        95,
        75,
        69,
        127,
        109,
        152,
        75,
        59,
        75,
        151,
        135],
    [   279,
        196,
        132,
        116,
        248,
        229,
        112,
        103,
        168,
        95,
        163,
        181,
        146,
        166,
        186,
        198,
        133,
        189,
        147,
        216,
        111,
        210,
        111,
        143,
        225,
        104,
        280,
        222,
        247,
        210,
        98,
        174,
        271,
        215,
        191,
        124,
        165,
        160,
        153,
        260,
        185,
        178,
        158,
        174,
        79,
        72,
        234,
        79,
        228,
        173,
        202,
        239,
        132,
        102,
        253,
        268,
        82,
        116,
        0,
        54,
        42,
        55,
        177,
        169,
        255,
        71,
        144,
        45,
        265,
        227],
    [   256,
        185,
        86,
        124,
        222,
        229,
        95,
        99,
        115,
        41,
        116,
        185,
        111,
        178,
        132,
        146,
        116,
        144,
        135,
        210,
        57,
        162,
        136,
        130,
        239,
        122,
        257,
        233,
        223,
        158,
        76,
        178,
        240,
        220,
        146,
        101,
        123,
        117,
        135,
        234,
        189,
        193,
        115,
        185,
        110,
        49,
        231,
        60,
        215,
        138,
        168,
        239,
        80,
        113,
        217,
        233,
        28,
        95,
        54,
        0,
        51,
        68,
        193,
        117,
        246,
        91,
        101,
        59,
        245,
        179],
    [   237,
        154,
        101,
        79,
        206,
        190,
        70,
        62,
        144,
        83,
        133,
        143,
        108,
        131,
        170,
        172,
        91,
        156,
        105,
        175,
        100,
        178,
        85,
        101,
        192,
        72,
        238,
        188,
        205,
        186,
        57,
        136,
        230,
        178,
        158,
        83,
        131,
        126,
        110,
        218,
        147,
        145,
        124,
        139,
        59,
        35,
        194,
        39,
        186,
        134,
        163,
        200,
        109,
        66,
        213,
        228,
        73,
        75,
        42,
        51,
        0,
        17,
        145,
        145,
        214,
        41,
        110,
        7,
        223,
        194],
    [   227,
        141,
        106,
        62,
        198,
        174,
        63,
        49,
        152,
        97,
        138,
        127,
        107,
        114,
        181,
        178,
        82,
        159,
        93,
        161,
        114,
        181,
        68,
        90,
        175,
        54,
        228,
        170,
        196,
        194,
        55,
        119,
        224,
        161,
        159,
        77,
        132,
        128,
        101,
        209,
        130,
        128,
        126,
        122,
        43,
        41,
        179,
        39,
        174,
        131,
        159,
        184,
        119,
        48,
        209,
        223,
        88,
        69,
        55,
        68,
        17,
        0,
        127,
        153,
        200,
        23,
        113,
        11,
        212,
        197],
    [   183,
        94,
        187,
        70,
        170,
        77,
        119,
        99,
        236,
        212,
        210,
        42,
        159,
        21,
        274,
        251,
        112,
        214,
        94,
        85,
        225,
        235,
        67,
        100,
        48,
        73,
        184,
        46,
        163,
        269,
        135,
        42,
        207,
        56,
        211,
        129,
        189,
        188,
        110,
        180,
        42,
        6,
        188,
        17,
        99,
        150,
        87,
        139,
        116,
        166,
        176,
        83,
        213,
        80,
        210,
        217,
        207,
        127,
        177,
        193,
        145,
        127,
        0,
        235,
        119,
        106,
        184,
        138,
        162,
        245],
    [   202,
        175,
        49,
        172,
        167,
        231,
        118,
        142,
        2,
        78,
        28,
        207,
        78,
        215,
        41,
        29,
        123,
        48,
        144,
        206,
        67,
        54,
        206,
        136,
        270,
        185,
        201,
        259,
        172,
        41,
        107,
        201,
        166,
        234,
        54,
        106,
        54,
        52,
        130,
        175,
        209,
        232,
        51,
        221,
        194,
        111,
        229,
        115,
        192,
        85,
        103,
        241,
        37,
        170,
        137,
        153,
        91,
        109,
        169,
        117,
        145,
        153,
        235,
        0,
        228,
        170,
        51,
        151,
        200,
        70],
    [   75,
        61,
        195,
        141,
        83,
        42,
        151,
        152,
        230,
        245,
        199,
        84,
        156,
        110,
        270,
        230,
        131,
        187,
        111,
        39,
        252,
        201,
        169,
        116,
        103,
        161,
        77,
        91,
        74,
        246,
        170,
        90,
        117,
        64,
        182,
        147,
        174,
        177,
        112,
        86,
        81,
        113,
        178,
        106,
        195,
        198,
        31,
        186,
        36,
        142,
        130,
        41,
        224,
        156,
        135,
        133,
        247,
        152,
        255,
        246,
        214,
        200,
        119,
        228,
        0,
        188,
        183,
        210,
        56,
        202],
    [   222,
        132,
        122,
        46,
        195,
        158,
        67,
        45,
        170,
        120,
        153,
        110,
        116,
        94,
        201,
        194,
        82,
        171,
        87,
        148,
        136,
        194,
        44,
        86,
        154,
        32,
        224,
        150,
        192,
        211,
        66,
        103,
        224,
        144,
        171,
        83,
        144,
        140,
        99,
        207,
        113,
        107,
        138,
        102,
        23,
        60,
        164,
        55,
        165,
        138,
        163,
        168,
        138,
        31,
        212,
        225,
        111,
        75,
        71,
        91,
        41,
        23,
        106,
        170,
        188,
        0,
        127,
        33,
        206,
        209],
    [   169,
        127,
        15,
        122,
        134,
        182,
        68,
        93,
        52,
        74,
        26,
        156,
        27,
        163,
        91,
        69,
        72,
        45,
        92,
        157,
        74,
        68,
        158,
        85,
        218,
        137,
        169,
        208,
        137,
        86,
        61,
        149,
        143,
        183,
        47,
        55,
        22,
        16,
        79,
        144,
        158,
        181,
        14,
        169,
        151,
        74,
        180,
        74,
        147,
        45,
        72,
        192,
        41,
        122,
        118,
        134,
        83,
        59,
        144,
        101,
        110,
        113,
        184,
        51,
        183,
        127,
        0,
        114,
        163,
        84],
    [   236,
        151,
        105,
        73,
        205,
        185,
        70,
        58,
        150,
        91,
        138,
        138,
        110,
        125,
        177,
        177,
        89,
        160,
        102,
        171,
        107,
        182,
        78,
        99,
        186,
        65,
        237,
        181,
        204,
        192,
        59,
        130,
        230,
        172,
        161,
        83,
        134,
        129,
        109,
        217,
        141,
        139,
        127,
        133,
        51,
        40,
        189,
        41,
        183,
        136,
        164,
        195,
        116,
        59,
        214,
        229,
        81,
        75,
        45,
        59,
        7,
        11,
        138,
        151,
        210,
        33,
        114,
        0,
        221,
        198],
    [   20,
        76,
        177,
        163,
        34,
        93,
        153,
        163,
        203,
        234,
        173,
        122,
        140,
        149,
        240,
        195,
        132,
        153,
        119,
        77,
        237,
        162,
        199,
        122,
        157,
        186,
        22,
        144,
        27,
        210,
        170,
        125,
        61,
        114,
        148,
        144,
        148,
        152,
        112,
        32,
        120,
        156,
        154,
        147,
        219,
        199,
        83,
        189,
        46,
        118,
        96,
        95,
        205,
        177,
        84,
        79,
        239,
        151,
        265,
        245,
        223,
        212,
        162,
        200,
        56,
        206,
        163,
        221,
        0,
        160],
    [   155,
        163,
        94,
        194,
        125,
        218,
        144,
        170,
        73,
        144,
        63,
        208,
        93,
        224,
        95,
        47,
        138,
        38,
        151,
        191,
        136,
        17,
        234,
        146,
        269,
        213,
        154,
        257,
        133,
        55,
        143,
        204,
        111,
        227,
        37,
        128,
        65,
        69,
        135,
        129,
        210,
        240,
        71,
        228,
        232,
        159,
        212,
        157,
        168,
        79,
        73,
        226,
        101,
        199,
        81,
        94,
        156,
        135,
        227,
        179,
        194,
        197,
        245,
        70,
        202,
        209,
        84,
        198,
        160,
        0]]
;
task=[   508,
    107,
    70,
    267,
    139,
    300,
    295,
    90,
    313,
    102,
    108,
    66,
    347,
    252,
    104,
    188,
    58,
    42,
    0,
    170,
    208,
    257,
    181,
    327,
    45,
    139,
    451,
    66,
    208,
    275,
    334,
    11,
    584,
    231,
    39,
    366,
    373,
    385,
    378,
    499,
    356,
    14,
    55,
    135,
    59,
    168,
    161,
    63,
    322,
    121,
    137,
    306,
    171,
    181,
    665,
    0,
    207,
    266,
    68,
    26,
    119,
    227,
    197,
    287,
    123,
    152,
    428,
    95,
    171,
    241]
;
minW=[   20,
    88,
    104,
    114,
    14,
    77,
    98,
    47,
    54,
    207,
    71,
    80,
    119,
    61,
    70,
    52,
    85,
    8,
    19,
    8,
    39,
    1,
    80,
    135,
    151,
    125,
    17,
    38,
    27,
    97,
    69,
    153,
    5,
    70,
    49,
    102,
    89,
    15,
    21,
    33,
    18,
    172,
    15,
    56,
    102,
    71,
    105,
    106,
    2,
    33,
    9,
    156,
    68,
    89,
    11,
    0,
    181,
    29,
    194,
    98,
    43,
    30,
    87,
    7,
    83,
    110,
    68,
    59,
    20,
    18]
;
maxW=[   153,
    316,
    237,
    322,
    60,
    275,
    333,
    291,
    197,
    258,
    218,
    281,
    208,
    289,
    255,
    171,
    169,
    119,
    265,
    313,
    312,
    215,
    252,
    254,
    386,
    252,
    171,
    213,
    242,
    160,
    262,
    301,
    152,
    367,
    171,
    171,
    174,
    139,
    300,
    223,
    229,
    319,
    209,
    331,
    345,
    206,
    343,
    315,
    283,
    212,
    73,
    221,
    281,
    243,
    135,
    720,
    285,
    250,
    369,
    391,
    300,
    403,
    345,
    262,
    267,
    281,
    278,
    288,
    154,
    270]
;