// Generated by InstanceGenerator.py v0.1
// Juan Francisco Martinez Vera
// AMMM - MIRI, FIB UPC
//
// RAND_SEED=1484782827

bigM=100000;

nLocations=70;
startLocation=61;
distances=[   [   0,
        78,
        107,
        65,
        27,
        112,
        161,
        30,
        145,
        76,
        117,
        85,
        91,
        109,
        58,
        17,
        110,
        65,
        131,
        129,
        80,
        144,
        107,
        122,
        113,
        210,
        88,
        118,
        173,
        105,
        58,
        122,
        188,
        170,
        97,
        153,
        143,
        196,
        181,
        163,
        50,
        140,
        183,
        138,
        202,
        99,
        111,
        116,
        62,
        120,
        86,
        74,
        201,
        110,
        136,
        21,
        87,
        76,
        21,
        114,
        120,
        102,
        115,
        48,
        195,
        83,
        124,
        67,
        129,
        150],
    [   78,
        0,
        185,
        115,
        68,
        142,
        190,
        56,
        144,
        124,
        85,
        157,
        158,
        100,
        115,
        90,
        33,
        143,
        114,
        134,
        9,
        207,
        155,
        188,
        35,
        232,
        48,
        40,
        175,
        183,
        47,
        61,
        207,
        208,
        130,
        204,
        220,
        266,
        212,
        234,
        97,
        119,
        192,
        216,
        219,
        122,
        165,
        101,
        21,
        186,
        164,
        59,
        211,
        95,
        214,
        83,
        138,
        116,
        62,
        162,
        195,
        25,
        143,
        84,
        219,
        147,
        201,
        144,
        207,
        199],
    [   107,
        185,
        0,
        99,
        120,
        139,
        165,
        134,
        194,
        101,
        200,
        69,
        83,
        177,
        91,
        95,
        216,
        41,
        199,
        176,
        187,
        88,
        108,
        95,
        219,
        212,
        183,
        224,
        210,
        27,
        160,
        221,
        200,
        156,
        128,
        124,
        38,
        106,
        176,
        77,
        107,
        208,
        209,
        36,
        213,
        141,
        96,
        187,
        167,
        96,
        21,
        162,
        221,
        182,
        29,
        104,
        98,
        130,
        126,
        108,
        26,
        208,
        142,
        129,
        197,
        71,
        38,
        40,
        24,
        124],
    [   65,
        115,
        99,
        0,
        51,
        51,
        97,
        91,
        98,
        11,
        103,
        120,
        132,
        78,
        10,
        48,
        140,
        67,
        100,
        80,
        122,
        92,
        43,
        160,
        142,
        147,
        94,
        148,
        120,
        113,
        118,
        131,
        127,
        105,
        37,
        91,
        123,
        154,
        116,
        123,
        18,
        109,
        126,
        135,
        141,
        45,
        49,
        88,
        94,
        158,
        85,
        71,
        142,
        83,
        120,
        44,
        23,
        137,
        82,
        50,
        96,
        133,
        55,
        112,
        131,
        35,
        132,
        67,
        113,
        87],
    [   27,
        68,
        120,
        51,
        0,
        91,
        141,
        43,
        119,
        61,
        90,
        110,
        117,
        81,
        47,
        26,
        97,
        79,
        104,
        103,
        73,
        140,
        93,
        148,
        99,
        189,
        64,
        105,
        147,
        124,
        67,
        101,
        166,
        153,
        76,
        142,
        154,
        198,
        162,
        165,
        32,
        112,
        159,
        154,
        180,
        75,
        100,
        89,
        48,
        146,
        100,
        47,
        177,
        82,
        148,
        16,
        74,
        102,
        35,
        100,
        128,
        89,
        94,
        71,
        174,
        79,
        143,
        80,
        141,
        137],
    [   112,
        142,
        139,
        51,
        91,
        0,
        49,
        134,
        56,
        42,
        93,
        171,
        183,
        61,
        61,
        98,
        158,
        116,
        74,
        40,
        150,
        94,
        34,
        210,
        159,
        97,
        104,
        164,
        71,
        158,
        158,
        134,
        76,
        66,
        15,
        70,
        153,
        161,
        71,
        135,
        62,
        81,
        74,
        174,
        89,
        20,
        50,
        69,
        121,
        209,
        130,
        84,
        90,
        68,
        154,
        91,
        41,
        188,
        127,
        39,
        128,
        152,
        3,
        160,
        82,
        67,
        175,
        114,
        146,
        65],
    [   161,
        190,
        165,
        97,
        141,
        49,
        0,
        184,
        70,
        86,
        130,
        209,
        223,
        99,
        106,
        145,
        203,
        152,
        104,
        65,
        199,
        94,
        60,
        248,
        205,
        50,
        149,
        210,
        62,
        188,
        208,
        175,
        35,
        27,
        64,
        54,
        169,
        153,
        22,
        136,
        110,
        107,
        50,
        196,
        48,
        68,
        69,
        105,
        170,
        247,
        162,
        131,
        57,
        107,
        172,
        139,
        78,
        234,
        176,
        58,
        147,
        199,
        47,
        209,
        34,
        99,
        203,
        150,
        166,
        50],
    [   30,
        56,
        134,
        91,
        43,
        134,
        184,
        0,
        159,
        102,
        117,
        100,
        102,
        117,
        85,
        47,
        89,
        94,
        138,
        144,
        55,
        174,
        134,
        132,
        92,
        232,
        82,
        97,
        188,
        128,
        28,
        111,
        209,
        196,
        120,
        182,
        172,
        226,
        205,
        194,
        74,
        146,
        201,
        163,
        222,
        118,
        139,
        123,
        48,
        129,
        113,
        76,
        219,
        116,
        164,
        47,
        115,
        67,
        9,
        141,
        149,
        82,
        137,
        33,
        217,
        113,
        146,
        95,
        157,
        178],
    [   145,
        144,
        194,
        98,
        119,
        56,
        70,
        159,
        0,
        93,
        67,
        217,
        228,
        44,
        108,
        136,
        148,
        166,
        36,
        18,
        154,
        148,
        90,
        257,
        149,
        94,
        97,
        153,
        30,
        211,
        175,
        113,
        69,
        97,
        65,
        116,
        210,
        213,
        89,
        190,
        101,
        38,
        48,
        229,
        78,
        53,
        106,
        44,
        128,
        256,
        183,
        87,
        68,
        49,
        210,
        126,
        95,
        221,
        153,
        94,
        184,
        145,
        54,
        190,
        85,
        122,
        229,
        165,
        203,
        111],
    [   76,
        124,
        101,
        11,
        61,
        42,
        86,
        102,
        93,
        0,
        105,
        128,
        140,
        78,
        19,
        59,
        148,
        73,
        98,
        75,
        131,
        84,
        32,
        167,
        150,
        136,
        100,
        155,
        113,
        118,
        128,
        136,
        117,
        94,
        29,
        80,
        123,
        148,
        105,
        117,
        28,
        107,
        117,
        137,
        131,
        39,
        40,
        87,
        103,
        166,
        89,
        77,
        133,
        83,
        121,
        55,
        13,
        148,
        93,
        39,
        96,
        141,
        46,
        123,
        121,
        32,
        136,
        72,
        113,
        76],
    [   117,
        85,
        200,
        103,
        90,
        93,
        130,
        117,
        67,
        105,
        0,
        201,
        208,
        32,
        109,
        115,
        82,
        163,
        31,
        65,
        94,
        184,
        122,
        239,
        82,
        162,
        37,
        86,
        96,
        209,
        125,
        45,
        136,
        155,
        89,
        163,
        226,
        250,
        151,
        221,
        93,
        35,
        116,
        236,
        146,
        75,
        137,
        25,
        74,
        237,
        183,
        43,
        135,
        24,
        223,
        105,
        115,
        185,
        115,
        129,
        199,
        80,
        93,
        151,
        151,
        137,
        229,
        163,
        216,
        158],
    [   85,
        157,
        69,
        120,
        110,
        171,
        209,
        100,
        217,
        128,
        201,
        0,
        15,
        188,
        109,
        85,
        190,
        57,
        211,
        199,
        155,
        151,
        149,
        40,
        192,
        259,
        173,
        197,
        240,
        46,
        118,
        207,
        243,
        208,
        156,
        180,
        104,
        175,
        225,
        147,
        117,
        220,
        245,
        79,
        257,
        164,
        143,
        196,
        145,
        38,
        55,
        158,
        261,
        190,
        93,
        96,
        132,
        67,
        95,
        152,
        95,
        182,
        174,
        79,
        244,
        110,
        56,
        59,
        91,
        178],
    [   91,
        158,
        83,
        132,
        117,
        183,
        223,
        102,
        228,
        140,
        208,
        15,
        0,
        197,
        122,
        94,
        191,
        72,
        220,
        211,
        156,
        166,
        163,
        30,
        193,
        273,
        179,
        198,
        252,
        59,
        117,
        212,
        256,
        222,
        169,
        195,
        117,
        190,
        239,
        161,
        127,
        229,
        258,
        90,
        270,
        176,
        157,
        205,
        149,
        29,
        70,
        165,
        273,
        199,
        107,
        105,
        145,
        59,
        98,
        166,
        110,
        183,
        186,
        77,
        258,
        124,
        66,
        74,
        105,
        193],
    [   109,
        100,
        177,
        78,
        81,
        61,
        99,
        117,
        44,
        78,
        32,
        188,
        197,
        0,
        86,
        103,
        106,
        144,
        22,
        36,
        109,
        153,
        91,
        227,
        107,
        134,
        53,
        111,
        75,
        190,
        132,
        75,
        109,
        123,
        59,
        131,
        201,
        220,
        121,
        192,
        73,
        31,
        92,
        214,
        120,
        44,
        107,
        9,
        83,
        226,
        163,
        43,
        111,
        7,
        199,
        92,
        86,
        182,
        113,
        98,
        174,
        102,
        61,
        150,
        123,
        111,
        209,
        143,
        191,
        126],
    [   58,
        115,
        91,
        10,
        47,
        61,
        106,
        85,
        108,
        19,
        109,
        109,
        122,
        86,
        0,
        41,
        141,
        58,
        108,
        90,
        120,
        92,
        49,
        149,
        143,
        156,
        97,
        149,
        130,
        104,
        113,
        135,
        136,
        112,
        47,
        96,
        117,
        152,
        125,
        120,
        18,
        117,
        136,
        127,
        150,
        55,
        53,
        96,
        93,
        148,
        76,
        75,
        152,
        91,
        114,
        38,
        29,
        128,
        76,
        56,
        90,
        134,
        64,
        105,
        140,
        32,
        123,
        57,
        106,
        92],
    [   17,
        90,
        95,
        48,
        26,
        98,
        145,
        47,
        136,
        59,
        115,
        85,
        94,
        103,
        41,
        0,
        121,
        54,
        125,
        119,
        93,
        127,
        91,
        124,
        123,
        195,
        91,
        129,
        162,
        97,
        75,
        127,
        174,
        153,
        83,
        136,
        130,
        180,
        165,
        147,
        36,
        134,
        171,
        128,
        188,
        86,
        93,
        111,
        71,
        123,
        75,
        73,
        188,
        105,
        124,
        10,
        70,
        89,
        38,
        97,
        106,
        113,
        101,
        64,
        180,
        66,
        117,
        55,
        117,
        133],
    [   110,
        33,
        216,
        140,
        97,
        158,
        203,
        89,
        148,
        148,
        82,
        190,
        191,
        106,
        141,
        121,
        0,
        175,
        113,
        142,
        35,
        232,
        176,
        221,
        2,
        241,
        54,
        8,
        178,
        215,
        77,
        42,
        215,
        224,
        148,
        224,
        251,
        294,
        225,
        262,
        123,
        117,
        197,
        248,
        226,
        137,
        188,
        104,
        49,
        218,
        196,
        73,
        216,
        100,
        245,
        113,
        161,
        147,
        95,
        184,
        226,
        8,
        159,
        116,
        229,
        174,
        234,
        176,
        238,
        219],
    [   65,
        143,
        41,
        67,
        79,
        116,
        152,
        94,
        166,
        73,
        163,
        57,
        72,
        144,
        58,
        54,
        175,
        0,
        166,
        148,
        146,
        98,
        92,
        95,
        177,
        201,
        143,
        183,
        186,
        46,
        120,
        181,
        186,
        150,
        103,
        123,
        77,
        136,
        167,
        104,
        71,
        175,
        190,
        74,
        199,
        113,
        85,
        153,
        126,
        95,
        21,
        123,
        204,
        147,
        70,
        63,
        75,
        102,
        85,
        94,
        56,
        167,
        119,
        93,
        186,
        52,
        65,
        2,
        63,
        121],
    [   131,
        114,
        199,
        100,
        104,
        74,
        104,
        138,
        36,
        98,
        31,
        211,
        220,
        22,
        108,
        125,
        113,
        166,
        0,
        38,
        123,
        169,
        107,
        250,
        114,
        131,
        65,
        118,
        64,
        212,
        150,
        77,
        105,
        129,
        76,
        143,
        221,
        235,
        123,
        209,
        95,
        9,
        84,
        235,
        115,
        61,
        123,
        15,
        100,
        249,
        185,
        62,
        103,
        21,
        220,
        115,
        105,
        204,
        134,
        113,
        194,
        111,
        73,
        171,
        121,
        131,
        231,
        165,
        212,
        138],
    [   129,
        134,
        176,
        80,
        103,
        40,
        65,
        144,
        18,
        75,
        65,
        199,
        211,
        36,
        90,
        119,
        142,
        148,
        38,
        0,
        144,
        134,
        74,
        239,
        143,
        98,
        89,
        147,
        44,
        193,
        162,
        111,
        73,
        91,
        47,
        105,
        193,
        200,
        86,
        175,
        83,
        44,
        58,
        211,
        84,
        35,
        91,
        39,
        116,
        238,
        165,
        75,
        77,
        42,
        193,
        109,
        78,
        205,
        138,
        79,
        167,
        138,
        38,
        174,
        87,
        105,
        211,
        147,
        185,
        100],
    [   80,
        9,
        187,
        122,
        73,
        150,
        199,
        55,
        154,
        131,
        94,
        155,
        156,
        109,
        120,
        93,
        35,
        146,
        123,
        144,
        0,
        213,
        162,
        185,
        37,
        241,
        57,
        42,
        184,
        183,
        42,
        68,
        216,
        216,
        138,
        211,
        223,
        271,
        221,
        239,
        103,
        129,
        201,
        217,
        228,
        130,
        171,
        110,
        29,
        183,
        166,
        68,
        221,
        105,
        216,
        87,
        145,
        112,
        62,
        169,
        199,
        28,
        152,
        80,
        228,
        152,
        202,
        147,
        209,
        206],
    [   144,
        207,
        88,
        92,
        140,
        94,
        94,
        174,
        148,
        84,
        184,
        151,
        166,
        153,
        92,
        127,
        232,
        98,
        169,
        134,
        213,
        0,
        62,
        183,
        234,
        132,
        184,
        240,
        152,
        115,
        203,
        220,
        128,
        76,
        94,
        42,
        78,
        66,
        97,
        42,
        110,
        176,
        144,
        111,
        138,
        109,
        46,
        162,
        186,
        183,
        95,
        161,
        151,
        160,
        84,
        128,
        71,
        199,
        165,
        55,
        63,
        225,
        96,
        186,
        120,
        61,
        125,
        96,
        79,
        44],
    [   107,
        155,
        108,
        43,
        93,
        34,
        60,
        134,
        90,
        32,
        122,
        149,
        163,
        91,
        49,
        91,
        176,
        92,
        107,
        74,
        162,
        62,
        0,
        188,
        178,
        110,
        125,
        183,
        102,
        130,
        161,
        159,
        94,
        62,
        32,
        48,
        120,
        128,
        76,
        101,
        60,
        115,
        100,
        142,
        107,
        47,
        16,
        100,
        133,
        187,
        102,
        103,
        113,
        98,
        121,
        87,
        20,
        177,
        126,
        7,
        95,
        170,
        36,
        155,
        95,
        39,
        146,
        90,
        113,
        44],
    [   122,
        188,
        95,
        160,
        148,
        210,
        248,
        132,
        257,
        167,
        239,
        40,
        30,
        227,
        149,
        124,
        221,
        95,
        250,
        239,
        185,
        183,
        188,
        0,
        223,
        297,
        210,
        228,
        280,
        68,
        145,
        242,
        282,
        245,
        196,
        215,
        123,
        196,
        262,
        171,
        157,
        259,
        285,
        90,
        295,
        204,
        180,
        236,
        179,
        2,
        88,
        196,
        300,
        229,
        112,
        135,
        171,
        81,
        129,
        190,
        122,
        213,
        213,
        105,
        282,
        148,
        66,
        97,
        112,
        214],
    [   113,
        35,
        219,
        142,
        99,
        159,
        205,
        92,
        149,
        150,
        82,
        192,
        193,
        107,
        143,
        123,
        2,
        177,
        114,
        143,
        37,
        234,
        178,
        223,
        0,
        242,
        55,
        5,
        179,
        218,
        79,
        42,
        216,
        226,
        149,
        226,
        253,
        296,
        227,
        264,
        125,
        117,
        198,
        251,
        227,
        139,
        190,
        105,
        51,
        221,
        198,
        75,
        217,
        101,
        247,
        116,
        163,
        149,
        97,
        185,
        228,
        10,
        160,
        118,
        230,
        176,
        236,
        178,
        240,
        221],
    [   210,
        232,
        212,
        147,
        189,
        97,
        50,
        232,
        94,
        136,
        162,
        259,
        273,
        134,
        156,
        195,
        241,
        201,
        131,
        98,
        241,
        132,
        110,
        297,
        242,
        0,
        188,
        246,
        69,
        236,
        254,
        208,
        25,
        56,
        112,
        90,
        211,
        181,
        35,
        171,
        159,
        132,
        48,
        241,
        18,
        114,
        117,
        137,
        213,
        297,
        210,
        173,
        36,
        141,
        215,
        188,
        128,
        284,
        224,
        107,
        191,
        237,
        94,
        258,
        15,
        149,
        250,
        200,
        209,
        89],
    [   88,
        48,
        183,
        94,
        64,
        104,
        149,
        82,
        97,
        100,
        37,
        173,
        179,
        53,
        97,
        91,
        54,
        143,
        65,
        89,
        57,
        184,
        125,
        210,
        55,
        188,
        0,
        60,
        127,
        188,
        88,
        38,
        162,
        170,
        95,
        172,
        214,
        248,
        171,
        217,
        79,
        71,
        145,
        218,
        173,
        84,
        138,
        53,
        37,
        208,
        164,
        22,
        165,
        48,
        209,
        81,
        113,
        149,
        82,
        132,
        187,
        49,
        105,
        115,
        175,
        129,
        208,
        143,
        202,
        167],
    [   118,
        40,
        224,
        148,
        105,
        164,
        210,
        97,
        153,
        155,
        86,
        197,
        198,
        111,
        149,
        129,
        8,
        183,
        118,
        147,
        42,
        240,
        183,
        228,
        5,
        246,
        60,
        0,
        182,
        223,
        83,
        44,
        221,
        231,
        155,
        231,
        259,
        302,
        231,
        270,
        130,
        120,
        202,
        256,
        231,
        144,
        195,
        109,
        57,
        225,
        204,
        80,
        221,
        105,
        253,
        121,
        169,
        153,
        102,
        191,
        234,
        16,
        165,
        123,
        235,
        182,
        242,
        184,
        246,
        226],
    [   173,
        175,
        210,
        120,
        147,
        71,
        62,
        188,
        30,
        113,
        96,
        240,
        252,
        75,
        130,
        162,
        178,
        186,
        64,
        44,
        184,
        152,
        102,
        280,
        179,
        69,
        127,
        182,
        0,
        229,
        205,
        141,
        46,
        88,
        83,
        115,
        221,
        214,
        74,
        195,
        125,
        63,
        21,
        244,
        52,
        76,
        116,
        74,
        158,
        279,
        201,
        117,
        38,
        79,
        223,
        152,
        112,
        249,
        182,
        104,
        197,
        175,
        68,
        218,
        63,
        138,
        247,
        185,
        215,
        111],
    [   105,
        183,
        27,
        113,
        124,
        158,
        188,
        128,
        211,
        118,
        209,
        46,
        59,
        190,
        104,
        97,
        215,
        46,
        212,
        193,
        183,
        115,
        130,
        68,
        218,
        236,
        188,
        223,
        229,
        0,
        152,
        225,
        223,
        181,
        146,
        150,
        58,
        130,
        200,
        103,
        117,
        221,
        231,
        35,
        237,
        157,
        119,
        199,
        167,
        69,
        28,
        169,
        243,
        194,
        47,
        107,
        117,
        112,
        121,
        130,
        53,
        207,
        161,
        117,
        222,
        91,
        19,
        46,
        45,
        150],
    [   58,
        47,
        160,
        118,
        67,
        158,
        208,
        28,
        175,
        128,
        125,
        118,
        117,
        132,
        113,
        75,
        77,
        120,
        150,
        162,
        42,
        203,
        161,
        145,
        79,
        254,
        88,
        83,
        205,
        152,
        0,
        108,
        230,
        221,
        143,
        209,
        198,
        254,
        229,
        222,
        100,
        157,
        220,
        187,
        244,
        140,
        167,
        136,
        51,
        143,
        139,
        89,
        239,
        129,
        190,
        75,
        141,
        69,
        37,
        168,
        176,
        70,
        160,
        39,
        240,
        141,
        169,
        122,
        184,
        205],
    [   122,
        61,
        221,
        131,
        101,
        134,
        175,
        111,
        113,
        136,
        45,
        207,
        212,
        75,
        135,
        127,
        42,
        181,
        77,
        111,
        68,
        220,
        159,
        242,
        42,
        208,
        38,
        44,
        141,
        225,
        108,
        0,
        182,
        199,
        128,
        204,
        252,
        285,
        197,
        254,
        117,
        78,
        161,
        255,
        192,
        115,
        173,
        71,
        63,
        240,
        202,
        60,
        180,
        68,
        247,
        118,
        149,
        176,
        113,
        167,
        225,
        44,
        135,
        142,
        197,
        167,
        245,
        181,
        240,
        199],
    [   188,
        207,
        200,
        127,
        166,
        76,
        35,
        209,
        69,
        117,
        136,
        243,
        256,
        109,
        136,
        174,
        215,
        186,
        105,
        73,
        216,
        128,
        94,
        282,
        216,
        25,
        162,
        221,
        46,
        223,
        230,
        182,
        0,
        53,
        91,
        86,
        204,
        183,
        33,
        169,
        138,
        106,
        26,
        231,
        13,
        91,
        104,
        111,
        188,
        281,
        196,
        148,
        23,
        115,
        207,
        167,
        111,
        264,
        202,
        93,
        182,
        212,
        73,
        236,
        17,
        133,
        239,
        184,
        201,
        83],
    [   170,
        208,
        156,
        105,
        153,
        66,
        27,
        196,
        97,
        94,
        155,
        208,
        222,
        123,
        112,
        153,
        224,
        150,
        129,
        91,
        216,
        76,
        62,
        245,
        226,
        56,
        170,
        231,
        88,
        181,
        221,
        199,
        53,
        0,
        78,
        34,
        154,
        130,
        21,
        116,
        121,
        134,
        74,
        184,
        62,
        87,
        65,
        129,
        187,
        244,
        156,
        151,
        76,
        130,
        159,
        149,
        82,
        240,
        187,
        57,
        135,
        219,
        65,
        217,
        43,
        98,
        195,
        148,
        153,
        33],
    [   97,
        130,
        128,
        37,
        76,
        15,
        64,
        120,
        65,
        29,
        89,
        156,
        169,
        59,
        47,
        83,
        148,
        103,
        76,
        47,
        138,
        94,
        32,
        196,
        149,
        112,
        95,
        155,
        83,
        146,
        143,
        128,
        91,
        78,
        0,
        76,
        146,
        160,
        85,
        133,
        47,
        84,
        89,
        164,
        105,
        14,
        48,
        68,
        108,
        195,
        118,
        74,
        105,
        66,
        146,
        76,
        31,
        172,
        112,
        39,
        120,
        142,
        18,
        145,
        97,
        57,
        164,
        101,
        138,
        71],
    [   153,
        204,
        124,
        91,
        142,
        70,
        54,
        182,
        116,
        80,
        163,
        180,
        195,
        131,
        96,
        136,
        224,
        123,
        143,
        105,
        211,
        42,
        48,
        215,
        226,
        90,
        172,
        231,
        115,
        150,
        209,
        204,
        86,
        34,
        76,
        0,
        120,
        99,
        55,
        82,
        109,
        149,
        104,
        151,
        96,
        89,
        42,
        139,
        182,
        215,
        127,
        150,
        109,
        139,
        125,
        134,
        67,
        219,
        173,
        41,
        102,
        218,
        70,
        199,
        78,
        73,
        162,
        121,
        119,
        5],
    [   143,
        220,
        38,
        123,
        154,
        153,
        169,
        172,
        210,
        123,
        226,
        104,
        117,
        201,
        117,
        130,
        251,
        77,
        221,
        193,
        223,
        78,
        120,
        123,
        253,
        211,
        214,
        259,
        221,
        58,
        198,
        252,
        204,
        154,
        146,
        120,
        0,
        73,
        175,
        50,
        135,
        230,
        217,
        36,
        215,
        160,
        104,
        210,
        201,
        124,
        59,
        192,
        226,
        206,
        10,
        137,
        115,
        168,
        163,
        117,
        27,
        243,
        156,
        168,
        197,
        90,
        57,
        76,
        14,
        121],
    [   196,
        266,
        106,
        154,
        198,
        161,
        153,
        226,
        213,
        148,
        250,
        175,
        190,
        220,
        152,
        180,
        294,
        136,
        235,
        200,
        271,
        66,
        128,
        196,
        296,
        181,
        248,
        302,
        214,
        130,
        254,
        285,
        183,
        130,
        160,
        99,
        73,
        0,
        150,
        32,
        171,
        243,
        203,
        108,
        191,
        175,
        112,
        228,
        245,
        197,
        124,
        225,
        206,
        226,
        84,
        184,
        136,
        236,
        217,
        122,
        82,
        286,
        162,
        230,
        171,
        120,
        130,
        135,
        85,
        103],
    [   181,
        212,
        176,
        116,
        162,
        71,
        22,
        205,
        89,
        105,
        151,
        225,
        239,
        121,
        125,
        165,
        225,
        167,
        123,
        86,
        221,
        97,
        76,
        262,
        227,
        35,
        171,
        231,
        74,
        200,
        229,
        197,
        33,
        21,
        85,
        55,
        175,
        150,
        0,
        137,
        131,
        127,
        57,
        205,
        42,
        90,
        82,
        126,
        192,
        262,
        175,
        153,
        56,
        128,
        180,
        159,
        96,
        254,
        197,
        73,
        155,
        221,
        69,
        229,
        22,
        114,
        214,
        165,
        173,
        53],
    [   163,
        234,
        77,
        123,
        165,
        135,
        136,
        194,
        190,
        117,
        221,
        147,
        161,
        192,
        120,
        147,
        262,
        104,
        209,
        175,
        239,
        42,
        101,
        171,
        264,
        171,
        217,
        270,
        195,
        103,
        222,
        254,
        169,
        116,
        133,
        82,
        50,
        32,
        137,
        0,
        139,
        217,
        186,
        86,
        179,
        148,
        85,
        201,
        213,
        172,
        93,
        194,
        192,
        198,
        60,
        151,
        106,
        205,
        184,
        96,
        51,
        254,
        137,
        198,
        160,
        88,
        106,
        102,
        58,
        85],
    [   50,
        97,
        107,
        18,
        32,
        62,
        110,
        74,
        101,
        28,
        93,
        117,
        127,
        73,
        18,
        36,
        123,
        71,
        95,
        83,
        103,
        110,
        60,
        157,
        125,
        159,
        79,
        130,
        125,
        117,
        100,
        117,
        138,
        121,
        47,
        109,
        135,
        171,
        131,
        139,
        0,
        104,
        134,
        143,
        152,
        50,
        68,
        81,
        75,
        155,
        90,
        57,
        151,
        76,
        131,
        28,
        42,
        125,
        66,
        68,
        108,
        115,
        65,
        98,
        144,
        51,
        137,
        70,
        124,
        105],
    [   140,
        119,
        208,
        109,
        112,
        81,
        107,
        146,
        38,
        107,
        35,
        220,
        229,
        31,
        117,
        134,
        117,
        175,
        9,
        44,
        129,
        176,
        115,
        259,
        117,
        132,
        71,
        120,
        63,
        221,
        157,
        78,
        106,
        134,
        84,
        149,
        230,
        243,
        127,
        217,
        104,
        0,
        84,
        244,
        115,
        69,
        131,
        23,
        106,
        258,
        194,
        69,
        102,
        30,
        228,
        124,
        114,
        212,
        142,
        121,
        203,
        115,
        80,
        179,
        123,
        140,
        241,
        175,
        221,
        144],
    [   183,
        192,
        209,
        126,
        159,
        74,
        50,
        201,
        48,
        117,
        116,
        245,
        258,
        92,
        136,
        171,
        197,
        190,
        84,
        58,
        201,
        144,
        100,
        285,
        198,
        48,
        145,
        202,
        21,
        231,
        220,
        161,
        26,
        74,
        89,
        104,
        217,
        203,
        57,
        186,
        134,
        84,
        0,
        242,
        31,
        84,
        113,
        93,
        174,
        284,
        203,
        133,
        19,
        97,
        220,
        162,
        114,
        259,
        194,
        101,
        194,
        194,
        71,
        230,
        43,
        139,
        247,
        188,
        213,
        101],
    [   138,
        216,
        36,
        135,
        154,
        174,
        196,
        163,
        229,
        137,
        236,
        79,
        90,
        214,
        127,
        128,
        248,
        74,
        235,
        211,
        217,
        111,
        142,
        90,
        251,
        241,
        218,
        256,
        244,
        35,
        187,
        255,
        231,
        184,
        164,
        151,
        36,
        108,
        205,
        86,
        143,
        244,
        242,
        0,
        244,
        177,
        128,
        223,
        199,
        91,
        53,
        198,
        253,
        218,
        27,
        137,
        133,
        146,
        155,
        141,
        49,
        240,
        177,
        152,
        227,
        106,
        24,
        74,
        31,
        151],
    [   202,
        219,
        213,
        141,
        180,
        89,
        48,
        222,
        78,
        131,
        146,
        257,
        270,
        120,
        150,
        188,
        226,
        199,
        115,
        84,
        228,
        138,
        107,
        295,
        227,
        18,
        173,
        231,
        52,
        237,
        244,
        192,
        13,
        62,
        105,
        96,
        215,
        191,
        42,
        179,
        152,
        115,
        31,
        244,
        0,
        104,
        117,
        122,
        200,
        295,
        210,
        160,
        18,
        126,
        219,
        181,
        124,
        278,
        215,
        106,
        195,
        223,
        86,
        250,
        20,
        147,
        252,
        198,
        213,
        94],
    [   99,
        122,
        141,
        45,
        75,
        20,
        68,
        118,
        53,
        39,
        75,
        164,
        176,
        44,
        55,
        86,
        137,
        113,
        61,
        35,
        130,
        109,
        47,
        204,
        139,
        114,
        84,
        144,
        76,
        157,
        140,
        115,
        91,
        87,
        14,
        89,
        160,
        175,
        90,
        148,
        50,
        69,
        84,
        177,
        104,
        0,
        62,
        53,
        101,
        203,
        129,
        64,
        102,
        51,
        159,
        78,
        44,
        175,
        111,
        53,
        134,
        132,
        21,
        146,
        100,
        71,
        176,
        112,
        152,
        84],
    [   111,
        165,
        96,
        49,
        100,
        50,
        69,
        139,
        106,
        40,
        137,
        143,
        157,
        107,
        53,
        93,
        188,
        85,
        123,
        91,
        171,
        46,
        16,
        180,
        190,
        117,
        138,
        195,
        116,
        119,
        167,
        173,
        104,
        65,
        48,
        42,
        104,
        112,
        82,
        85,
        68,
        131,
        113,
        128,
        117,
        62,
        0,
        116,
        143,
        180,
        93,
        116,
        125,
        113,
        106,
        91,
        26,
        177,
        130,
        12,
        80,
        181,
        52,
        157,
        102,
        32,
        134,
        83,
        99,
        39],
    [   116,
        101,
        187,
        88,
        89,
        69,
        105,
        123,
        44,
        87,
        25,
        196,
        205,
        9,
        96,
        111,
        104,
        153,
        15,
        39,
        110,
        162,
        100,
        236,
        105,
        137,
        53,
        109,
        74,
        199,
        136,
        71,
        111,
        129,
        68,
        139,
        210,
        228,
        126,
        201,
        81,
        23,
        93,
        223,
        122,
        53,
        116,
        0,
        86,
        234,
        172,
        47,
        112,
        6,
        208,
        100,
        96,
        189,
        119,
        106,
        183,
        101,
        68,
        156,
        126,
        120,
        218,
        152,
        200,
        134],
    [   62,
        21,
        167,
        94,
        48,
        121,
        170,
        48,
        128,
        103,
        74,
        145,
        149,
        83,
        93,
        71,
        49,
        126,
        100,
        116,
        29,
        186,
        133,
        179,
        51,
        213,
        37,
        57,
        158,
        167,
        51,
        63,
        188,
        187,
        108,
        182,
        201,
        245,
        192,
        213,
        75,
        106,
        174,
        199,
        200,
        101,
        143,
        86,
        0,
        177,
        146,
        40,
        194,
        80,
        195,
        64,
        116,
        114,
        50,
        140,
        176,
        41,
        122,
        80,
        199,
        126,
        186,
        126,
        188,
        177],
    [   120,
        186,
        96,
        158,
        146,
        209,
        247,
        129,
        256,
        166,
        237,
        38,
        29,
        226,
        148,
        123,
        218,
        95,
        249,
        238,
        183,
        183,
        187,
        2,
        221,
        297,
        208,
        225,
        279,
        69,
        143,
        240,
        281,
        244,
        195,
        215,
        124,
        197,
        262,
        172,
        155,
        258,
        284,
        91,
        295,
        203,
        180,
        234,
        177,
        0,
        88,
        194,
        299,
        228,
        113,
        134,
        170,
        78,
        127,
        189,
        122,
        211,
        213,
        103,
        282,
        148,
        67,
        97,
        113,
        214],
    [   86,
        164,
        21,
        85,
        100,
        130,
        162,
        113,
        183,
        89,
        183,
        55,
        70,
        163,
        76,
        75,
        196,
        21,
        185,
        165,
        166,
        95,
        102,
        88,
        198,
        210,
        164,
        204,
        201,
        28,
        139,
        202,
        196,
        156,
        118,
        127,
        59,
        124,
        175,
        93,
        90,
        194,
        203,
        53,
        210,
        129,
        93,
        172,
        146,
        88,
        0,
        144,
        216,
        167,
        51,
        84,
        89,
        111,
        105,
        104,
        42,
        188,
        133,
        108,
        195,
        63,
        46,
        20,
        45,
        125],
    [   74,
        59,
        162,
        71,
        47,
        84,
        131,
        76,
        87,
        77,
        43,
        158,
        165,
        43,
        75,
        73,
        73,
        123,
        62,
        75,
        68,
        161,
        103,
        196,
        75,
        173,
        22,
        80,
        117,
        169,
        89,
        60,
        148,
        151,
        74,
        150,
        192,
        225,
        153,
        194,
        57,
        69,
        133,
        198,
        160,
        64,
        116,
        47,
        40,
        194,
        144,
        0,
        153,
        40,
        188,
        62,
        90,
        143,
        73,
        110,
        165,
        68,
        85,
        109,
        160,
        107,
        189,
        124,
        180,
        145],
    [   201,
        211,
        221,
        142,
        177,
        90,
        57,
        219,
        68,
        133,
        135,
        261,
        273,
        111,
        152,
        188,
        216,
        204,
        103,
        77,
        221,
        151,
        113,
        300,
        217,
        36,
        165,
        221,
        38,
        243,
        239,
        180,
        23,
        76,
        105,
        109,
        226,
        206,
        56,
        192,
        151,
        102,
        19,
        253,
        18,
        102,
        125,
        112,
        194,
        299,
        216,
        153,
        0,
        117,
        229,
        180,
        128,
        277,
        213,
        113,
        204,
        213,
        87,
        248,
        37,
        153,
        259,
        203,
        223,
        106],
    [   110,
        95,
        182,
        83,
        82,
        68,
        107,
        116,
        49,
        83,
        24,
        190,
        199,
        7,
        91,
        105,
        100,
        147,
        21,
        42,
        105,
        160,
        98,
        229,
        101,
        141,
        48,
        105,
        79,
        194,
        129,
        68,
        115,
        130,
        66,
        139,
        206,
        226,
        128,
        198,
        76,
        30,
        97,
        218,
        126,
        51,
        113,
        6,
        80,
        228,
        167,
        40,
        117,
        0,
        204,
        94,
        93,
        182,
        112,
        105,
        179,
        96,
        68,
        149,
        129,
        116,
        213,
        147,
        196,
        134],
    [   136,
        214,
        29,
        120,
        148,
        154,
        172,
        164,
        210,
        121,
        223,
        93,
        107,
        199,
        114,
        124,
        245,
        70,
        220,
        193,
        216,
        84,
        121,
        112,
        247,
        215,
        209,
        253,
        223,
        47,
        190,
        247,
        207,
        159,
        146,
        125,
        10,
        84,
        180,
        60,
        131,
        228,
        220,
        27,
        219,
        159,
        106,
        208,
        195,
        113,
        51,
        188,
        229,
        204,
        0,
        131,
        115,
        158,
        156,
        119,
        26,
        237,
        157,
        159,
        202,
        88,
        46,
        69,
        7,
        126],
    [   21,
        83,
        104,
        44,
        16,
        91,
        139,
        47,
        126,
        55,
        105,
        96,
        105,
        92,
        38,
        10,
        113,
        63,
        115,
        109,
        87,
        128,
        87,
        135,
        116,
        188,
        81,
        121,
        152,
        107,
        75,
        118,
        167,
        149,
        76,
        134,
        137,
        184,
        159,
        151,
        28,
        124,
        162,
        137,
        181,
        78,
        91,
        100,
        64,
        134,
        84,
        62,
        180,
        94,
        131,
        0,
        67,
        97,
        38,
        93,
        112,
        105,
        94,
        69,
        173,
        67,
        127,
        63,
        124,
        130],
    [   87,
        138,
        98,
        23,
        74,
        41,
        78,
        115,
        95,
        13,
        115,
        132,
        145,
        86,
        29,
        70,
        161,
        75,
        105,
        78,
        145,
        71,
        20,
        171,
        163,
        128,
        113,
        169,
        112,
        117,
        141,
        149,
        111,
        82,
        31,
        67,
        115,
        136,
        96,
        106,
        42,
        114,
        114,
        133,
        124,
        44,
        26,
        96,
        116,
        170,
        89,
        90,
        128,
        93,
        115,
        67,
        0,
        158,
        106,
        26,
        89,
        155,
        44,
        135,
        113,
        26,
        134,
        74,
        107,
        63],
    [   76,
        116,
        130,
        137,
        102,
        188,
        234,
        67,
        221,
        148,
        185,
        67,
        59,
        182,
        128,
        89,
        147,
        102,
        204,
        205,
        112,
        199,
        177,
        81,
        149,
        284,
        149,
        153,
        249,
        112,
        69,
        176,
        264,
        240,
        172,
        219,
        168,
        236,
        254,
        205,
        125,
        212,
        259,
        146,
        278,
        175,
        177,
        189,
        114,
        78,
        111,
        143,
        277,
        182,
        158,
        97,
        158,
        0,
        69,
        183,
        153,
        140,
        191,
        34,
        269,
        145,
        123,
        104,
        154,
        216],
    [   21,
        62,
        126,
        82,
        35,
        127,
        176,
        9,
        153,
        93,
        115,
        95,
        98,
        113,
        76,
        38,
        95,
        85,
        134,
        138,
        62,
        165,
        126,
        129,
        97,
        224,
        82,
        102,
        182,
        121,
        37,
        113,
        202,
        187,
        112,
        173,
        163,
        217,
        197,
        184,
        66,
        142,
        194,
        155,
        215,
        111,
        130,
        119,
        50,
        127,
        105,
        73,
        213,
        112,
        156,
        38,
        106,
        69,
        0,
        132,
        140,
        87,
        129,
        36,
        210,
        104,
        140,
        86,
        149,
        169],
    [   114,
        162,
        108,
        50,
        100,
        39,
        58,
        141,
        94,
        39,
        129,
        152,
        166,
        98,
        56,
        97,
        184,
        94,
        113,
        79,
        169,
        55,
        7,
        190,
        185,
        107,
        132,
        191,
        104,
        130,
        168,
        167,
        93,
        57,
        39,
        41,
        117,
        122,
        73,
        96,
        68,
        121,
        101,
        141,
        106,
        53,
        12,
        106,
        140,
        189,
        104,
        110,
        113,
        105,
        119,
        93,
        26,
        183,
        132,
        0,
        92,
        177,
        41,
        161,
        92,
        41,
        146,
        92,
        111,
        37],
    [   120,
        195,
        26,
        96,
        128,
        128,
        147,
        149,
        184,
        96,
        199,
        95,
        110,
        174,
        90,
        106,
        226,
        56,
        194,
        167,
        199,
        63,
        95,
        122,
        228,
        191,
        187,
        234,
        197,
        53,
        176,
        225,
        182,
        135,
        120,
        102,
        27,
        82,
        155,
        51,
        108,
        203,
        194,
        49,
        195,
        134,
        80,
        183,
        176,
        122,
        42,
        165,
        204,
        179,
        26,
        112,
        89,
        153,
        140,
        92,
        0,
        218,
        130,
        149,
        178,
        63,
        61,
        54,
        18,
        102],
    [   102,
        25,
        208,
        133,
        89,
        152,
        199,
        82,
        145,
        141,
        80,
        182,
        183,
        102,
        134,
        113,
        8,
        167,
        111,
        138,
        28,
        225,
        170,
        213,
        10,
        237,
        49,
        16,
        175,
        207,
        70,
        44,
        212,
        219,
        142,
        218,
        243,
        286,
        221,
        254,
        115,
        115,
        194,
        240,
        223,
        132,
        181,
        101,
        41,
        211,
        188,
        68,
        213,
        96,
        237,
        105,
        155,
        140,
        87,
        177,
        218,
        0,
        153,
        109,
        225,
        166,
        226,
        168,
        230,
        213],
    [   115,
        143,
        142,
        55,
        94,
        3,
        47,
        137,
        54,
        46,
        93,
        174,
        186,
        61,
        64,
        101,
        159,
        119,
        73,
        38,
        152,
        96,
        36,
        213,
        160,
        94,
        105,
        165,
        68,
        161,
        160,
        135,
        73,
        65,
        18,
        70,
        156,
        162,
        69,
        137,
        65,
        80,
        71,
        177,
        86,
        21,
        52,
        68,
        122,
        213,
        133,
        85,
        87,
        68,
        157,
        94,
        44,
        191,
        129,
        41,
        130,
        153,
        0,
        163,
        80,
        70,
        179,
        117,
        149,
        65],
    [   48,
        84,
        129,
        112,
        71,
        160,
        209,
        33,
        190,
        123,
        151,
        79,
        77,
        150,
        105,
        64,
        116,
        93,
        171,
        174,
        80,
        186,
        155,
        105,
        118,
        258,
        115,
        123,
        218,
        117,
        39,
        142,
        236,
        217,
        145,
        199,
        168,
        230,
        229,
        198,
        98,
        179,
        230,
        152,
        250,
        146,
        157,
        156,
        80,
        103,
        108,
        109,
        248,
        149,
        159,
        69,
        135,
        34,
        36,
        161,
        149,
        109,
        163,
        0,
        243,
        127,
        132,
        95,
        154,
        196],
    [   195,
        219,
        197,
        131,
        174,
        82,
        34,
        217,
        85,
        121,
        151,
        244,
        258,
        123,
        140,
        180,
        229,
        186,
        121,
        87,
        228,
        120,
        95,
        282,
        230,
        15,
        175,
        235,
        63,
        222,
        240,
        197,
        17,
        43,
        97,
        78,
        197,
        171,
        22,
        160,
        144,
        123,
        43,
        227,
        20,
        100,
        102,
        126,
        199,
        282,
        195,
        160,
        37,
        129,
        202,
        173,
        113,
        269,
        210,
        92,
        178,
        225,
        80,
        243,
        0,
        134,
        236,
        185,
        196,
        76],
    [   83,
        147,
        71,
        35,
        79,
        67,
        99,
        113,
        122,
        32,
        137,
        110,
        124,
        111,
        32,
        66,
        174,
        52,
        131,
        105,
        152,
        61,
        39,
        148,
        176,
        149,
        129,
        182,
        138,
        91,
        141,
        167,
        133,
        98,
        57,
        73,
        90,
        120,
        114,
        88,
        51,
        140,
        139,
        106,
        147,
        71,
        32,
        120,
        126,
        148,
        63,
        107,
        153,
        116,
        88,
        67,
        26,
        145,
        104,
        41,
        63,
        166,
        70,
        127,
        134,
        0,
        108,
        51,
        81,
        71],
    [   124,
        201,
        38,
        132,
        143,
        175,
        203,
        146,
        229,
        136,
        229,
        56,
        66,
        209,
        123,
        117,
        234,
        65,
        231,
        211,
        202,
        125,
        146,
        66,
        236,
        250,
        208,
        242,
        247,
        19,
        169,
        245,
        239,
        195,
        164,
        162,
        57,
        130,
        214,
        106,
        137,
        241,
        247,
        24,
        252,
        176,
        134,
        218,
        186,
        67,
        46,
        189,
        259,
        213,
        46,
        127,
        134,
        123,
        140,
        146,
        61,
        226,
        179,
        132,
        236,
        108,
        0,
        66,
        48,
        162],
    [   67,
        144,
        40,
        67,
        80,
        114,
        150,
        95,
        165,
        72,
        163,
        59,
        74,
        143,
        57,
        55,
        176,
        2,
        165,
        147,
        147,
        96,
        90,
        97,
        178,
        200,
        143,
        184,
        185,
        46,
        122,
        181,
        184,
        148,
        101,
        121,
        76,
        135,
        165,
        102,
        70,
        175,
        188,
        74,
        198,
        112,
        83,
        152,
        126,
        97,
        20,
        124,
        203,
        147,
        69,
        63,
        74,
        104,
        86,
        92,
        54,
        168,
        117,
        95,
        185,
        51,
        66,
        0,
        62,
        119],
    [   129,
        207,
        24,
        113,
        141,
        146,
        166,
        157,
        203,
        113,
        216,
        91,
        105,
        191,
        106,
        117,
        238,
        63,
        212,
        185,
        209,
        79,
        113,
        112,
        240,
        209,
        202,
        246,
        215,
        45,
        184,
        240,
        201,
        153,
        138,
        119,
        14,
        85,
        173,
        58,
        124,
        221,
        213,
        31,
        213,
        152,
        99,
        200,
        188,
        113,
        45,
        180,
        223,
        196,
        7,
        124,
        107,
        154,
        149,
        111,
        18,
        230,
        149,
        154,
        196,
        81,
        48,
        62,
        0,
        120],
    [   150,
        199,
        124,
        87,
        137,
        65,
        50,
        178,
        111,
        76,
        158,
        178,
        193,
        126,
        92,
        133,
        219,
        121,
        138,
        100,
        206,
        44,
        44,
        214,
        221,
        89,
        167,
        226,
        111,
        150,
        205,
        199,
        83,
        33,
        71,
        5,
        121,
        103,
        53,
        85,
        105,
        144,
        101,
        151,
        94,
        84,
        39,
        134,
        177,
        214,
        125,
        145,
        106,
        134,
        126,
        130,
        63,
        216,
        169,
        37,
        102,
        213,
        65,
        196,
        76,
        71,
        162,
        119,
        120,
        0]]
;
task=[   382,
    298,
    407,
    240,
    423,
    425,
    391,
    209,
    6,
    402,
    305,
    64,
    151,
    83,
    44,
    22,
    83,
    125,
    45,
    147,
    104,
    12,
    94,
    202,
    40,
    246,
    196,
    143,
    0,
    355,
    356,
    172,
    161,
    53,
    242,
    216,
    55,
    321,
    186,
    531,
    34,
    99,
    260,
    619,
    206,
    231,
    14,
    278,
    3,
    54,
    203,
    77,
    115,
    33,
    3,
    191,
    240,
    30,
    307,
    503,
    0,
    39,
    447,
    273,
    90,
    450,
    225,
    10,
    571,
    159]
;
minW=[   17,
    52,
    24,
    48,
    56,
    121,
    56,
    49,
    81,
    31,
    124,
    52,
    58,
    158,
    18,
    79,
    8,
    7,
    126,
    128,
    160,
    58,
    41,
    111,
    198,
    104,
    61,
    86,
    62,
    16,
    8,
    136,
    110,
    61,
    66,
    59,
    22,
    28,
    133,
    36,
    39,
    182,
    187,
    41,
    31,
    47,
    4,
    155,
    85,
    114,
    4,
    48,
    135,
    98,
    2,
    12,
    5,
    147,
    46,
    11,
    0,
    28,
    38,
    51,
    40,
    13,
    32,
    41,
    7,
    18]
;
maxW=[   709,
    447,
    103,
    155,
    375,
    415,
    562,
    185,
    584,
    550,
    498,
    143,
    588,
    668,
    311,
    234,
    665,
    389,
    665,
    233,
    609,
    630,
    594,
    343,
    409,
    243,
    338,
    236,
    511,
    607,
    555,
    225,
    669,
    224,
    227,
    202,
    195,
    539,
    349,
    543,
    209,
    437,
    262,
    60,
    512,
    587,
    644,
    287,
    415,
    435,
    479,
    258,
    646,
    343,
    284,
    450,
    485,
    258,
    628,
    185,
    720,
    271,
    652,
    276,
    366,
    712,
    272,
    674,
    432,
    682]
;