// Generated by InstanceGenerator.py v0.1
// Juan Francisco Martinez Vera
// AMMM - MIRI, FIB UPC
//
// RAND_SEED=1484777716

bigM=100000;

nLocations=70;
startLocation=18;
distances=[   [   0,
        180,
        72,
        156,
        89,
        178,
        181,
        133,
        103,
        180,
        157,
        85,
        106,
        70,
        168,
        179,
        128,
        85,
        82,
        29,
        176,
        124,
        180,
        35,
        121,
        129,
        132,
        40,
        187,
        85,
        62,
        129,
        203,
        125,
        118,
        162,
        131,
        96,
        186,
        57,
        80,
        190,
        82,
        27,
        165,
        114,
        63,
        52,
        69,
        90,
        127,
        49,
        194,
        150,
        31,
        77,
        26,
        83,
        195,
        154,
        140,
        138,
        176,
        166,
        148,
        154,
        146,
        128,
        129,
        100],
    [   180,
        0,
        226,
        73,
        141,
        71,
        17,
        144,
        284,
        43,
        116,
        227,
        157,
        114,
        73,
        168,
        119,
        104,
        210,
        207,
        207,
        163,
        166,
        195,
        62,
        135,
        94,
        206,
        15,
        183,
        238,
        58,
        35,
        104,
        192,
        39,
        158,
        83,
        49,
        123,
        253,
        30,
        262,
        205,
        184,
        170,
        135,
        222,
        179,
        198,
        112,
        173,
        202,
        92,
        211,
        254,
        174,
        237,
        45,
        142,
        125,
        49,
        106,
        152,
        97,
        138,
        120,
        57,
        59,
        153],
    [   72,
        226,
        0,
        219,
        161,
        241,
        232,
        127,
        86,
        237,
        227,
        17,
        179,
        114,
        191,
        163,
        136,
        149,
        31,
        49,
        141,
        108,
        166,
        99,
        176,
        201,
        152,
        96,
        229,
        155,
        38,
        169,
        255,
        194,
        83,
        198,
        117,
        146,
        244,
        114,
        37,
        227,
        61,
        50,
        140,
        93,
        91,
        27,
        139,
        50,
        197,
        53,
        165,
        167,
        55,
        46,
        58,
        11,
        229,
        226,
        143,
        194,
        187,
        238,
        163,
        150,
        151,
        183,
        185,
        93],
    [   156,
        73,
        219,
        0,
        86,
        22,
        59,
        179,
        256,
        37,
        43,
        226,
        94,
        110,
        131,
        215,
        155,
        71,
        212,
        186,
        244,
        191,
        213,
        157,
        51,
        66,
        133,
        168,
        88,
        127,
        218,
        88,
        67,
        40,
        213,
        97,
        190,
        81,
        38,
        105,
        236,
        102,
        238,
        184,
        223,
        193,
        137,
        206,
        128,
        207,
        45,
        170,
        246,
        140,
        186,
        234,
        161,
        231,
        117,
        69,
        165,
        40,
        162,
        78,
        144,
        182,
        163,
        45,
        41,
        173],
    [   89,
        141,
        161,
        86,
        0,
        107,
        134,
        176,
        177,
        121,
        71,
        173,
        23,
        88,
        168,
        222,
        159,
        45,
        166,
        117,
        235,
        178,
        222,
        77,
        81,
        40,
        147,
        87,
        154,
        42,
        149,
        117,
        149,
        46,
        187,
        144,
        181,
        83,
        124,
        67,
        168,
        164,
        163,
        116,
        218,
        174,
        108,
        141,
        42,
        168,
        44,
        124,
        246,
        163,
        115,
        162,
        106,
        173,
        175,
        64,
        172,
        92,
        191,
        76,
        164,
        189,
        174,
        85,
        82,
        154],
    [   178,
        71,
        241,
        22,
        107,
        0,
        55,
        193,
        278,
        29,
        52,
        247,
        113,
        131,
        139,
        227,
        169,
        93,
        233,
        208,
        259,
        207,
        225,
        179,
        68,
        82,
        145,
        190,
        86,
        147,
        240,
        101,
        55,
        60,
        231,
        103,
        205,
        100,
        25,
        126,
        258,
        102,
        260,
        206,
        237,
        211,
        157,
        229,
        149,
        226,
        64,
        191,
        259,
        151,
        209,
        256,
        182,
        252,
        117,
        79,
        178,
        54,
        171,
        86,
        155,
        194,
        176,
        62,
        58,
        191],
    [   181,
        17,
        232,
        59,
        134,
        55,
        0,
        157,
        285,
        26,
        102,
        234,
        148,
        118,
        89,
        183,
        132,
        101,
        217,
        209,
        221,
        175,
        181,
        193,
        60,
        123,
        107,
        204,
        31,
        176,
        240,
        67,
        23,
        93,
        203,
        54,
        171,
        86,
        32,
        124,
        256,
        47,
        264,
        207,
        198,
        182,
        141,
        226,
        173,
        207,
        101,
        179,
        217,
        107,
        212,
        256,
        177,
        243,
        62,
        128,
        139,
        44,
        122,
        137,
        112,
        153,
        134,
        54,
        54,
        164],
    [   133,
        144,
        127,
        179,
        176,
        193,
        157,
        0,
        210,
        175,
        209,
        118,
        200,
        88,
        80,
        46,
        24,
        135,
        98,
        142,
        65,
        22,
        47,
        167,
        128,
        202,
        50,
        173,
        139,
        200,
        157,
        92,
        179,
        177,
        56,
        105,
        14,
        102,
        182,
        110,
        163,
        130,
        184,
        140,
        44,
        36,
        73,
        140,
        186,
        79,
        185,
        89,
        70,
        55,
        149,
        171,
        108,
        134,
        124,
        223,
        21,
        139,
        63,
        237,
        49,
        22,
        29,
        133,
        137,
        35],
    [   103,
        284,
        86,
        256,
        177,
        278,
        285,
        210,
        0,
        283,
        249,
        101,
        185,
        171,
        265,
        249,
        215,
        187,
        117,
        77,
        227,
        193,
        251,
        100,
        225,
        216,
        226,
        89,
        290,
        150,
        52,
        232,
        307,
        221,
        170,
        263,
        202,
        200,
        288,
        161,
        49,
        292,
        26,
        79,
        226,
        179,
        158,
        70,
        139,
        136,
        221,
        124,
        251,
        243,
        73,
        40,
        113,
        84,
        297,
        238,
        224,
        242,
        266,
        247,
        240,
        233,
        232,
        231,
        232,
        175],
    [   180,
        43,
        237,
        37,
        121,
        29,
        26,
        175,
        283,
        0,
        79,
        241,
        131,
        123,
        113,
        205,
        150,
        96,
        225,
        209,
        240,
        191,
        203,
        187,
        60,
        104,
        125,
        198,
        57,
        163,
        241,
        82,
        29,
        76,
        217,
        77,
        188,
        91,
        7,
        124,
        258,
        73,
        263,
        207,
        217,
        196,
        148,
        228,
        162,
        217,
        83,
        185,
        238,
        128,
        211,
        257,
        180,
        248,
        88,
        106,
        158,
        43,
        145,
        113,
        133,
        173,
        154,
        53,
        51,
        177],
    [   157,
        116,
        227,
        43,
        71,
        52,
        102,
        209,
        249,
        79,
        0,
        236,
        68,
        130,
        172,
        249,
        187,
        81,
        226,
        186,
        274,
        218,
        248,
        148,
        83,
        35,
        167,
        159,
        131,
        105,
        219,
        125,
        107,
        34,
        236,
        138,
        219,
        107,
        77,
        117,
        237,
        146,
        234,
        185,
        254,
        218,
        156,
        210,
        111,
        224,
        30,
        183,
        279,
        177,
        185,
        233,
        169,
        239,
        161,
        27,
        198,
        79,
        202,
        35,
        180,
        216,
        198,
        80,
        75,
        198],
    [   85,
        227,
        17,
        226,
        173,
        247,
        234,
        118,
        101,
        241,
        236,
        0,
        191,
        117,
        187,
        151,
        130,
        156,
        20,
        65,
        126,
        98,
        154,
        114,
        180,
        212,
        148,
        112,
        229,
        170,
        54,
        169,
        258,
        203,
        70,
        197,
        107,
        149,
        248,
        121,
        51,
        226,
        76,
        65,
        126,
        83,
        93,
        44,
        154,
        39,
        206,
        56,
        151,
        162,
        72,
        61,
        67,
        16,
        226,
        236,
        136,
        198,
        180,
        249,
        157,
        141,
        144,
        188,
        190,
        86],
    [   106,
        157,
        179,
        94,
        23,
        113,
        148,
        200,
        185,
        131,
        68,
        191,
        0,
        112,
        190,
        245,
        183,
        68,
        185,
        132,
        259,
        202,
        245,
        87,
        100,
        33,
        170,
        96,
        170,
        36,
        162,
        138,
        161,
        55,
        210,
        164,
        205,
        106,
        133,
        90,
        181,
        181,
        174,
        131,
        242,
        197,
        131,
        157,
        45,
        189,
        49,
        145,
        270,
        185,
        129,
        175,
        126,
        190,
        194,
        52,
        195,
        109,
        213,
        62,
        187,
        213,
        198,
        102,
        100,
        177],
    [   70,
        114,
        114,
        110,
        88,
        131,
        118,
        88,
        171,
        123,
        130,
        117,
        112,
        0,
        99,
        133,
        72,
        50,
        102,
        94,
        148,
        91,
        134,
        95,
        63,
        117,
        67,
        104,
        119,
        114,
        123,
        60,
        141,
        96,
        105,
        92,
        93,
        32,
        130,
        23,
        138,
        120,
        148,
        92,
        130,
        88,
        26,
        108,
        101,
        96,
        102,
        61,
        158,
        84,
        98,
        140,
        59,
        125,
        125,
        139,
        85,
        80,
        112,
        153,
        83,
        102,
        89,
        70,
        73,
        68],
    [   168,
        73,
        191,
        131,
        168,
        139,
        89,
        80,
        265,
        113,
        172,
        187,
        190,
        99,
        0,
        95,
        59,
        122,
        167,
        188,
        137,
        102,
        93,
        194,
        92,
        179,
        39,
        203,
        63,
        204,
        213,
        51,
        108,
        148,
        135,
        36,
        95,
        86,
        120,
        119,
        224,
        51,
        239,
        186,
        114,
        114,
        107,
        196,
        194,
        151,
        156,
        141,
        129,
        26,
        194,
        228,
        151,
        200,
        44,
        193,
        59,
        92,
        32,
        205,
        31,
        68,
        52,
        93,
        97,
        102],
    [   179,
        168,
        163,
        215,
        222,
        227,
        183,
        46,
        249,
        205,
        249,
        151,
        245,
        133,
        95,
        0,
        63,
        179,
        132,
        185,
        46,
        56,
        3,
        214,
        166,
        245,
        82,
        219,
        159,
        246,
        197,
        126,
        203,
        219,
        81,
        129,
        48,
        144,
        212,
        156,
        200,
        147,
        223,
        184,
        28,
        70,
        120,
        180,
        232,
        112,
        227,
        133,
        33,
        76,
        193,
        209,
        153,
        167,
        137,
        265,
        51,
        174,
        65,
        279,
        72,
        33,
        51,
        170,
        175,
        79],
    [   128,
        119,
        136,
        155,
        159,
        169,
        132,
        24,
        215,
        150,
        187,
        130,
        183,
        72,
        59,
        63,
        0,
        116,
        109,
        142,
        89,
        43,
        62,
        161,
        105,
        182,
        25,
        168,
        115,
        187,
        162,
        68,
        155,
        156,
        76,
        81,
        38,
        81,
        158,
        96,
        171,
        106,
        189,
        140,
        67,
        54,
        65,
        145,
        173,
        92,
        164,
        91,
        91,
        33,
        149,
        177,
        106,
        144,
        102,
        202,
        12,
        115,
        51,
        216,
        28,
        30,
        17,
        110,
        114,
        43],
    [   85,
        104,
        149,
        71,
        45,
        93,
        101,
        135,
        187,
        96,
        81,
        156,
        68,
        50,
        122,
        179,
        116,
        0,
        145,
        115,
        197,
        140,
        179,
        91,
        41,
        67,
        102,
        103,
        115,
        82,
        147,
        72,
        121,
        47,
        155,
        100,
        142,
        37,
        101,
        35,
        165,
        122,
        168,
        113,
        178,
        139,
        74,
        135,
        75,
        142,
        53,
        102,
        206,
        117,
        116,
        163,
        90,
        161,
        133,
        89,
        128,
        57,
        145,
        103,
        118,
        146,
        130,
        47,
        46,
        118],
    [   82,
        210,
        31,
        212,
        166,
        233,
        217,
        98,
        117,
        225,
        226,
        20,
        185,
        102,
        167,
        132,
        109,
        145,
        0,
        69,
        111,
        78,
        135,
        114,
        165,
        204,
        128,
        114,
        210,
        167,
        67,
        151,
        241,
        192,
        52,
        178,
        87,
        134,
        232,
        109,
        68,
        207,
        92,
        68,
        108,
        63,
        76,
        53,
        151,
        19,
        196,
        42,
        134,
        142,
        76,
        77,
        59,
        35,
        207,
        228,
        115,
        182,
        159,
        241,
        137,
        121,
        124,
        172,
        175,
        66],
    [   29,
        207,
        49,
        186,
        117,
        208,
        209,
        142,
        77,
        209,
        186,
        65,
        132,
        94,
        188,
        185,
        142,
        115,
        69,
        0,
        175,
        129,
        187,
        49,
        150,
        157,
        150,
        46,
        213,
        106,
        32,
        154,
        232,
        155,
        115,
        186,
        137,
        123,
        215,
        85,
        51,
        215,
        54,
        2,
        167,
        116,
        81,
        24,
        91,
        83,
        157,
        53,
        195,
        168,
        7,
        48,
        37,
        59,
        219,
        182,
        153,
        167,
        192,
        193,
        165,
        164,
        160,
        156,
        158,
        107],
    [   176,
        207,
        141,
        244,
        235,
        259,
        221,
        65,
        227,
        240,
        274,
        126,
        259,
        148,
        137,
        46,
        89,
        197,
        111,
        175,
        0,
        57,
        50,
        211,
        194,
        265,
        114,
        215,
        200,
        253,
        178,
        158,
        242,
        242,
        59,
        167,
        55,
        167,
        247,
        168,
        177,
        188,
        202,
        173,
        22,
        62,
        127,
        163,
        238,
        92,
        249,
        126,
        26,
        114,
        182,
        187,
        149,
        143,
        180,
        287,
        82,
        205,
        110,
        300,
        109,
        68,
        86,
        199,
        203,
        81],
    [   124,
        163,
        108,
        191,
        178,
        207,
        175,
        22,
        193,
        191,
        218,
        98,
        202,
        91,
        102,
        56,
        43,
        140,
        78,
        129,
        57,
        0,
        58,
        160,
        140,
        208,
        69,
        164,
        158,
        198,
        141,
        108,
        198,
        185,
        33,
        125,
        8,
        111,
        198,
        111,
        145,
        150,
        167,
        127,
        41,
        15,
        71,
        124,
        183,
        59,
        192,
        77,
        70,
        76,
        137,
        153,
        98,
        114,
        146,
        230,
        43,
        153,
        86,
        244,
        70,
        43,
        51,
        146,
        150,
        25],
    [   180,
        166,
        166,
        213,
        222,
        225,
        181,
        47,
        251,
        203,
        248,
        154,
        245,
        134,
        93,
        3,
        62,
        179,
        135,
        187,
        50,
        58,
        0,
        215,
        165,
        245,
        81,
        221,
        156,
        247,
        199,
        125,
        201,
        218,
        84,
        126,
        50,
        143,
        210,
        157,
        203,
        144,
        225,
        186,
        32,
        72,
        121,
        182,
        233,
        115,
        226,
        135,
        36,
        74,
        195,
        211,
        155,
        170,
        134,
        264,
        50,
        173,
        62,
        278,
        70,
        32,
        50,
        169,
        173,
        80],
    [   35,
        195,
        99,
        157,
        77,
        179,
        193,
        167,
        100,
        187,
        148,
        114,
        87,
        95,
        194,
        214,
        161,
        91,
        114,
        49,
        211,
        160,
        215,
        0,
        132,
        116,
        161,
        11,
        204,
        57,
        76,
        150,
        213,
        121,
        154,
        183,
        166,
        114,
        191,
        75,
        95,
        209,
        86,
        49,
        200,
        149,
        95,
        73,
        42,
        125,
        120,
        85,
        229,
        179,
        44,
        87,
        62,
        108,
        217,
        139,
        172,
        148,
        206,
        149,
        177,
        187,
        178,
        138,
        138,
        135],
    [   121,
        62,
        176,
        51,
        81,
        68,
        60,
        128,
        225,
        60,
        83,
        180,
        100,
        63,
        92,
        166,
        105,
        41,
        165,
        150,
        194,
        140,
        165,
        132,
        0,
        86,
        84,
        143,
        73,
        122,
        181,
        42,
        82,
        56,
        162,
        63,
        139,
        31,
        67,
        64,
        198,
        82,
        204,
        147,
        172,
        143,
        89,
        167,
        117,
        158,
        64,
        124,
        197,
        94,
        152,
        197,
        119,
        188,
        94,
        102,
        115,
        17,
        120,
        114,
        97,
        133,
        115,
        7,
        10,
        122],
    [   129,
        135,
        201,
        66,
        40,
        82,
        123,
        202,
        216,
        104,
        35,
        212,
        33,
        117,
        179,
        245,
        182,
        67,
        204,
        157,
        265,
        208,
        245,
        116,
        86,
        0,
        166,
        126,
        149,
        70,
        189,
        128,
        133,
        31,
        221,
        148,
        209,
        101,
        104,
        99,
        208,
        162,
        203,
        156,
        246,
        205,
        140,
        182,
        77,
        204,
        23,
        161,
        273,
        179,
        155,
        202,
        145,
        212,
        176,
        24,
        194,
        90,
        205,
        37,
        181,
        212,
        195,
        86,
        82,
        185],
    [   132,
        94,
        152,
        133,
        147,
        145,
        107,
        50,
        226,
        125,
        167,
        148,
        170,
        67,
        39,
        82,
        25,
        102,
        128,
        150,
        114,
        69,
        81,
        161,
        84,
        166,
        0,
        169,
        89,
        179,
        174,
        44,
        129,
        138,
        100,
        56,
        64,
        65,
        133,
        89,
        184,
        82,
        201,
        148,
        92,
        78,
        69,
        156,
        167,
        112,
        146,
        102,
        114,
        17,
        156,
        189,
        113,
        161,
        79,
        184,
        32,
        92,
        45,
        198,
        16,
        49,
        30,
        88,
        92,
        64],
    [   40,
        206,
        96,
        168,
        87,
        190,
        204,
        173,
        89,
        198,
        159,
        112,
        96,
        104,
        203,
        219,
        168,
        103,
        114,
        46,
        215,
        164,
        221,
        11,
        143,
        126,
        169,
        0,
        214,
        64,
        69,
        161,
        224,
        132,
        157,
        193,
        171,
        125,
        202,
        85,
        88,
        219,
        77,
        46,
        205,
        153,
        103,
        69,
        50,
        126,
        131,
        88,
        234,
        187,
        40,
        80,
        66,
        104,
        227,
        148,
        180,
        160,
        214,
        159,
        185,
        194,
        186,
        149,
        149,
        140],
    [   187,
        15,
        229,
        88,
        154,
        86,
        31,
        139,
        290,
        57,
        131,
        229,
        170,
        119,
        63,
        159,
        115,
        115,
        210,
        213,
        200,
        158,
        156,
        204,
        73,
        149,
        89,
        214,
        0,
        195,
        242,
        60,
        45,
        118,
        189,
        33,
        153,
        90,
        63,
        130,
        257,
        15,
        267,
        211,
        177,
        167,
        138,
        227,
        190,
        198,
        126,
        176,
        193,
        85,
        217,
        258,
        178,
        240,
        31,
        157,
        119,
        61,
        95,
        167,
        90,
        131,
        113,
        69,
        71,
        151],
    [   85,
        183,
        155,
        127,
        42,
        147,
        176,
        200,
        150,
        163,
        105,
        170,
        36,
        114,
        204,
        246,
        187,
        82,
        167,
        106,
        253,
        198,
        247,
        57,
        122,
        70,
        179,
        64,
        195,
        0,
        133,
        154,
        192,
        87,
        200,
        183,
        202,
        118,
        165,
        90,
        152,
        204,
        141,
        105,
        239,
        190,
        127,
        131,
        16,
        175,
        83,
        131,
        268,
        195,
        102,
        144,
        109,
        165,
        216,
        89,
        199,
        134,
        224,
        97,
        196,
        216,
        203,
        126,
        124,
        172],
    [   62,
        238,
        38,
        218,
        149,
        240,
        240,
        157,
        52,
        241,
        219,
        54,
        162,
        123,
        213,
        197,
        162,
        147,
        67,
        32,
        178,
        141,
        199,
        76,
        181,
        189,
        174,
        69,
        242,
        133,
        0,
        183,
        263,
        188,
        120,
        214,
        149,
        154,
        247,
        116,
        19,
        243,
        26,
        34,
        175,
        126,
        107,
        17,
        119,
        86,
        189,
        71,
        202,
        191,
        33,
        16,
        64,
        41,
        247,
        213,
        171,
        199,
        213,
        224,
        187,
        180,
        179,
        188,
        190,
        122],
    [   129,
        58,
        169,
        88,
        117,
        101,
        67,
        92,
        232,
        82,
        125,
        169,
        138,
        60,
        51,
        126,
        68,
        72,
        151,
        154,
        158,
        108,
        125,
        150,
        42,
        128,
        44,
        161,
        60,
        154,
        183,
        0,
        91,
        98,
        136,
        32,
        105,
        37,
        90,
        75,
        197,
        60,
        208,
        152,
        136,
        114,
        77,
        167,
        146,
        140,
        106,
        116,
        158,
        52,
        159,
        199,
        119,
        180,
        66,
        144,
        77,
        48,
        77,
        157,
        55,
        93,
        75,
        44,
        49,
        96],
    [   203,
        35,
        255,
        67,
        149,
        55,
        23,
        179,
        307,
        29,
        107,
        258,
        161,
        141,
        108,
        203,
        155,
        121,
        241,
        232,
        242,
        198,
        201,
        213,
        82,
        133,
        129,
        224,
        45,
        192,
        263,
        91,
        0,
        106,
        227,
        75,
        193,
        109,
        29,
        146,
        279,
        60,
        286,
        229,
        219,
        205,
        165,
        249,
        190,
        230,
        112,
        202,
        237,
        128,
        234,
        279,
        200,
        267,
        74,
        134,
        160,
        64,
        140,
        141,
        133,
        174,
        156,
        75,
        74,
        187],
    [   125,
        104,
        194,
        40,
        46,
        60,
        93,
        177,
        221,
        76,
        34,
        203,
        55,
        96,
        148,
        219,
        156,
        47,
        192,
        155,
        242,
        185,
        218,
        121,
        56,
        31,
        138,
        132,
        118,
        87,
        188,
        98,
        106,
        0,
        202,
        117,
        186,
        75,
        78,
        83,
        206,
        131,
        205,
        153,
        222,
        185,
        121,
        178,
        89,
        190,
        8,
        149,
        248,
        150,
        155,
        202,
        135,
        205,
        144,
        46,
        168,
        58,
        176,
        59,
        152,
        185,
        168,
        55,
        51,
        164],
    [   118,
        192,
        83,
        213,
        187,
        231,
        203,
        56,
        170,
        217,
        236,
        70,
        210,
        105,
        135,
        81,
        76,
        155,
        52,
        115,
        59,
        33,
        84,
        154,
        162,
        221,
        100,
        157,
        189,
        200,
        120,
        136,
        227,
        202,
        0,
        156,
        42,
        132,
        225,
        122,
        120,
        182,
        145,
        114,
        56,
        22,
        80,
        104,
        184,
        33,
        208,
        69,
        81,
        109,
        123,
        130,
        92,
        87,
        179,
        244,
        77,
        177,
        119,
        258,
        104,
        76,
        85,
        169,
        172,
        40],
    [   162,
        39,
        198,
        97,
        144,
        103,
        54,
        105,
        263,
        77,
        138,
        197,
        164,
        92,
        36,
        129,
        81,
        100,
        178,
        186,
        167,
        125,
        126,
        183,
        63,
        148,
        56,
        193,
        33,
        183,
        214,
        32,
        75,
        117,
        156,
        0,
        120,
        68,
        84,
        107,
        228,
        28,
        240,
        184,
        144,
        134,
        108,
        198,
        176,
        165,
        126,
        146,
        162,
        53,
        191,
        230,
        150,
        209,
        34,
        161,
        86,
        59,
        68,
        172,
        58,
        99,
        81,
        62,
        66,
        118],
    [   131,
        158,
        117,
        190,
        181,
        205,
        171,
        14,
        202,
        188,
        219,
        107,
        205,
        93,
        95,
        48,
        38,
        142,
        87,
        137,
        55,
        8,
        50,
        166,
        139,
        209,
        64,
        171,
        153,
        202,
        149,
        105,
        193,
        186,
        42,
        120,
        0,
        111,
        195,
        114,
        154,
        144,
        176,
        135,
        36,
        24,
        75,
        132,
        187,
        68,
        193,
        84,
        65,
        70,
        144,
        162,
        105,
        123,
        139,
        231,
        36,
        151,
        77,
        245,
        64,
        34,
        43,
        144,
        148,
        31],
    [   96,
        83,
        146,
        81,
        83,
        100,
        86,
        102,
        200,
        91,
        107,
        149,
        106,
        32,
        86,
        144,
        81,
        37,
        134,
        123,
        167,
        111,
        143,
        114,
        31,
        101,
        65,
        125,
        90,
        118,
        154,
        37,
        109,
        75,
        132,
        68,
        111,
        0,
        98,
        40,
        170,
        94,
        178,
        121,
        146,
        112,
        57,
        139,
        109,
        126,
        83,
        93,
        172,
        79,
        127,
        170,
        90,
        157,
        102,
        121,
        93,
        48,
        107,
        134,
        81,
        111,
        94,
        38,
        41,
        92],
    [   186,
        49,
        244,
        38,
        124,
        25,
        32,
        182,
        288,
        7,
        77,
        248,
        133,
        130,
        120,
        212,
        158,
        101,
        232,
        215,
        247,
        198,
        210,
        191,
        67,
        104,
        133,
        202,
        63,
        165,
        247,
        90,
        29,
        78,
        225,
        84,
        195,
        98,
        0,
        131,
        264,
        79,
        269,
        213,
        225,
        204,
        155,
        234,
        166,
        224,
        84,
        192,
        245,
        135,
        217,
        263,
        186,
        255,
        94,
        104,
        165,
        50,
        153,
        111,
        140,
        181,
        162,
        60,
        58,
        184],
    [   57,
        123,
        114,
        105,
        67,
        126,
        124,
        110,
        161,
        124,
        117,
        121,
        90,
        23,
        119,
        156,
        96,
        35,
        109,
        85,
        168,
        111,
        157,
        75,
        64,
        99,
        89,
        85,
        130,
        90,
        116,
        75,
        146,
        83,
        122,
        107,
        114,
        40,
        131,
        0,
        133,
        134,
        139,
        83,
        151,
        107,
        41,
        103,
        78,
        107,
        87,
        66,
        180,
        107,
        87,
        132,
        56,
        126,
        141,
        122,
        108,
        82,
        135,
        136,
        106,
        125,
        112,
        71,
        73,
        87],
    [   80,
        253,
        37,
        236,
        168,
        258,
        256,
        163,
        49,
        258,
        237,
        51,
        181,
        138,
        224,
        200,
        171,
        165,
        68,
        51,
        177,
        145,
        203,
        95,
        198,
        208,
        184,
        88,
        257,
        152,
        19,
        197,
        279,
        206,
        120,
        228,
        154,
        170,
        264,
        133,
        0,
        257,
        26,
        52,
        176,
        130,
        120,
        30,
        138,
        87,
        208,
        82,
        201,
        201,
        52,
        12,
        79,
        34,
        259,
        232,
        179,
        215,
        222,
        243,
        197,
        186,
        187,
        205,
        206,
        129],
    [   190,
        30,
        227,
        102,
        164,
        102,
        47,
        130,
        292,
        73,
        146,
        226,
        181,
        120,
        51,
        147,
        106,
        122,
        207,
        215,
        188,
        150,
        144,
        209,
        82,
        162,
        82,
        219,
        15,
        204,
        243,
        60,
        60,
        131,
        182,
        28,
        144,
        94,
        79,
        134,
        257,
        0,
        268,
        212,
        166,
        160,
        137,
        227,
        198,
        193,
        139,
        175,
        180,
        75,
        219,
        259,
        179,
        237,
        15,
        171,
        109,
        73,
        82,
        181,
        80,
        120,
        103,
        79,
        81,
        145],
    [   82,
        262,
        61,
        238,
        163,
        260,
        264,
        184,
        26,
        263,
        234,
        76,
        174,
        148,
        239,
        223,
        189,
        168,
        92,
        54,
        202,
        167,
        225,
        86,
        204,
        203,
        201,
        77,
        267,
        141,
        26,
        208,
        286,
        205,
        145,
        240,
        176,
        178,
        269,
        139,
        26,
        268,
        0,
        56,
        200,
        153,
        133,
        44,
        128,
        111,
        205,
        98,
        226,
        217,
        51,
        14,
        89,
        60,
        272,
        226,
        198,
        221,
        240,
        236,
        214,
        207,
        206,
        210,
        212,
        149],
    [   27,
        205,
        50,
        184,
        116,
        206,
        207,
        140,
        79,
        207,
        185,
        65,
        131,
        92,
        186,
        184,
        140,
        113,
        68,
        2,
        173,
        127,
        186,
        49,
        147,
        156,
        148,
        46,
        211,
        105,
        34,
        152,
        229,
        153,
        114,
        184,
        135,
        121,
        213,
        83,
        52,
        212,
        56,
        0,
        166,
        115,
        79,
        25,
        90,
        82,
        155,
        51,
        194,
        166,
        9,
        50,
        35,
        59,
        217,
        180,
        151,
        165,
        190,
        192,
        163,
        162,
        158,
        154,
        156,
        105],
    [   165,
        184,
        140,
        223,
        218,
        237,
        198,
        44,
        226,
        217,
        254,
        126,
        242,
        130,
        114,
        28,
        67,
        178,
        108,
        167,
        22,
        41,
        32,
        200,
        172,
        246,
        92,
        205,
        177,
        239,
        175,
        136,
        219,
        222,
        56,
        144,
        36,
        146,
        225,
        151,
        176,
        166,
        200,
        166,
        0,
        51,
        112,
        159,
        224,
        89,
        229,
        116,
        29,
        91,
        175,
        186,
        138,
        143,
        157,
        267,
        59,
        183,
        88,
        281,
        86,
        45,
        63,
        177,
        182,
        66],
    [   114,
        170,
        93,
        193,
        174,
        211,
        182,
        36,
        179,
        196,
        218,
        83,
        197,
        88,
        114,
        70,
        54,
        139,
        63,
        116,
        62,
        15,
        72,
        149,
        143,
        205,
        78,
        153,
        167,
        190,
        126,
        114,
        205,
        185,
        22,
        134,
        24,
        112,
        204,
        107,
        130,
        160,
        153,
        115,
        51,
        0,
        66,
        110,
        175,
        43,
        191,
        65,
        80,
        88,
        124,
        139,
        87,
        99,
        157,
        228,
        56,
        156,
        99,
        242,
        82,
        58,
        64,
        149,
        152,
        20],
    [   63,
        135,
        91,
        137,
        108,
        157,
        141,
        73,
        158,
        148,
        156,
        93,
        131,
        26,
        107,
        120,
        65,
        74,
        76,
        81,
        127,
        71,
        121,
        95,
        89,
        140,
        69,
        103,
        138,
        127,
        107,
        77,
        165,
        121,
        80,
        108,
        75,
        57,
        155,
        41,
        120,
        137,
        133,
        79,
        112,
        66,
        0,
        90,
        112,
        69,
        127,
        38,
        140,
        87,
        87,
        122,
        44,
        102,
        140,
        163,
        77,
        105,
        112,
        177,
        84,
        92,
        83,
        96,
        98,
        46],
    [   52,
        222,
        27,
        206,
        141,
        229,
        226,
        140,
        70,
        228,
        210,
        44,
        157,
        108,
        196,
        180,
        145,
        135,
        53,
        24,
        163,
        124,
        182,
        73,
        167,
        182,
        156,
        69,
        227,
        131,
        17,
        167,
        249,
        178,
        104,
        198,
        132,
        139,
        234,
        103,
        30,
        227,
        44,
        25,
        159,
        110,
        90,
        0,
        115,
        70,
        180,
        54,
        186,
        173,
        29,
        32,
        48,
        35,
        230,
        206,
        154,
        185,
        196,
        218,
        170,
        163,
        161,
        174,
        176,
        105],
    [   69,
        179,
        139,
        128,
        42,
        149,
        173,
        186,
        139,
        162,
        111,
        154,
        45,
        101,
        194,
        232,
        173,
        75,
        151,
        91,
        238,
        183,
        233,
        42,
        117,
        77,
        167,
        50,
        190,
        16,
        119,
        146,
        190,
        89,
        184,
        176,
        187,
        109,
        166,
        78,
        138,
        198,
        128,
        90,
        224,
        175,
        112,
        115,
        0,
        158,
        86,
        115,
        253,
        184,
        86,
        130,
        93,
        150,
        209,
        98,
        186,
        130,
        212,
        108,
        184,
        203,
        190,
        121,
        120,
        157],
    [   90,
        198,
        50,
        207,
        168,
        226,
        207,
        79,
        136,
        217,
        224,
        39,
        189,
        96,
        151,
        112,
        92,
        142,
        19,
        83,
        92,
        59,
        115,
        125,
        158,
        204,
        112,
        126,
        198,
        175,
        86,
        140,
        230,
        190,
        33,
        165,
        68,
        126,
        224,
        107,
        87,
        193,
        111,
        82,
        89,
        43,
        69,
        70,
        158,
        0,
        195,
        44,
        115,
        125,
        90,
        96,
        65,
        55,
        192,
        229,
        97,
        174,
        141,
        242,
        121,
        101,
        106,
        165,
        168,
        49],
    [   127,
        112,
        197,
        45,
        44,
        64,
        101,
        185,
        221,
        83,
        30,
        206,
        49,
        102,
        156,
        227,
        164,
        53,
        196,
        157,
        249,
        192,
        226,
        120,
        64,
        23,
        146,
        131,
        126,
        83,
        189,
        106,
        112,
        8,
        208,
        126,
        193,
        83,
        84,
        87,
        208,
        139,
        205,
        155,
        229,
        191,
        127,
        180,
        86,
        195,
        0,
        153,
        255,
        158,
        156,
        203,
        139,
        208,
        153,
        38,
        175,
        66,
        184,
        51,
        160,
        193,
        176,
        64,
        60,
        170],
    [   49,
        173,
        53,
        170,
        124,
        191,
        179,
        89,
        124,
        185,
        183,
        56,
        145,
        61,
        141,
        133,
        91,
        102,
        42,
        53,
        126,
        77,
        135,
        85,
        124,
        161,
        102,
        88,
        176,
        131,
        71,
        116,
        202,
        149,
        69,
        146,
        84,
        93,
        192,
        66,
        82,
        175,
        98,
        51,
        116,
        65,
        38,
        54,
        115,
        44,
        153,
        0,
        145,
        119,
        60,
        87,
        22,
        64,
        177,
        186,
        100,
        141,
        141,
        199,
        115,
        111,
        108,
        131,
        134,
        54],
    [   194,
        202,
        165,
        246,
        246,
        259,
        217,
        70,
        251,
        238,
        279,
        151,
        270,
        158,
        129,
        33,
        91,
        206,
        134,
        195,
        26,
        70,
        36,
        229,
        197,
        273,
        114,
        234,
        193,
        268,
        202,
        158,
        237,
        248,
        81,
        162,
        65,
        172,
        245,
        180,
        201,
        180,
        226,
        194,
        29,
        80,
        140,
        186,
        253,
        115,
        255,
        145,
        0,
        110,
        203,
        211,
        167,
        167,
        170,
        294,
        81,
        206,
        99,
        307,
        105,
        64,
        83,
        201,
        206,
        95],
    [   150,
        92,
        167,
        140,
        163,
        151,
        107,
        55,
        243,
        128,
        177,
        162,
        185,
        84,
        26,
        76,
        33,
        117,
        142,
        168,
        114,
        76,
        74,
        179,
        94,
        179,
        17,
        187,
        85,
        195,
        191,
        52,
        128,
        150,
        109,
        53,
        70,
        79,
        135,
        107,
        201,
        75,
        217,
        166,
        91,
        88,
        87,
        173,
        184,
        125,
        158,
        119,
        110,
        0,
        174,
        206,
        131,
        176,
        69,
        196,
        34,
        99,
        28,
        209,
        5,
        46,
        28,
        97,
        101,
        76],
    [   31,
        211,
        55,
        186,
        115,
        209,
        212,
        149,
        73,
        211,
        185,
        72,
        129,
        98,
        194,
        193,
        149,
        116,
        76,
        7,
        182,
        137,
        195,
        44,
        152,
        155,
        156,
        40,
        217,
        102,
        33,
        159,
        234,
        155,
        123,
        191,
        144,
        127,
        217,
        87,
        52,
        219,
        51,
        9,
        175,
        124,
        87,
        29,
        86,
        90,
        156,
        60,
        203,
        174,
        0,
        47,
        43,
        64,
        224,
        179,
        159,
        169,
        199,
        191,
        171,
        171,
        167,
        159,
        160,
        114],
    [   77,
        254,
        46,
        234,
        162,
        256,
        256,
        171,
        40,
        257,
        233,
        61,
        175,
        140,
        228,
        209,
        177,
        163,
        77,
        48,
        187,
        153,
        211,
        87,
        197,
        202,
        189,
        80,
        258,
        144,
        16,
        199,
        279,
        202,
        130,
        230,
        162,
        170,
        263,
        132,
        12,
        259,
        14,
        50,
        186,
        139,
        122,
        32,
        130,
        96,
        203,
        87,
        211,
        206,
        47,
        0,
        80,
        45,
        262,
        226,
        185,
        215,
        228,
        237,
        202,
        194,
        193,
        204,
        205,
        136],
    [   26,
        174,
        58,
        161,
        106,
        182,
        177,
        108,
        113,
        180,
        169,
        67,
        126,
        59,
        151,
        153,
        106,
        90,
        59,
        37,
        149,
        98,
        155,
        62,
        119,
        145,
        113,
        66,
        178,
        109,
        64,
        119,
        200,
        135,
        92,
        150,
        105,
        90,
        186,
        56,
        79,
        179,
        89,
        35,
        138,
        87,
        44,
        48,
        93,
        65,
        139,
        22,
        167,
        131,
        43,
        80,
        0,
        70,
        183,
        169,
        117,
        137,
        155,
        182,
        128,
        130,
        124,
        126,
        128,
        74],
    [   83,
        237,
        11,
        231,
        173,
        252,
        243,
        134,
        84,
        248,
        239,
        16,
        190,
        125,
        200,
        167,
        144,
        161,
        35,
        59,
        143,
        114,
        170,
        108,
        188,
        212,
        161,
        104,
        240,
        165,
        41,
        180,
        267,
        205,
        87,
        209,
        123,
        157,
        255,
        126,
        34,
        237,
        60,
        59,
        143,
        99,
        102,
        35,
        150,
        55,
        208,
        64,
        167,
        176,
        64,
        45,
        70,
        0,
        239,
        237,
        151,
        205,
        194,
        249,
        171,
        156,
        159,
        195,
        197,
        101],
    [   195,
        45,
        229,
        117,
        175,
        117,
        62,
        124,
        297,
        88,
        161,
        226,
        194,
        125,
        44,
        137,
        102,
        133,
        207,
        219,
        180,
        146,
        134,
        217,
        94,
        176,
        79,
        227,
        31,
        216,
        247,
        66,
        74,
        144,
        179,
        34,
        139,
        102,
        94,
        141,
        259,
        15,
        272,
        217,
        157,
        157,
        140,
        230,
        209,
        192,
        153,
        177,
        170,
        69,
        224,
        262,
        183,
        239,
        0,
        185,
        103,
        86,
        71,
        196,
        75,
        112,
        96,
        91,
        94,
        143],
    [   154,
        142,
        226,
        69,
        64,
        79,
        128,
        223,
        238,
        106,
        27,
        236,
        52,
        139,
        193,
        265,
        202,
        89,
        228,
        182,
        287,
        230,
        264,
        139,
        102,
        24,
        184,
        148,
        157,
        89,
        213,
        144,
        134,
        46,
        244,
        161,
        231,
        121,
        104,
        122,
        232,
        171,
        226,
        180,
        267,
        228,
        163,
        206,
        98,
        229,
        38,
        186,
        294,
        196,
        179,
        226,
        169,
        237,
        185,
        0,
        214,
        101,
        222,
        13,
        199,
        232,
        215,
        100,
        96,
        208],
    [   140,
        125,
        143,
        165,
        172,
        178,
        139,
        21,
        224,
        158,
        198,
        136,
        195,
        85,
        59,
        51,
        12,
        128,
        115,
        153,
        82,
        43,
        50,
        172,
        115,
        194,
        32,
        180,
        119,
        199,
        171,
        77,
        160,
        168,
        77,
        86,
        36,
        93,
        165,
        108,
        179,
        109,
        198,
        151,
        59,
        56,
        77,
        154,
        186,
        97,
        175,
        100,
        81,
        34,
        159,
        185,
        117,
        151,
        103,
        214,
        0,
        124,
        44,
        227,
        28,
        17,
        8,
        120,
        124,
        50],
    [   138,
        49,
        194,
        40,
        92,
        54,
        44,
        139,
        242,
        43,
        79,
        198,
        109,
        80,
        92,
        174,
        115,
        57,
        182,
        167,
        205,
        153,
        173,
        148,
        17,
        90,
        92,
        160,
        61,
        134,
        199,
        48,
        64,
        58,
        177,
        59,
        151,
        48,
        50,
        82,
        215,
        73,
        221,
        165,
        183,
        156,
        105,
        185,
        130,
        174,
        66,
        141,
        206,
        99,
        169,
        215,
        137,
        205,
        86,
        101,
        124,
        0,
        123,
        113,
        103,
        141,
        123,
        10,
        10,
        136],
    [   176,
        106,
        187,
        162,
        191,
        171,
        122,
        63,
        266,
        145,
        202,
        180,
        213,
        112,
        32,
        65,
        51,
        145,
        159,
        192,
        110,
        86,
        62,
        206,
        120,
        205,
        45,
        214,
        95,
        224,
        213,
        77,
        140,
        176,
        119,
        68,
        77,
        107,
        153,
        135,
        222,
        82,
        240,
        190,
        88,
        99,
        112,
        196,
        212,
        141,
        184,
        141,
        99,
        28,
        199,
        228,
        155,
        194,
        71,
        222,
        44,
        123,
        0,
        234,
        28,
        45,
        35,
        121,
        126,
        93],
    [   166,
        152,
        238,
        78,
        76,
        86,
        137,
        237,
        247,
        113,
        35,
        249,
        62,
        153,
        205,
        279,
        216,
        103,
        241,
        193,
        300,
        244,
        278,
        149,
        114,
        37,
        198,
        159,
        167,
        97,
        224,
        157,
        141,
        59,
        258,
        172,
        245,
        134,
        111,
        136,
        243,
        181,
        236,
        192,
        281,
        242,
        177,
        218,
        108,
        242,
        51,
        199,
        307,
        209,
        191,
        237,
        182,
        249,
        196,
        13,
        227,
        113,
        234,
        0,
        212,
        245,
        228,
        112,
        108,
        221],
    [   148,
        97,
        163,
        144,
        164,
        155,
        112,
        49,
        240,
        133,
        180,
        157,
        187,
        83,
        31,
        72,
        28,
        118,
        137,
        165,
        109,
        70,
        70,
        177,
        97,
        181,
        16,
        185,
        90,
        196,
        187,
        55,
        133,
        152,
        104,
        58,
        64,
        81,
        140,
        106,
        197,
        80,
        214,
        163,
        86,
        82,
        84,
        170,
        184,
        121,
        160,
        115,
        105,
        5,
        171,
        202,
        128,
        171,
        75,
        199,
        28,
        103,
        28,
        212,
        0,
        40,
        22,
        100,
        105,
        71],
    [   154,
        138,
        150,
        182,
        189,
        194,
        153,
        22,
        233,
        173,
        216,
        141,
        213,
        102,
        68,
        33,
        30,
        146,
        121,
        164,
        68,
        43,
        32,
        187,
        133,
        212,
        49,
        194,
        131,
        216,
        180,
        93,
        174,
        185,
        76,
        99,
        34,
        111,
        181,
        125,
        186,
        120,
        207,
        162,
        45,
        58,
        92,
        163,
        203,
        101,
        193,
        111,
        64,
        46,
        171,
        194,
        130,
        156,
        112,
        232,
        17,
        141,
        45,
        245,
        40,
        0,
        18,
        137,
        141,
        58],
    [   146,
        120,
        151,
        163,
        174,
        176,
        134,
        29,
        232,
        154,
        198,
        144,
        198,
        89,
        52,
        51,
        17,
        130,
        124,
        160,
        86,
        51,
        50,
        178,
        115,
        195,
        30,
        186,
        113,
        203,
        179,
        75,
        156,
        168,
        85,
        81,
        43,
        94,
        162,
        112,
        187,
        103,
        206,
        158,
        63,
        64,
        83,
        161,
        190,
        106,
        176,
        108,
        83,
        28,
        167,
        193,
        124,
        159,
        96,
        215,
        8,
        123,
        35,
        228,
        22,
        18,
        0,
        118,
        123,
        58],
    [   128,
        57,
        183,
        45,
        85,
        62,
        54,
        133,
        231,
        53,
        80,
        188,
        102,
        70,
        93,
        170,
        110,
        47,
        172,
        156,
        199,
        146,
        169,
        138,
        7,
        86,
        88,
        149,
        69,
        126,
        188,
        44,
        75,
        55,
        169,
        62,
        144,
        38,
        60,
        71,
        205,
        79,
        210,
        154,
        177,
        149,
        96,
        174,
        121,
        165,
        64,
        131,
        201,
        97,
        159,
        204,
        126,
        195,
        91,
        100,
        120,
        10,
        121,
        112,
        100,
        137,
        118,
        0,
        4,
        128],
    [   129,
        59,
        185,
        41,
        82,
        58,
        54,
        137,
        232,
        51,
        75,
        190,
        100,
        73,
        97,
        175,
        114,
        46,
        175,
        158,
        203,
        150,
        173,
        138,
        10,
        82,
        92,
        149,
        71,
        124,
        190,
        49,
        74,
        51,
        172,
        66,
        148,
        41,
        58,
        73,
        206,
        81,
        212,
        156,
        182,
        152,
        98,
        176,
        120,
        168,
        60,
        134,
        206,
        101,
        160,
        205,
        128,
        197,
        94,
        96,
        124,
        10,
        126,
        108,
        105,
        141,
        123,
        4,
        0,
        132],
    [   100,
        153,
        93,
        173,
        154,
        191,
        164,
        35,
        175,
        177,
        198,
        86,
        177,
        68,
        102,
        79,
        43,
        118,
        66,
        107,
        81,
        25,
        80,
        135,
        122,
        185,
        64,
        140,
        151,
        172,
        122,
        96,
        187,
        164,
        40,
        118,
        31,
        92,
        184,
        87,
        129,
        145,
        149,
        105,
        66,
        20,
        46,
        105,
        157,
        49,
        170,
        54,
        95,
        76,
        114,
        136,
        74,
        101,
        143,
        208,
        50,
        136,
        93,
        221,
        71,
        58,
        58,
        128,
        132,
        0]]
;
task=[   63,
    387,
    111,
    53,
    105,
    494,
    27,
    257,
    273,
    358,
    269,
    127,
    576,
    301,
    140,
    90,
    11,
    0,
    322,
    344,
    224,
    421,
    254,
    59,
    63,
    138,
    270,
    210,
    257,
    543,
    235,
    115,
    92,
    38,
    399,
    452,
    57,
    233,
    21,
    364,
    47,
    101,
    150,
    457,
    178,
    370,
    318,
    441,
    165,
    357,
    398,
    173,
    71,
    399,
    357,
    376,
    532,
    345,
    343,
    466,
    429,
    433,
    139,
    78,
    303,
    197,
    354,
    570,
    622,
    21]
;
minW=[   42,
    102,
    45,
    64,
    20,
    66,
    69,
    101,
    106,
    19,
    36,
    16,
    29,
    43,
    96,
    57,
    60,
    0,
    70,
    11,
    72,
    32,
    112,
    34,
    20,
    56,
    93,
    7,
    34,
    31,
    44,
    54,
    13,
    3,
    20,
    29,
    111,
    29,
    72,
    7,
    0,
    20,
    48,
    43,
    79,
    70,
    47,
    1,
    42,
    58,
    46,
    52,
    126,
    104,
    10,
    136,
    7,
    8,
    42,
    5,
    90,
    13,
    42,
    63,
    110,
    95,
    73,
    42,
    17,
    82]
;
maxW=[   454,
    363,
    683,
    237,
    443,
    148,
    615,
    404,
    592,
    529,
    695,
    634,
    194,
    194,
    646,
    368,
    231,
    720,
    552,
    385,
    495,
    305,
    562,
    202,
    660,
    656,
    484,
    199,
    593,
    85,
    147,
    117,
    266,
    363,
    495,
    692,
    633,
    168,
    607,
    589,
    183,
    555,
    558,
    684,
    375,
    278,
    313,
    285,
    167,
    299,
    391,
    155,
    555,
    189,
    408,
    594,
    153,
    650,
    286,
    209,
    195,
    127,
    227,
    506,
    207,
    207,
    562,
    502,
    60,
    510]
;