// Generated by InstanceGenerator.py v0.1
// Juan Francisco Martinez Vera
// AMMM - MIRI, FIB UPC
//
// RAND_SEED=1484787251

bigM=100000;

nLocations=50;
startLocation=16;
distances=[   [   0,
        249,
        305,
        332,
        320,
        273,
        178,
        147,
        287,
        219,
        168,
        261,
        254,
        184,
        352,
        76,
        190,
        227,
        70,
        19,
        97,
        207,
        181,
        241,
        251,
        174,
        161,
        347,
        197,
        151,
        362,
        111,
        264,
        214,
        181,
        65,
        312,
        174,
        261,
        99,
        195,
        206,
        264,
        157,
        147,
        308,
        173,
        125,
        330,
        129],
    [   249,
        0,
        320,
        240,
        165,
        467,
        172,
        206,
        210,
        114,
        415,
        64,
        328,
        66,
        218,
        222,
        377,
        445,
        276,
        269,
        309,
        155,
        190,
        157,
        454,
        422,
        94,
        211,
        428,
        365,
        316,
        308,
        24,
        133,
        385,
        310,
        390,
        392,
        474,
        348,
        445,
        69,
        19,
        407,
        352,
        175,
        422,
        202,
        181,
        121],
    [   305,
        320,
        0,
        132,
        209,
        276,
        165,
        166,
        125,
        397,
        420,
        381,
        75,
        286,
        185,
        230,
        226,
        305,
        251,
        315,
        402,
        419,
        150,
        164,
        284,
        377,
        316,
        187,
        480,
        264,
        85,
        234,
        309,
        408,
        253,
        355,
        93,
        470,
        313,
        350,
        426,
        348,
        339,
        392,
        247,
        184,
        377,
        188,
        202,
        300],
    [   332,
        240,
        132,
        0,
        88,
        392,
        154,
        188,
        45,
        342,
        480,
        305,
        190,
        232,
        52,
        259,
        325,
        408,
        301,
        347,
        427,
        374,
        151,
        100,
        394,
        452,
        274,
        55,
        526,
        348,
        81,
        302,
        222,
        357,
        347,
        394,
        225,
        506,
        423,
        405,
        495,
        290,
        255,
        457,
        331,
        68,
        452,
        208,
        77,
        271],
    [   320,
        165,
        209,
        88,
        0,
        441,
        151,
        197,
        84,
        276,
        482,
        229,
        251,
        177,
        53,
        257,
        362,
        444,
        308,
        338,
        407,
        313,
        159,
        85,
        438,
        466,
        221,
        45,
        517,
        374,
        169,
        321,
        144,
        293,
        381,
        385,
        298,
        491,
        464,
        407,
        503,
        225,
        177,
        464,
        358,
        24,
        466,
        210,
        15,
        229],
    [   273,
        467,
        276,
        392,
        441,
        0,
        307,
        263,
        364,
        480,
        254,
        503,
        204,
        404,
        440,
        251,
        90,
        67,
        209,
        264,
        326,
        476,
        292,
        361,
        27,
        189,
        404,
        439,
        329,
        122,
        362,
        167,
        470,
        479,
        91,
        267,
        201,
        345,
        47,
        225,
        237,
        451,
        486,
        224,
        125,
        418,
        189,
        264,
        442,
        372],
    [   178,
        172,
        165,
        154,
        151,
        307,
        0,
        46,
        108,
        232,
        333,
        224,
        157,
        124,
        175,
        108,
        222,
        299,
        157,
        194,
        273,
        253,
        18,
        66,
        299,
        314,
        150,
        171,
        374,
        225,
        196,
        171,
        168,
        242,
        236,
        241,
        220,
        352,
        323,
        258,
        352,
        185,
        191,
        313,
        210,
        135,
        314,
        59,
        158,
        135],
    [   147,
        206,
        166,
        188,
        197,
        263,
        46,
        0,
        144,
        249,
        292,
        253,
        136,
        149,
        217,
        71,
        176,
        253,
        113,
        161,
        244,
        263,
        38,
        111,
        254,
        270,
        165,
        213,
        338,
        178,
        215,
        124,
        207,
        256,
        190,
        206,
        201,
        320,
        277,
        217,
        309,
        207,
        226,
        271,
        163,
        179,
        269,
        22,
        203,
        142],
    [   287,
        210,
        125,
        45,
        84,
        364,
        108,
        144,
        0,
        305,
        437,
        274,
        168,
        194,
        77,
        214,
        290,
        373,
        258,
        302,
        382,
        335,
        106,
        59,
        363,
        411,
        233,
        76,
        482,
        310,
        106,
        262,
        194,
        319,
        312,
        349,
        214,
        461,
        390,
        361,
        453,
        253,
        227,
        415,
        293,
        60,
        411,
        163,
        80,
        229],
    [   219,
        114,
        397,
        342,
        276,
        480,
        232,
        249,
        305,
        0,
        365,
        68,
        385,
        112,
        328,
        230,
        391,
        443,
        271,
        235,
        243,
        43,
        249,
        246,
        461,
        389,
        83,
        320,
        359,
        363,
        410,
        312,
        138,
        19,
        390,
        265,
        450,
        319,
        476,
        312,
        399,
        51,
        111,
        365,
        355,
        282,
        389,
        235,
        291,
        110],
    [   168,
        415,
        420,
        480,
        482,
        254,
        333,
        292,
        437,
        365,
        0,
        418,
        351,
        351,
        509,
        225,
        218,
        187,
        179,
        148,
        127,
        340,
        331,
        399,
        227,
        66,
        323,
        504,
        75,
        166,
        493,
        186,
        431,
        354,
        192,
        105,
        391,
        97,
        216,
        75,
        36,
        365,
        429,
        31,
        179,
        468,
        65,
        274,
        491,
        294],
    [   261,
        64,
        381,
        305,
        229,
        503,
        224,
        253,
        274,
        68,
        418,
        0,
        382,
        103,
        282,
        253,
        413,
        474,
        302,
        279,
        301,
        111,
        242,
        219,
        488,
        435,
        102,
        275,
        420,
        393,
        380,
        339,
        85,
        87,
        417,
        315,
        445,
        381,
        505,
        359,
        451,
        55,
        52,
        415,
        383,
        240,
        435,
        244,
        245,
        134],
    [   254,
        328,
        75,
        190,
        251,
        204,
        157,
        136,
        168,
        385,
        351,
        382,
        0,
        280,
        240,
        185,
        151,
        230,
        192,
        261,
        348,
        399,
        139,
        185,
        210,
        305,
        301,
        241,
        415,
        191,
        160,
        168,
        322,
        392,
        178,
        296,
        65,
        408,
        239,
        284,
        355,
        341,
        347,
        323,
        175,
        227,
        305,
        154,
        249,
        279],
    [   184,
        66,
        286,
        232,
        177,
        404,
        124,
        149,
        194,
        112,
        351,
        103,
        280,
        0,
        225,
        156,
        314,
        379,
        209,
        203,
        250,
        141,
        141,
        135,
        390,
        356,
        44,
        218,
        368,
        299,
        298,
        243,
        80,
        125,
        320,
        246,
        344,
        335,
        409,
        283,
        380,
        62,
        84,
        341,
        287,
        178,
        355,
        141,
        192,
        60],
    [   352,
        218,
        185,
        52,
        53,
        440,
        175,
        217,
        77,
        328,
        509,
        282,
        240,
        225,
        0,
        283,
        368,
        451,
        330,
        369,
        444,
        364,
        178,
        111,
        440,
        486,
        269,
        7,
        549,
        387,
        128,
        338,
        197,
        345,
        389,
        416,
        278,
        526,
        468,
        433,
        526,
        276,
        230,
        488,
        370,
        47,
        486,
        234,
        37,
        273],
    [   76,
        222,
        230,
        259,
        257,
        251,
        108,
        71,
        214,
        230,
        225,
        253,
        185,
        156,
        283,
        0,
        161,
        222,
        54,
        89,
        173,
        232,
        107,
        174,
        235,
        211,
        152,
        279,
        267,
        142,
        286,
        86,
        231,
        231,
        164,
        134,
        246,
        248,
        253,
        150,
        246,
        200,
        241,
        207,
        131,
        242,
        211,
        50,
        265,
        121],
    [   190,
        377,
        226,
        325,
        362,
        90,
        222,
        176,
        290,
        391,
        218,
        413,
        151,
        314,
        368,
        161,
        0,
        83,
        123,
        185,
        258,
        389,
        208,
        280,
        77,
        162,
        314,
        366,
        290,
        53,
        309,
        80,
        381,
        391,
        28,
        199,
        176,
        295,
        102,
        167,
        213,
        361,
        396,
        187,
        46,
        341,
        162,
        175,
        365,
        283],
    [   227,
        445,
        305,
        408,
        444,
        67,
        299,
        253,
        373,
        443,
        187,
        474,
        230,
        379,
        451,
        222,
        83,
        0,
        172,
        215,
        266,
        434,
        287,
        360,
        40,
        121,
        372,
        449,
        262,
        80,
        390,
        136,
        452,
        439,
        63,
        210,
        244,
        279,
        34,
        164,
        169,
        420,
        463,
        157,
        92,
        423,
        121,
        248,
        447,
        340],
    [   70,
        276,
        251,
        301,
        308,
        209,
        157,
        113,
        258,
        271,
        179,
        302,
        192,
        209,
        330,
        54,
        123,
        172,
        0,
        71,
        156,
        266,
        152,
        223,
        190,
        158,
        199,
        327,
        230,
        92,
        318,
        42,
        285,
        270,
        118,
        104,
        246,
        218,
        204,
        104,
        195,
        247,
        293,
        157,
        84,
        292,
        158,
        97,
        315,
        167],
    [   19,
        269,
        315,
        347,
        338,
        264,
        194,
        161,
        302,
        235,
        148,
        279,
        261,
        203,
        369,
        89,
        185,
        215,
        71,
        0,
        87,
        221,
        196,
        258,
        241,
        156,
        179,
        364,
        180,
        142,
        375,
        109,
        283,
        229,
        173,
        47,
        317,
        159,
        249,
        80,
        176,
        224,
        284,
        137,
        140,
        326,
        155,
        139,
        348,
        148],
    [   97,
        309,
        402,
        427,
        407,
        326,
        273,
        244,
        382,
        243,
        127,
        301,
        348,
        250,
        444,
        173,
        258,
        266,
        156,
        87,
        0,
        214,
        277,
        333,
        300,
        170,
        215,
        438,
        119,
        208,
        460,
        189,
        328,
        230,
        240,
        59,
        403,
        84,
        301,
        102,
        163,
        250,
        319,
        136,
        212,
        398,
        169,
        222,
        419,
        190],
    [   207,
        155,
        419,
        374,
        313,
        476,
        253,
        263,
        335,
        43,
        340,
        111,
        399,
        141,
        364,
        232,
        389,
        434,
        266,
        221,
        214,
        0,
        269,
        276,
        456,
        370,
        103,
        357,
        327,
        356,
        439,
        309,
        179,
        23,
        385,
        244,
        464,
        285,
        468,
        293,
        375,
        88,
        153,
        343,
        350,
        317,
        369,
        246,
        328,
        120],
    [   181,
        190,
        150,
        151,
        159,
        292,
        18,
        38,
        106,
        249,
        331,
        242,
        139,
        141,
        178,
        107,
        208,
        287,
        152,
        196,
        277,
        269,
        0,
        74,
        285,
        308,
        167,
        174,
        375,
        215,
        186,
        162,
        186,
        259,
        224,
        242,
        203,
        355,
        310,
        255,
        348,
        203,
        209,
        309,
        199,
        140,
        308,
        57,
        164,
        150],
    [   241,
        157,
        164,
        100,
        85,
        361,
        66,
        111,
        59,
        246,
        399,
        219,
        185,
        135,
        111,
        174,
        280,
        360,
        223,
        258,
        333,
        276,
        74,
        0,
        356,
        381,
        174,
        106,
        438,
        289,
        163,
        236,
        145,
        260,
        297,
        305,
        241,
        414,
        382,
        324,
        419,
        195,
        175,
        380,
        273,
        68,
        381,
        126,
        92,
        170],
    [   251,
        454,
        284,
        394,
        438,
        27,
        299,
        254,
        363,
        461,
        227,
        488,
        210,
        390,
        440,
        235,
        77,
        40,
        190,
        241,
        300,
        456,
        285,
        356,
        0,
        161,
        387,
        439,
        302,
        100,
        370,
        149,
        459,
        460,
        71,
        242,
        215,
        317,
        29,
        199,
        209,
        435,
        473,
        196,
        106,
        416,
        161,
        253,
        440,
        355],
    [   174,
        422,
        377,
        452,
        466,
        189,
        314,
        270,
        411,
        389,
        66,
        435,
        305,
        356,
        486,
        211,
        162,
        121,
        158,
        156,
        170,
        370,
        308,
        381,
        161,
        0,
        335,
        483,
        141,
        114,
        455,
        150,
        435,
        381,
        134,
        126,
        338,
        161,
        150,
        77,
        51,
        380,
        438,
        38,
        130,
        449,
        0,
        255,
        473,
        303],
    [   161,
        94,
        316,
        274,
        221,
        404,
        150,
        165,
        233,
        83,
        323,
        102,
        301,
        44,
        269,
        152,
        314,
        372,
        199,
        179,
        215,
        103,
        167,
        174,
        387,
        335,
        0,
        262,
        334,
        291,
        336,
        237,
        113,
        92,
        316,
        218,
        366,
        299,
        404,
        259,
        354,
        47,
        106,
        317,
        282,
        222,
        334,
        152,
        236,
        32],
    [   347,
        211,
        187,
        55,
        45,
        439,
        171,
        213,
        76,
        320,
        504,
        275,
        241,
        218,
        7,
        279,
        366,
        449,
        327,
        364,
        438,
        357,
        174,
        106,
        439,
        483,
        262,
        0,
        544,
        384,
        133,
        334,
        190,
        338,
        387,
        411,
        280,
        520,
        466,
        429,
        523,
        269,
        223,
        484,
        367,
        41,
        482,
        230,
        30,
        267],
    [   197,
        428,
        480,
        526,
        517,
        329,
        374,
        338,
        482,
        359,
        75,
        420,
        415,
        368,
        549,
        267,
        290,
        262,
        230,
        180,
        119,
        327,
        375,
        438,
        302,
        141,
        334,
        544,
        0,
        236,
        548,
        247,
        447,
        345,
        264,
        133,
        459,
        42,
        291,
        130,
        99,
        369,
        439,
        105,
        248,
        506,
        140,
        318,
        528,
        308],
    [   151,
        365,
        264,
        348,
        374,
        122,
        225,
        178,
        310,
        363,
        166,
        393,
        191,
        299,
        387,
        142,
        53,
        80,
        92,
        142,
        208,
        356,
        215,
        289,
        100,
        114,
        291,
        384,
        236,
        0,
        344,
        56,
        372,
        361,
        32,
        148,
        225,
        241,
        112,
        113,
        164,
        339,
        383,
        135,
        17,
        354,
        114,
        171,
        379,
        259],
    [   362,
        316,
        85,
        81,
        169,
        362,
        196,
        215,
        106,
        410,
        493,
        380,
        160,
        298,
        128,
        286,
        309,
        390,
        318,
        375,
        460,
        439,
        186,
        163,
        370,
        455,
        336,
        133,
        548,
        344,
        0,
        308,
        299,
        424,
        335,
        419,
        172,
        534,
        399,
        420,
        503,
        359,
        332,
        467,
        327,
        149,
        455,
        238,
        158,
        328],
    [   111,
        308,
        234,
        302,
        321,
        167,
        171,
        124,
        262,
        312,
        186,
        339,
        168,
        243,
        338,
        86,
        80,
        136,
        42,
        109,
        189,
        309,
        162,
        236,
        149,
        150,
        237,
        334,
        247,
        56,
        308,
        0,
        315,
        311,
        78,
        132,
        216,
        242,
        166,
        116,
        194,
        285,
        327,
        159,
        44,
        303,
        149,
        115,
        327,
        206],
    [   264,
        24,
        309,
        222,
        144,
        470,
        168,
        207,
        194,
        138,
        431,
        85,
        322,
        80,
        197,
        231,
        381,
        452,
        285,
        283,
        328,
        179,
        186,
        145,
        459,
        435,
        113,
        190,
        447,
        372,
        299,
        315,
        0,
        157,
        390,
        326,
        383,
        412,
        480,
        363,
        460,
        93,
        33,
        421,
        359,
        155,
        434,
        205,
        159,
        138],
    [   214,
        133,
        408,
        357,
        293,
        479,
        242,
        256,
        319,
        19,
        354,
        87,
        392,
        125,
        345,
        231,
        391,
        439,
        270,
        229,
        230,
        23,
        259,
        260,
        460,
        381,
        92,
        338,
        345,
        361,
        424,
        311,
        157,
        0,
        388,
        255,
        457,
        304,
        473,
        304,
        389,
        68,
        130,
        355,
        354,
        299,
        381,
        240,
        309,
        114],
    [   181,
        385,
        253,
        347,
        381,
        91,
        236,
        190,
        312,
        390,
        192,
        417,
        178,
        320,
        389,
        164,
        28,
        63,
        118,
        173,
        240,
        385,
        224,
        297,
        71,
        134,
        316,
        387,
        264,
        32,
        335,
        78,
        390,
        388,
        0,
        181,
        204,
        272,
        89,
        145,
        186,
        364,
        403,
        161,
        34,
        360,
        134,
        185,
        384,
        284],
    [   65,
        310,
        355,
        394,
        385,
        267,
        241,
        206,
        349,
        265,
        105,
        315,
        296,
        246,
        416,
        134,
        199,
        210,
        104,
        47,
        59,
        244,
        242,
        305,
        242,
        126,
        218,
        411,
        133,
        148,
        419,
        132,
        326,
        255,
        181,
        0,
        348,
        115,
        245,
        50,
        136,
        260,
        324,
        100,
        153,
        373,
        125,
        185,
        395,
        189],
    [   312,
        390,
        93,
        225,
        298,
        201,
        220,
        201,
        214,
        450,
        391,
        445,
        65,
        344,
        278,
        246,
        176,
        244,
        246,
        317,
        403,
        464,
        203,
        241,
        215,
        338,
        366,
        280,
        459,
        225,
        172,
        216,
        383,
        457,
        204,
        348,
        0,
        457,
        244,
        330,
        389,
        405,
        409,
        361,
        212,
        274,
        338,
        219,
        293,
        344],
    [   174,
        392,
        470,
        506,
        491,
        345,
        352,
        320,
        461,
        319,
        97,
        381,
        408,
        335,
        526,
        248,
        295,
        279,
        218,
        159,
        84,
        285,
        355,
        414,
        317,
        161,
        299,
        520,
        42,
        241,
        534,
        242,
        412,
        304,
        272,
        115,
        457,
        0,
        311,
        128,
        130,
        332,
        403,
        123,
        251,
        481,
        161,
        299,
        502,
        275],
    [   261,
        474,
        313,
        423,
        464,
        47,
        323,
        277,
        390,
        476,
        216,
        505,
        239,
        409,
        468,
        253,
        102,
        34,
        204,
        249,
        301,
        468,
        310,
        382,
        29,
        150,
        404,
        466,
        291,
        112,
        399,
        166,
        480,
        473,
        89,
        245,
        244,
        311,
        0,
        198,
        195,
        452,
        493,
        187,
        122,
        442,
        151,
        274,
        466,
        372],
    [   99,
        348,
        350,
        405,
        407,
        225,
        258,
        217,
        361,
        312,
        75,
        359,
        284,
        283,
        433,
        150,
        167,
        164,
        104,
        80,
        102,
        293,
        255,
        324,
        199,
        77,
        259,
        429,
        130,
        113,
        420,
        116,
        363,
        304,
        145,
        50,
        330,
        128,
        198,
        0,
        97,
        304,
        364,
        58,
        122,
        392,
        77,
        199,
        416,
        228],
    [   195,
        445,
        426,
        495,
        503,
        237,
        352,
        309,
        453,
        399,
        36,
        451,
        355,
        380,
        526,
        246,
        213,
        169,
        195,
        176,
        163,
        375,
        348,
        419,
        209,
        51,
        354,
        523,
        99,
        164,
        503,
        194,
        460,
        389,
        186,
        136,
        389,
        130,
        195,
        97,
        0,
        397,
        459,
        39,
        180,
        487,
        51,
        293,
        511,
        324],
    [   206,
        69,
        348,
        290,
        225,
        451,
        185,
        207,
        253,
        51,
        365,
        55,
        341,
        62,
        276,
        200,
        361,
        420,
        247,
        224,
        250,
        88,
        203,
        195,
        435,
        380,
        47,
        269,
        369,
        339,
        359,
        285,
        93,
        68,
        364,
        260,
        405,
        332,
        452,
        304,
        397,
        0,
        73,
        360,
        330,
        230,
        380,
        196,
        240,
        80],
    [   264,
        19,
        339,
        255,
        177,
        486,
        191,
        226,
        227,
        111,
        429,
        52,
        347,
        84,
        230,
        241,
        396,
        463,
        293,
        284,
        319,
        153,
        209,
        175,
        473,
        438,
        106,
        223,
        439,
        383,
        332,
        327,
        33,
        130,
        403,
        324,
        409,
        403,
        493,
        364,
        459,
        73,
        0,
        421,
        371,
        189,
        437,
        222,
        193,
        135],
    [   157,
        407,
        392,
        457,
        464,
        224,
        313,
        271,
        415,
        365,
        31,
        415,
        323,
        341,
        488,
        207,
        187,
        157,
        157,
        137,
        136,
        343,
        309,
        380,
        196,
        38,
        317,
        484,
        105,
        135,
        467,
        159,
        421,
        355,
        161,
        100,
        361,
        123,
        187,
        58,
        39,
        360,
        421,
        0,
        149,
        448,
        37,
        254,
        472,
        286],
    [   147,
        352,
        247,
        331,
        358,
        125,
        210,
        163,
        293,
        355,
        179,
        383,
        175,
        287,
        370,
        131,
        46,
        92,
        84,
        140,
        212,
        350,
        199,
        273,
        106,
        130,
        282,
        367,
        248,
        17,
        327,
        44,
        359,
        354,
        34,
        153,
        212,
        251,
        122,
        122,
        180,
        330,
        371,
        149,
        0,
        338,
        130,
        156,
        362,
        250],
    [   308,
        175,
        184,
        68,
        24,
        418,
        135,
        179,
        60,
        282,
        468,
        240,
        227,
        178,
        47,
        242,
        341,
        423,
        292,
        326,
        398,
        317,
        140,
        68,
        416,
        449,
        222,
        41,
        506,
        354,
        149,
        303,
        155,
        299,
        360,
        373,
        274,
        481,
        442,
        392,
        487,
        230,
        189,
        448,
        338,
        0,
        449,
        194,
        24,
        225],
    [   173,
        422,
        377,
        452,
        466,
        189,
        314,
        269,
        411,
        389,
        65,
        435,
        305,
        355,
        486,
        211,
        162,
        121,
        158,
        155,
        169,
        369,
        308,
        381,
        161,
        0,
        334,
        482,
        140,
        114,
        455,
        149,
        434,
        381,
        134,
        125,
        338,
        161,
        151,
        77,
        51,
        380,
        437,
        37,
        130,
        449,
        0,
        255,
        473,
        303],
    [   125,
        202,
        188,
        208,
        210,
        264,
        59,
        22,
        163,
        235,
        274,
        244,
        154,
        141,
        234,
        50,
        175,
        248,
        97,
        139,
        222,
        246,
        57,
        126,
        253,
        255,
        152,
        230,
        318,
        171,
        238,
        115,
        205,
        240,
        185,
        185,
        219,
        299,
        274,
        199,
        293,
        196,
        222,
        254,
        156,
        194,
        255,
        0,
        218,
        126],
    [   330,
        181,
        202,
        77,
        15,
        442,
        158,
        203,
        80,
        291,
        491,
        245,
        249,
        192,
        37,
        265,
        365,
        447,
        315,
        348,
        419,
        328,
        164,
        92,
        440,
        473,
        236,
        30,
        528,
        379,
        158,
        327,
        159,
        309,
        384,
        395,
        293,
        502,
        466,
        416,
        511,
        240,
        193,
        472,
        362,
        24,
        473,
        218,
        0,
        242],
    [   129,
        121,
        300,
        271,
        229,
        372,
        135,
        142,
        229,
        110,
        294,
        134,
        279,
        60,
        273,
        121,
        283,
        340,
        167,
        148,
        190,
        120,
        150,
        170,
        355,
        303,
        32,
        267,
        308,
        259,
        328,
        206,
        138,
        114,
        284,
        189,
        344,
        275,
        372,
        228,
        324,
        80,
        135,
        286,
        250,
        225,
        303,
        126,
        242,
        0]]
;
task=[   117,
    160,
    44,
    119,
    10,
    206,
    501,
    286,
    193,
    250,
    266,
    91,
    122,
    155,
    142,
    0,
    316,
    59,
    30,
    404,
    97,
    43,
    123,
    83,
    142,
    279,
    106,
    128,
    3,
    169,
    7,
    508,
    189,
    235,
    379,
    350,
    108,
    59,
    73,
    195,
    214,
    102,
    34,
    151,
    291,
    15,
    209,
    408,
    94,
    241]
;
minW=[   0,
    72,
    80,
    109,
    107,
    101,
    0,
    0,
    64,
    80,
    75,
    103,
    35,
    6,
    133,
    0,
    11,
    72,
    0,
    0,
    23,
    82,
    0,
    24,
    85,
    61,
    2,
    129,
    117,
    0,
    136,
    0,
    81,
    81,
    14,
    0,
    96,
    98,
    103,
    0,
    96,
    50,
    91,
    57,
    0,
    92,
    61,
    0,
    115,
    0]
;
maxW=[   226,
    372,
    380,
    409,
    407,
    401,
    258,
    221,
    364,
    380,
    375,
    403,
    335,
    306,
    433,
    720,
    311,
    372,
    204,
    239,
    323,
    382,
    257,
    324,
    385,
    361,
    302,
    429,
    417,
    292,
    436,
    236,
    381,
    381,
    314,
    284,
    396,
    398,
    403,
    300,
    396,
    350,
    391,
    357,
    281,
    392,
    361,
    200,
    415,
    271]
;