// Generated by InstanceGenerator.py v0.1
// Juan Francisco Martinez Vera
// AMMM - MIRI, FIB UPC
//
// RAND_SEED=1484787361

bigM=100000;

nLocations=50;
startLocation=32;
distances=[   [   0,
        387,
        269,
        52,
        314,
        299,
        343,
        461,
        272,
        276,
        350,
        83,
        166,
        237,
        363,
        231,
        441,
        371,
        432,
        72,
        205,
        300,
        359,
        429,
        381,
        58,
        328,
        263,
        195,
        425,
        193,
        246,
        433,
        417,
        268,
        463,
        352,
        414,
        188,
        120,
        399,
        385,
        263,
        312,
        132,
        140,
        215,
        66,
        343,
        311],
    [   387,
        0,
        210,
        432,
        131,
        88,
        82,
        169,
        298,
        256,
        225,
        468,
        299,
        163,
        171,
        307,
        300,
        62,
        199,
        335,
        243,
        154,
        293,
        152,
        124,
        329,
        198,
        288,
        227,
        279,
        205,
        144,
        45,
        140,
        298,
        190,
        230,
        346,
        231,
        394,
        58,
        299,
        261,
        154,
        283,
        361,
        245,
        345,
        230,
        100],
    [   269,
        210,
        0,
        322,
        246,
        150,
        230,
        364,
        89,
        323,
        345,
        332,
        285,
        191,
        314,
        335,
        183,
        158,
        163,
        198,
        258,
        57,
        399,
        337,
        292,
        224,
        311,
        339,
        229,
        163,
        100,
        165,
        243,
        323,
        88,
        379,
        351,
        463,
        227,
        220,
        183,
        416,
        51,
        61,
        137,
        180,
        269,
        263,
        78,
        110],
    [   52,
        432,
        322,
        0,
        348,
        344,
        382,
        493,
        322,
        294,
        372,
        64,
        182,
        276,
        392,
        240,
        493,
        419,
        484,
        124,
        230,
        352,
        371,
        461,
        415,
        105,
        353,
        275,
        226,
        477,
        243,
        288,
        477,
        450,
        319,
        493,
        374,
        422,
        219,
        159,
        447,
        398,
        314,
        364,
        184,
        185,
        238,
        91,
        395,
        360],
    [   314,
        131,
        246,
        348,
        0,
        101,
        49,
        149,
        330,
        124,
        105,
        397,
        185,
        80,
        68,
        179,
        392,
        170,
        308,
        282,
        127,
        208,
        169,
        116,
        67,
        257,
        72,
        157,
        122,
        370,
        183,
        88,
        168,
        104,
        328,
        154,
        111,
        229,
        129,
        359,
        182,
        180,
        292,
        216,
        248,
        336,
        125,
        257,
        299,
        155],
    [   299,
        88,
        150,
        344,
        101,
        0,
        79,
        214,
        239,
        208,
        206,
        380,
        223,
        87,
        167,
        245,
        290,
        86,
        211,
        247,
        173,
        107,
        268,
        187,
        141,
        241,
        173,
        235,
        151,
        268,
        119,
        61,
        134,
        173,
        237,
        229,
        212,
        330,
        153,
        309,
        109,
        281,
        200,
        114,
        196,
        278,
        178,
        258,
        198,
        53],
    [   343,
        82,
        230,
        382,
        49,
        79,
        0,
        136,
        318,
        174,
        145,
        426,
        229,
        105,
        95,
        228,
        359,
        127,
        268,
        303,
        171,
        184,
        213,
        108,
        61,
        285,
        116,
        207,
        161,
        337,
        187,
        99,
        118,
        93,
        317,
        149,
        151,
        268,
        166,
        374,
        136,
        220,
        280,
        190,
        261,
        346,
        171,
        291,
        273,
        127],
    [   461,
        169,
        364,
        493,
        149,
        214,
        136,
        0,
        453,
        224,
        149,
        545,
        320,
        229,
        105,
        291,
        470,
        232,
        366,
        431,
        265,
        313,
        205,
        32,
        81,
        406,
        149,
        257,
        267,
        449,
        323,
        232,
        167,
        45,
        452,
        23,
        152,
        233,
        274,
        507,
        224,
        196,
        414,
        316,
        394,
        481,
        258,
        403,
        397,
        255],
    [   272,
        298,
        89,
        322,
        330,
        239,
        318,
        453,
        0,
        392,
        425,
        314,
        335,
        266,
        399,
        393,
        176,
        244,
        209,
        201,
        321,
        144,
        473,
        426,
        380,
        241,
        391,
        404,
        291,
        164,
        160,
        245,
        330,
        412,
        3,
        468,
        430,
        538,
        288,
        185,
        267,
        493,
        38,
        145,
        152,
        145,
        332,
        286,
        103,
        200],
    [   276,
        256,
        323,
        294,
        124,
        208,
        174,
        224,
        392,
        0,
        80,
        354,
        111,
        133,
        120,
        66,
        492,
        289,
        420,
        274,
        78,
        301,
        86,
        196,
        165,
        233,
        75,
        34,
        104,
        470,
        232,
        161,
        292,
        190,
        390,
        216,
        81,
        149,
        109,
        360,
        304,
        111,
        359,
        312,
        268,
        350,
        66,
        210,
        391,
        260],
    [   350,
        225,
        345,
        372,
        105,
        206,
        145,
        149,
        425,
        80,
        0,
        430,
        189,
        159,
        57,
        146,
        497,
        272,
        412,
        338,
        145,
        311,
        68,
        125,
        109,
        302,
        33,
        110,
        161,
        475,
        268,
        180,
        252,
        123,
        423,
        138,
        5,
        124,
        168,
        422,
        281,
        75,
        388,
        320,
        321,
        407,
        135,
        285,
        403,
        260],
    [   83,
        468,
        332,
        64,
        397,
        380,
        426,
        545,
        314,
        354,
        430,
        0,
        242,
        321,
        446,
        303,
        490,
        448,
        496,
        137,
        286,
        370,
        433,
        513,
        465,
        141,
        410,
        337,
        278,
        476,
        269,
        329,
        514,
        501,
        311,
        547,
        432,
        486,
        271,
        133,
        477,
        460,
        315,
        381,
        198,
        169,
        295,
        145,
        400,
        388],
    [   166,
        299,
        285,
        182,
        185,
        223,
        229,
        320,
        335,
        111,
        189,
        242,
        0,
        136,
        215,
        67,
        467,
        310,
        418,
        177,
        58,
        284,
        192,
        289,
        247,
        130,
        174,
        96,
        72,
        446,
        184,
        162,
        342,
        279,
        332,
        317,
        191,
        249,
        70,
        262,
        333,
        218,
        308,
        296,
        190,
        259,
        61,
        100,
        362,
        262],
    [   237,
        163,
        191,
        276,
        80,
        87,
        105,
        229,
        266,
        133,
        159,
        321,
        136,
        0,
        143,
        160,
        359,
        174,
        292,
        202,
        85,
        168,
        208,
        197,
        147,
        180,
        126,
        154,
        64,
        337,
        109,
        29,
        208,
        183,
        264,
        235,
        164,
        272,
        67,
        279,
        196,
        226,
        231,
        179,
        169,
        256,
        91,
        186,
        257,
        132],
    [   363,
        171,
        314,
        392,
        68,
        167,
        95,
        105,
        399,
        120,
        57,
        446,
        215,
        143,
        0,
        187,
        454,
        222,
        363,
        340,
        162,
        274,
        126,
        75,
        51,
        310,
        45,
        155,
        168,
        432,
        250,
        156,
        195,
        69,
        397,
        101,
        62,
        175,
        175,
        421,
        228,
        128,
        361,
        281,
        312,
        400,
        155,
        302,
        365,
        218],
    [   231,
        307,
        335,
        240,
        179,
        245,
        228,
        291,
        393,
        66,
        146,
        303,
        67,
        160,
        187,
        0,
        513,
        331,
        452,
        244,
        77,
        324,
        131,
        262,
        228,
        198,
        142,
        36,
        106,
        491,
        236,
        188,
        346,
        255,
        390,
        283,
        146,
        183,
        108,
        329,
        350,
        158,
        363,
        336,
        253,
        326,
        68,
        165,
        408,
        292],
    [   441,
        300,
        183,
        493,
        392,
        290,
        359,
        470,
        176,
        492,
        497,
        490,
        467,
        359,
        454,
        513,
        0,
        238,
        109,
        369,
        436,
        190,
        559,
        452,
        417,
        402,
        464,
        513,
        407,
        22,
        283,
        330,
        308,
        439,
        179,
        490,
        503,
        621,
        405,
        362,
        245,
        572,
        178,
        179,
        312,
        322,
        445,
        444,
        105,
        237],
    [   371,
        62,
        158,
        419,
        170,
        86,
        127,
        232,
        244,
        289,
        272,
        448,
        310,
        174,
        222,
        331,
        238,
        0,
        141,
        312,
        259,
        101,
        339,
        213,
        180,
        314,
        241,
        318,
        237,
        217,
        179,
        148,
        86,
        200,
        244,
        252,
        278,
        396,
        240,
        360,
        28,
        347,
        208,
        98,
        254,
        324,
        264,
        338,
        169,
        60],
    [   432,
        199,
        163,
        484,
        308,
        211,
        268,
        366,
        209,
        420,
        412,
        496,
        418,
        292,
        363,
        452,
        109,
        141,
        0,
        362,
        376,
        136,
        477,
        351,
        322,
        383,
        380,
        446,
        350,
        92,
        247,
        264,
        201,
        339,
        211,
        388,
        418,
        536,
        350,
        380,
        141,
        487,
        189,
        124,
        300,
        339,
        384,
        418,
        105,
        160],
    [   72,
        335,
        198,
        124,
        282,
        247,
        303,
        431,
        201,
        274,
        338,
        137,
        177,
        202,
        340,
        244,
        369,
        312,
        362,
        0,
        196,
        233,
        361,
        399,
        349,
        49,
        312,
        270,
        177,
        353,
        132,
        203,
        380,
        386,
        197,
        436,
        342,
        422,
        170,
        85,
        340,
        386,
        191,
        244,
        62,
        84,
        208,
        94,
        271,
        251],
    [   205,
        243,
        258,
        230,
        127,
        173,
        171,
        265,
        321,
        78,
        145,
        286,
        58,
        85,
        162,
        77,
        436,
        259,
        376,
        196,
        0,
        247,
        165,
        233,
        189,
        157,
        123,
        83,
        29,
        414,
        161,
        113,
        286,
        223,
        318,
        263,
        148,
        228,
        33,
        282,
        280,
        190,
        289,
        259,
        190,
        271,
        12,
        141,
        332,
        217],
    [   300,
        154,
        57,
        352,
        208,
        107,
        184,
        313,
        144,
        301,
        311,
        370,
        284,
        168,
        274,
        324,
        190,
        101,
        136,
        233,
        247,
        0,
        370,
        289,
        246,
        248,
        278,
        323,
        219,
        168,
        110,
        140,
        186,
        275,
        144,
        330,
        317,
        433,
        218,
        268,
        126,
        385,
        107,
        12,
        171,
        229,
        256,
        282,
        92,
        58],
    [   359,
        293,
        399,
        371,
        169,
        268,
        213,
        205,
        473,
        86,
        68,
        433,
        192,
        208,
        126,
        131,
        559,
        339,
        477,
        361,
        165,
        370,
        0,
        187,
        177,
        318,
        97,
        96,
        190,
        537,
        313,
        233,
        320,
        187,
        471,
        190,
        63,
        64,
        195,
        447,
        349,
        26,
        438,
        380,
        354,
        437,
        153,
        293,
        462,
        322],
    [   429,
        152,
        337,
        461,
        116,
        187,
        108,
        32,
        426,
        196,
        125,
        513,
        289,
        197,
        75,
        262,
        452,
        213,
        351,
        399,
        233,
        289,
        187,
        0,
        50,
        374,
        120,
        230,
        235,
        430,
        293,
        200,
        158,
        14,
        425,
        41,
        128,
        221,
        242,
        475,
        209,
        180,
        388,
        293,
        363,
        450,
        227,
        371,
        375,
        230],
    [   381,
        124,
        292,
        415,
        67,
        141,
        61,
        81,
        380,
        165,
        109,
        465,
        247,
        147,
        51,
        228,
        417,
        180,
        322,
        349,
        189,
        246,
        177,
        50,
        0,
        325,
        91,
        199,
        189,
        396,
        243,
        150,
        144,
        36,
        378,
        90,
        113,
        224,
        195,
        425,
        183,
        178,
        342,
        251,
        313,
        400,
        185,
        324,
        335,
        188],
    [   58,
        329,
        224,
        105,
        257,
        241,
        285,
        406,
        241,
        233,
        302,
        141,
        130,
        180,
        310,
        198,
        402,
        314,
        383,
        49,
        157,
        248,
        318,
        374,
        325,
        0,
        277,
        225,
        142,
        384,
        139,
        188,
        375,
        362,
        238,
        409,
        305,
        378,
        135,
        131,
        342,
        344,
        225,
        261,
        90,
        134,
        168,
        46,
        300,
        255],
    [   328,
        198,
        311,
        353,
        72,
        173,
        116,
        149,
        391,
        75,
        33,
        410,
        174,
        126,
        45,
        142,
        464,
        241,
        380,
        312,
        123,
        278,
        97,
        120,
        91,
        277,
        0,
        110,
        135,
        442,
        236,
        146,
        228,
        114,
        389,
        143,
        39,
        156,
        142,
        395,
        252,
        107,
        355,
        286,
        291,
        377,
        115,
        265,
        370,
        227],
    [   263,
        288,
        339,
        275,
        157,
        235,
        207,
        257,
        404,
        34,
        110,
        337,
        96,
        154,
        155,
        36,
        513,
        318,
        446,
        270,
        83,
        323,
        96,
        230,
        199,
        225,
        110,
        0,
        112,
        491,
        244,
        183,
        325,
        224,
        401,
        249,
        110,
        152,
        116,
        355,
        335,
        123,
        372,
        334,
        271,
        349,
        71,
        196,
        410,
        285],
    [   195,
        227,
        229,
        226,
        122,
        151,
        161,
        267,
        291,
        104,
        161,
        278,
        72,
        64,
        168,
        106,
        407,
        237,
        350,
        177,
        29,
        219,
        190,
        235,
        189,
        142,
        135,
        112,
        0,
        385,
        132,
        89,
        271,
        224,
        289,
        268,
        165,
        254,
        6,
        261,
        260,
        213,
        260,
        231,
        164,
        247,
        40,
        135,
        302,
        191],
    [   425,
        279,
        163,
        477,
        370,
        268,
        337,
        449,
        164,
        470,
        475,
        476,
        446,
        337,
        432,
        491,
        22,
        217,
        92,
        353,
        414,
        168,
        537,
        430,
        396,
        384,
        442,
        491,
        385,
        0,
        263,
        308,
        289,
        417,
        168,
        469,
        481,
        598,
        384,
        349,
        225,
        550,
        162,
        157,
        294,
        309,
        423,
        425,
        85,
        215],
    [   193,
        205,
        100,
        243,
        183,
        119,
        187,
        323,
        160,
        232,
        268,
        269,
        184,
        109,
        250,
        236,
        283,
        179,
        247,
        132,
        161,
        110,
        313,
        293,
        243,
        139,
        236,
        244,
        132,
        263,
        0,
        94,
        249,
        279,
        158,
        334,
        274,
        378,
        129,
        189,
        207,
        334,
        128,
        123,
        77,
        159,
        172,
        171,
        178,
        118],
    [   246,
        144,
        165,
        288,
        88,
        61,
        99,
        232,
        245,
        161,
        180,
        329,
        162,
        29,
        156,
        188,
        330,
        148,
        264,
        203,
        113,
        140,
        233,
        200,
        150,
        188,
        146,
        183,
        89,
        308,
        94,
        0,
        190,
        187,
        243,
        240,
        185,
        297,
        91,
        275,
        171,
        250,
        208,
        151,
        162,
        249,
        120,
        200,
        230,
        103],
    [   433,
        45,
        243,
        477,
        168,
        134,
        118,
        167,
        330,
        292,
        252,
        514,
        342,
        208,
        195,
        346,
        308,
        86,
        201,
        380,
        286,
        186,
        320,
        158,
        144,
        375,
        228,
        325,
        271,
        289,
        249,
        190,
        0,
        149,
        330,
        190,
        257,
        369,
        275,
        437,
        66,
        323,
        294,
        184,
        326,
        402,
        287,
        390,
        252,
        138],
    [   417,
        140,
        323,
        450,
        104,
        173,
        93,
        45,
        412,
        190,
        123,
        501,
        279,
        183,
        69,
        255,
        439,
        200,
        339,
        386,
        223,
        275,
        187,
        14,
        36,
        362,
        114,
        224,
        224,
        417,
        279,
        187,
        149,
        0,
        410,
        56,
        126,
        225,
        230,
        462,
        198,
        182,
        373,
        279,
        349,
        436,
        218,
        359,
        361,
        216],
    [   268,
        298,
        88,
        319,
        328,
        237,
        317,
        452,
        3,
        390,
        423,
        311,
        332,
        264,
        397,
        390,
        179,
        244,
        211,
        197,
        318,
        144,
        471,
        425,
        378,
        238,
        389,
        401,
        289,
        168,
        158,
        243,
        330,
        410,
        0,
        466,
        428,
        536,
        285,
        182,
        268,
        491,
        37,
        145,
        149,
        142,
        329,
        283,
        105,
        199],
    [   463,
        190,
        379,
        493,
        154,
        229,
        149,
        23,
        468,
        216,
        138,
        547,
        317,
        235,
        101,
        283,
        490,
        252,
        388,
        436,
        263,
        330,
        190,
        41,
        90,
        409,
        143,
        249,
        268,
        469,
        334,
        240,
        190,
        56,
        466,
        0,
        140,
        213,
        275,
        514,
        246,
        178,
        429,
        334,
        402,
        490,
        256,
        403,
        415,
        272],
    [   352,
        230,
        351,
        374,
        111,
        212,
        151,
        152,
        430,
        81,
        5,
        432,
        191,
        164,
        62,
        146,
        503,
        278,
        418,
        342,
        148,
        317,
        63,
        128,
        113,
        305,
        39,
        110,
        165,
        481,
        274,
        185,
        257,
        126,
        428,
        140,
        0,
        118,
        171,
        426,
        286,
        69,
        394,
        326,
        325,
        411,
        137,
        288,
        409,
        266],
    [   414,
        346,
        463,
        422,
        229,
        330,
        268,
        233,
        538,
        149,
        124,
        486,
        249,
        272,
        175,
        183,
        621,
        396,
        536,
        422,
        228,
        433,
        64,
        221,
        224,
        378,
        156,
        152,
        254,
        598,
        378,
        297,
        369,
        225,
        536,
        213,
        118,
        0,
        259,
        508,
        403,
        48,
        503,
        442,
        418,
        499,
        216,
        349,
        525,
        383],
    [   188,
        231,
        227,
        219,
        129,
        153,
        166,
        274,
        288,
        109,
        168,
        271,
        70,
        67,
        175,
        108,
        405,
        240,
        350,
        170,
        33,
        218,
        195,
        242,
        195,
        135,
        142,
        116,
        6,
        384,
        129,
        91,
        275,
        230,
        285,
        275,
        171,
        259,
        0,
        255,
        263,
        219,
        257,
        230,
        159,
        241,
        44,
        128,
        301,
        192],
    [   120,
        394,
        220,
        159,
        359,
        309,
        374,
        507,
        185,
        360,
        422,
        133,
        262,
        279,
        421,
        329,
        362,
        360,
        380,
        85,
        282,
        268,
        447,
        475,
        425,
        131,
        395,
        355,
        261,
        349,
        189,
        275,
        437,
        462,
        182,
        514,
        426,
        508,
        255,
        0,
        388,
        472,
        192,
        277,
        113,
        40,
        294,
        171,
        278,
        301],
    [   399,
        58,
        183,
        447,
        182,
        109,
        136,
        224,
        267,
        304,
        281,
        477,
        333,
        196,
        228,
        350,
        245,
        28,
        141,
        340,
        280,
        126,
        349,
        209,
        183,
        342,
        252,
        335,
        260,
        225,
        207,
        171,
        66,
        198,
        268,
        246,
        286,
        403,
        263,
        388,
        0,
        355,
        232,
        122,
        282,
        351,
        284,
        365,
        186,
        89],
    [   385,
        299,
        416,
        398,
        180,
        281,
        220,
        196,
        493,
        111,
        75,
        460,
        218,
        226,
        128,
        158,
        572,
        347,
        487,
        386,
        190,
        385,
        26,
        180,
        178,
        344,
        107,
        123,
        213,
        550,
        334,
        250,
        323,
        182,
        491,
        178,
        69,
        48,
        219,
        472,
        355,
        0,
        457,
        394,
        378,
        461,
        178,
        319,
        477,
        335],
    [   263,
        261,
        51,
        314,
        292,
        200,
        280,
        414,
        38,
        359,
        388,
        315,
        308,
        231,
        361,
        363,
        178,
        208,
        189,
        191,
        289,
        107,
        438,
        388,
        342,
        225,
        355,
        372,
        260,
        162,
        128,
        208,
        294,
        373,
        37,
        429,
        394,
        503,
        257,
        192,
        232,
        457,
        0,
        110,
        135,
        151,
        301,
        269,
        86,
        162],
    [   312,
        154,
        61,
        364,
        216,
        114,
        190,
        316,
        145,
        312,
        320,
        381,
        296,
        179,
        281,
        336,
        179,
        98,
        124,
        244,
        259,
        12,
        380,
        293,
        251,
        261,
        286,
        334,
        231,
        157,
        123,
        151,
        184,
        279,
        145,
        334,
        326,
        442,
        230,
        277,
        122,
        394,
        110,
        0,
        182,
        238,
        267,
        294,
        84,
        63],
    [   132,
        283,
        137,
        184,
        248,
        196,
        261,
        394,
        152,
        268,
        321,
        198,
        190,
        169,
        312,
        253,
        312,
        254,
        300,
        62,
        190,
        171,
        354,
        363,
        313,
        90,
        291,
        271,
        164,
        294,
        77,
        162,
        326,
        349,
        149,
        402,
        325,
        418,
        159,
        113,
        282,
        378,
        135,
        182,
        0,
        87,
        202,
        134,
        211,
        193],
    [   140,
        361,
        180,
        185,
        336,
        278,
        346,
        481,
        145,
        350,
        407,
        169,
        259,
        256,
        400,
        326,
        322,
        324,
        339,
        84,
        271,
        229,
        437,
        450,
        400,
        134,
        377,
        349,
        247,
        309,
        159,
        249,
        402,
        436,
        142,
        490,
        411,
        499,
        241,
        40,
        351,
        461,
        151,
        238,
        87,
        0,
        283,
        178,
        237,
        265],
    [   215,
        245,
        269,
        238,
        125,
        178,
        171,
        258,
        332,
        66,
        135,
        295,
        61,
        91,
        155,
        68,
        445,
        264,
        384,
        208,
        12,
        256,
        153,
        227,
        185,
        168,
        115,
        71,
        40,
        423,
        172,
        120,
        287,
        218,
        329,
        256,
        137,
        216,
        44,
        294,
        284,
        178,
        301,
        267,
        202,
        283,
        0,
        150,
        341,
        223],
    [   66,
        345,
        263,
        91,
        257,
        258,
        291,
        403,
        286,
        210,
        285,
        145,
        100,
        186,
        302,
        165,
        444,
        338,
        418,
        94,
        141,
        282,
        293,
        371,
        324,
        46,
        265,
        196,
        135,
        425,
        171,
        200,
        390,
        359,
        283,
        403,
        288,
        349,
        128,
        171,
        365,
        319,
        269,
        294,
        134,
        178,
        150,
        0,
        341,
        281],
    [   343,
        230,
        78,
        395,
        299,
        198,
        273,
        397,
        103,
        391,
        403,
        400,
        362,
        257,
        365,
        408,
        105,
        169,
        105,
        271,
        332,
        92,
        462,
        375,
        335,
        300,
        370,
        410,
        302,
        85,
        178,
        230,
        252,
        361,
        105,
        415,
        409,
        525,
        301,
        278,
        186,
        477,
        86,
        84,
        211,
        237,
        341,
        341,
        0,
        146],
    [   311,
        100,
        110,
        360,
        155,
        53,
        127,
        255,
        200,
        260,
        260,
        388,
        262,
        132,
        218,
        292,
        237,
        60,
        160,
        251,
        217,
        58,
        322,
        230,
        188,
        255,
        227,
        285,
        191,
        215,
        118,
        103,
        138,
        216,
        199,
        272,
        266,
        383,
        192,
        301,
        89,
        335,
        162,
        63,
        193,
        265,
        223,
        281,
        146,
        0]]
;
task=[   38,
    109,
    53,
    13,
    125,
    571,
    307,
    114,
    90,
    40,
    49,
    18,
    381,
    373,
    133,
    173,
    57,
    128,
    181,
    220,
    329,
    251,
    56,
    71,
    13,
    52,
    254,
    32,
    301,
    65,
    287,
    0,
    150,
    339,
    45,
    238,
    120,
    19,
    104,
    78,
    273,
    141,
    95,
    223,
    268,
    76,
    40,
    97,
    245,
    307]
;
minW=[   115,
    124,
    23,
    111,
    80,
    32,
    58,
    39,
    155,
    103,
    36,
    273,
    33,
    22,
    13,
    185,
    141,
    43,
    128,
    23,
    101,
    102,
    59,
    135,
    136,
    111,
    59,
    64,
    85,
    115,
    88,
    0,
    140,
    138,
    9,
    130,
    122,
    121,
    28,
    190,
    160,
    170,
    18,
    53,
    1,
    230,
    47,
    11,
    190,
    30]
;
maxW=[   414,
    663,
    381,
    392,
    178,
    273,
    165,
    319,
    554,
    352,
    234,
    564,
    515,
    210,
    356,
    293,
    441,
    710,
    522,
    631,
    221,
    471,
    706,
    504,
    382,
    254,
    287,
    610,
    206,
    693,
    521,
    720,
    387,
    455,
    460,
    604,
    671,
    374,
    276,
    606,
    350,
    649,
    425,
    498,
    283,
    502,
    215,
    346,
    263,
    139]
;