// Generated by InstanceGenerator.py v0.1
// Juan Francisco Martinez Vera
// AMMM - MIRI, FIB UPC
//
// RAND_SEED=1484777718

bigM=100000;

nLocations=80;
startLocation=79;
distances=[   [   0,
        185,
        100,
        243,
        126,
        253,
        112,
        188,
        49,
        141,
        201,
        29,
        173,
        108,
        91,
        179,
        183,
        97,
        18,
        68,
        286,
        189,
        14,
        134,
        121,
        164,
        33,
        176,
        213,
        133,
        237,
        43,
        160,
        222,
        170,
        163,
        152,
        202,
        162,
        129,
        83,
        92,
        267,
        250,
        70,
        43,
        248,
        85,
        169,
        151,
        156,
        113,
        170,
        252,
        189,
        197,
        230,
        62,
        212,
        199,
        181,
        221,
        224,
        150,
        71,
        147,
        214,
        52,
        57,
        211,
        243,
        24,
        263,
        150,
        94,
        47,
        119,
        96,
        92,
        182],
    [   185,
        0,
        206,
        137,
        63,
        94,
        83,
        76,
        188,
        46,
        130,
        172,
        193,
        100,
        96,
        104,
        53,
        162,
        195,
        172,
        131,
        80,
        176,
        55,
        144,
        129,
        209,
        51,
        157,
        58,
        89,
        167,
        91,
        197,
        145,
        165,
        44,
        107,
        39,
        143,
        113,
        96,
        148,
        80,
        191,
        148,
        71,
        100,
        40,
        81,
        81,
        140,
        69,
        95,
        87,
        73,
        156,
        147,
        228,
        184,
        196,
        58,
        82,
        109,
        114,
        95,
        28,
        155,
        171,
        37,
        102,
        162,
        119,
        35,
        101,
        200,
        86,
        94,
        166,
        218],
    [   100,
        206,
        0,
        200,
        168,
        238,
        125,
        242,
        50,
        176,
        154,
        75,
        88,
        106,
        121,
        144,
        177,
        45,
        85,
        42,
        262,
        245,
        112,
        152,
        71,
        116,
        80,
        172,
        152,
        176,
        219,
        65,
        224,
        144,
        112,
        93,
        162,
        167,
        202,
        76,
        151,
        119,
        224,
        242,
        30,
        86,
        248,
        128,
        173,
        211,
        216,
        70,
        224,
        235,
        248,
        249,
        174,
        149,
        120,
        123,
        95,
        259,
        206,
        117,
        119,
        214,
        233,
        142,
        50,
        241,
        218,
        110,
        236,
        179,
        108,
        56,
        178,
        150,
        40,
        88],
    [   243,
        137,
        200,
        0,
        172,
        72,
        141,
        213,
        216,
        161,
        46,
        217,
        131,
        137,
        165,
        64,
        87,
        162,
        243,
        191,
        73,
        217,
        242,
        136,
        132,
        85,
        250,
        92,
        56,
        173,
        58,
        205,
        224,
        95,
        88,
        111,
        121,
        42,
        171,
        125,
        210,
        162,
        24,
        89,
        205,
        200,
        107,
        178,
        106,
        211,
        213,
        137,
        204,
        68,
        224,
        210,
        37,
        239,
        142,
        99,
        128,
        186,
        57,
        93,
        188,
        224,
        138,
        242,
        197,
        164,
        45,
        229,
        49,
        149,
        153,
        230,
        201,
        190,
        169,
        152],
    [   126,
        63,
        168,
        172,
        0,
        149,
        50,
        74,
        138,
        16,
        148,
        118,
        183,
        70,
        47,
        118,
        87,
        129,
        138,
        129,
        186,
        77,
        115,
        37,
        122,
        129,
        153,
        80,
        172,
        7,
        139,
        116,
        63,
        204,
        144,
        157,
        50,
        133,
        36,
        125,
        50,
        49,
        189,
        139,
        147,
        94,
        132,
        43,
        67,
        48,
        52,
        115,
        56,
        149,
        80,
        80,
        179,
        84,
        223,
        186,
        188,
        96,
        128,
        107,
        56,
        57,
        90,
        93,
        124,
        84,
        150,
        102,
        169,
        29,
        61,
        149,
        28,
        31,
        130,
        204],
    [   253,
        94,
        238,
        72,
        149,
        0,
        141,
        165,
        239,
        134,
        99,
        233,
        188,
        147,
        163,
        95,
        70,
        194,
        258,
        217,
        37,
        170,
        248,
        122,
        167,
        126,
        269,
        77,
        121,
        147,
        19,
        223,
        185,
        164,
        138,
        162,
        104,
        76,
        133,
        162,
        197,
        161,
        69,
        19,
        234,
        211,
        37,
        173,
        86,
        175,
        175,
        168,
        163,
        3,
        177,
        159,
        107,
        231,
        208,
        162,
        187,
        128,
        32,
        121,
        186,
        190,
        82,
        237,
        220,
        109,
        27,
        234,
        30,
        121,
        159,
        253,
        177,
        177,
        201,
        212],
    [   112,
        83,
        125,
        141,
        50,
        141,
        0,
        123,
        106,
        53,
        108,
        93,
        132,
        20,
        23,
        80,
        71,
        81,
        118,
        89,
        175,
        126,
        107,
        27,
        72,
        82,
        130,
        63,
        129,
        57,
        125,
        86,
        113,
        157,
        96,
        107,
        41,
        99,
        79,
        74,
        69,
        20,
        163,
        137,
        108,
        70,
        137,
        37,
        57,
        98,
        103,
        65,
        106,
        139,
        130,
        127,
        140,
        97,
        172,
        137,
        137,
        134,
        113,
        60,
        47,
        107,
        110,
        100,
        88,
        116,
        132,
        93,
        152,
        54,
        19,
        118,
        73,
        52,
        85,
        154],
    [   188,
        76,
        242,
        213,
        74,
        165,
        123,
        0,
        209,
        70,
        202,
        187,
        253,
        143,
        121,
        175,
        127,
        203,
        203,
        202,
        201,
        4,
        175,
        101,
        195,
        193,
        219,
        124,
        229,
        66,
        164,
        188,
        33,
        266,
        210,
        226,
        103,
        181,
        47,
        197,
        105,
        123,
        224,
        149,
        220,
        164,
        134,
        115,
        110,
        37,
        32,
        188,
        18,
        167,
        12,
        10,
        231,
        132,
        291,
        251,
        257,
        50,
        158,
        172,
        126,
        46,
        83,
        142,
        197,
        59,
        178,
        163,
        193,
        74,
        135,
        219,
        69,
        96,
        205,
        276],
    [   49,
        188,
        50,
        216,
        138,
        239,
        106,
        209,
        0,
        150,
        171,
        26,
        127,
        93,
        93,
        153,
        171,
        56,
        35,
        25,
        268,
        211,
        61,
        133,
        84,
        132,
        36,
        165,
        177,
        146,
        221,
        21,
        187,
        180,
        134,
        122,
        147,
        177,
        175,
        92,
        109,
        92,
        240,
        239,
        20,
        45,
        242,
        94,
        162,
        175,
        180,
        79,
        191,
        237,
        213,
        217,
        197,
        101,
        165,
        157,
        135,
        234,
        208,
        124,
        83,
        175,
        216,
        93,
        19,
        219,
        224,
        61,
        243,
        155,
        87,
        14,
        141,
        113,
        49,
        134],
    [   141,
        46,
        176,
        161,
        16,
        134,
        53,
        70,
        150,
        0,
        140,
        131,
        183,
        74,
        57,
        111,
        74,
        135,
        152,
        138,
        172,
        73,
        131,
        32,
        125,
        126,
        167,
        68,
        166,
        12,
        125,
        128,
        66,
        200,
        142,
        156,
        40,
        123,
        25,
        127,
        66,
        58,
        177,
        124,
        157,
        107,
        116,
        56,
        54,
        51,
        55,
        119,
        53,
        134,
        78,
        73,
        171,
        101,
        222,
        183,
        188,
        84,
        115,
        103,
        70,
        64,
        74,
        109,
        135,
        70,
        136,
        117,
        155,
        13,
        68,
        161,
        42,
        47,
        137,
        206],
    [   201,
        130,
        154,
        46,
        148,
        99,
        108,
        202,
        171,
        140,
        0,
        174,
        90,
        99,
        130,
        29,
        76,
        116,
        199,
        146,
        113,
        206,
        202,
        110,
        87,
        39,
        206,
        78,
        27,
        150,
        80,
        161,
        207,
        70,
        42,
        66,
        100,
        25,
        156,
        79,
        178,
        127,
        70,
        111,
        160,
        159,
        125,
        144,
        91,
        192,
        195,
        92,
        190,
        95,
        213,
        201,
        31,
        204,
        110,
        63,
        88,
        186,
        71,
        51,
        152,
        204,
        141,
        206,
        153,
        163,
        73,
        190,
        86,
        130,
        116,
        185,
        176,
        160,
        123,
        113],
    [   29,
        172,
        75,
        217,
        118,
        233,
        93,
        187,
        26,
        131,
        174,
        0,
        144,
        85,
        76,
        153,
        163,
        68,
        25,
        39,
        264,
        188,
        37,
        118,
        92,
        136,
        37,
        156,
        184,
        126,
        215,
        14,
        163,
        193,
        141,
        134,
        135,
        177,
        155,
        100,
        84,
        76,
        241,
        230,
        45,
        24,
        231,
        74,
        151,
        151,
        156,
        85,
        168,
        230,
        189,
        195,
        203,
        74,
        183,
        170,
        152,
        214,
        202,
        124,
        61,
        150,
        201,
        67,
        28,
        201,
        220,
        34,
        240,
        138,
        74,
        32,
        118,
        91,
        63,
        154],
    [   173,
        193,
        88,
        131,
        183,
        188,
        132,
        253,
        127,
        183,
        90,
        144,
        0,
        112,
        144,
        97,
        147,
        76,
        162,
        104,
        202,
        256,
        180,
        151,
        62,
        66,
        162,
        145,
        76,
        189,
        169,
        129,
        246,
        56,
        51,
        28,
        152,
        112,
        206,
        58,
        189,
        140,
        153,
        198,
        108,
        141,
        210,
        157,
        153,
        231,
        235,
        71,
        237,
        184,
        261,
        255,
        97,
        202,
        41,
        37,
        8,
        252,
        158,
        84,
        156,
        239,
        213,
        199,
        115,
        230,
        163,
        172,
        176,
        179,
        126,
        137,
        204,
        179,
        80,
        24],
    [   108,
        100,
        106,
        137,
        70,
        147,
        20,
        143,
        93,
        74,
        99,
        85,
        112,
        0,
        33,
        73,
        78,
        62,
        111,
        74,
        179,
        146,
        105,
        46,
        51,
        68,
        121,
        71,
        117,
        77,
        130,
        75,
        133,
        141,
        81,
        89,
        56,
        95,
        99,
        54,
        82,
        29,
        160,
        146,
        92,
        64,
        148,
        47,
        69,
        118,
        123,
        45,
        126,
        145,
        151,
        147,
        130,
        105,
        153,
        120,
        118,
        153,
        117,
        48,
        53,
        126,
        126,
        106,
        74,
        135,
        135,
        92,
        155,
        73,
        17,
        107,
        91,
        68,
        66,
        134],
    [   91,
        96,
        121,
        165,
        47,
        163,
        23,
        121,
        93,
        57,
        130,
        76,
        144,
        33,
        0,
        103,
        93,
        82,
        99,
        81,
        198,
        124,
        84,
        43,
        81,
        101,
        113,
        86,
        150,
        55,
        148,
        71,
        106,
        175,
        114,
        121,
        60,
        123,
        82,
        86,
        48,
        3,
        186,
        159,
        99,
        52,
        157,
        14,
        78,
        91,
        96,
        73,
        103,
        162,
        127,
        127,
        162,
        73,
        185,
        154,
        150,
        141,
        136,
        81,
        23,
        97,
        124,
        77,
        77,
        126,
        156,
        70,
        176,
        63,
        17,
        104,
        61,
        35,
        84,
        164],
    [   179,
        104,
        144,
        64,
        118,
        95,
        80,
        175,
        153,
        111,
        29,
        153,
        97,
        73,
        103,
        0,
        52,
        102,
        178,
        129,
        118,
        179,
        178,
        81,
        73,
        31,
        187,
        52,
        54,
        121,
        75,
        141,
        178,
        92,
        45,
        69,
        72,
        24,
        128,
        67,
        149,
        99,
        88,
        103,
        145,
        135,
        113,
        116,
        64,
        163,
        166,
        76,
        162,
        92,
        185,
        174,
        61,
        176,
        125,
        80,
        97,
        162,
        63,
        29,
        125,
        175,
        119,
        179,
        134,
        140,
        74,
        165,
        91,
        102,
        89,
        167,
        146,
        131,
        109,
        121],
    [   183,
        53,
        177,
        87,
        87,
        70,
        71,
        127,
        171,
        74,
        76,
        163,
        147,
        78,
        93,
        52,
        0,
        132,
        188,
        151,
        104,
        132,
        178,
        54,
        108,
        80,
        200,
        7,
        104,
        86,
        55,
        154,
        137,
        144,
        96,
        118,
        37,
        53,
        84,
        105,
        130,
        91,
        103,
        67,
        169,
        141,
        71,
        104,
        19,
        123,
        125,
        106,
        118,
        68,
        139,
        126,
        103,
        163,
        178,
        133,
        148,
        110,
        43,
        65,
        116,
        137,
        67,
        168,
        152,
        87,
        64,
        164,
        84,
        62,
        89,
        185,
        115,
        110,
        137,
        171],
    [   97,
        162,
        45,
        162,
        129,
        194,
        81,
        203,
        56,
        135,
        116,
        68,
        76,
        62,
        82,
        102,
        132,
        0,
        89,
        31,
        220,
        206,
        103,
        108,
        29,
        77,
        92,
        126,
        121,
        136,
        175,
        54,
        188,
        125,
        78,
        66,
        118,
        126,
        160,
        37,
        121,
        80,
        186,
        198,
        43,
        65,
        203,
        92,
        128,
        174,
        179,
        26,
        185,
        191,
        209,
        208,
        141,
        128,
        116,
        102,
        84,
        215,
        162,
        74,
        87,
        179,
        188,
        124,
        40,
        197,
        176,
        96,
        194,
        136,
        67,
        69,
        143,
        115,
        7,
        89],
    [   18,
        195,
        85,
        243,
        138,
        258,
        118,
        203,
        35,
        152,
        199,
        25,
        162,
        111,
        99,
        178,
        188,
        89,
        0,
        58,
        290,
        204,
        33,
        142,
        115,
        160,
        15,
        181,
        208,
        146,
        241,
        37,
        177,
        214,
        165,
        155,
        159,
        202,
        175,
        123,
        99,
        100,
        266,
        256,
        55,
        47,
        256,
        96,
        176,
        167,
        172,
        108,
        185,
        256,
        205,
        212,
        227,
        80,
        200,
        191,
        170,
        235,
        228,
        149,
        82,
        164,
        224,
        70,
        48,
        223,
        245,
        41,
        265,
        161,
        99,
        29,
        134,
        109,
        83,
        170],
    [   68,
        172,
        42,
        191,
        129,
        217,
        89,
        202,
        25,
        138,
        146,
        39,
        104,
        74,
        81,
        129,
        151,
        31,
        58,
        0,
        245,
        204,
        76,
        117,
        59,
        106,
        61,
        144,
        152,
        136,
        198,
        26,
        183,
        156,
        108,
        97,
        130,
        153,
        164,
        67,
        109,
        80,
        215,
        218,
        18,
        45,
        222,
        87,
        143,
        170,
        175,
        54,
        184,
        214,
        207,
        209,
        171,
        108,
        144,
        133,
        112,
        222,
        185,
        99,
        78,
        172,
        200,
        102,
        10,
        206,
        201,
        71,
        220,
        142,
        71,
        38,
        137,
        108,
        24,
        114],
    [   286,
        131,
        262,
        73,
        186,
        37,
        175,
        201,
        268,
        172,
        113,
        264,
        202,
        179,
        198,
        118,
        104,
        220,
        290,
        245,
        0,
        205,
        282,
        158,
        191,
        147,
        300,
        112,
        129,
        184,
        49,
        253,
        222,
        168,
        155,
        179,
        140,
        95,
        170,
        185,
        234,
        196,
        58,
        52,
        262,
        243,
        68,
        209,
        122,
        212,
        213,
        194,
        199,
        37,
        213,
        195,
        110,
        267,
        216,
        171,
        200,
        161,
        62,
        146,
        221,
        227,
        118,
        272,
        249,
        143,
        44,
        268,
        26,
        158,
        192,
        283,
        214,
        213,
        227,
        224],
    [   189,
        80,
        245,
        217,
        77,
        170,
        126,
        4,
        211,
        73,
        206,
        188,
        256,
        146,
        124,
        179,
        132,
        206,
        204,
        204,
        205,
        0,
        175,
        104,
        198,
        197,
        220,
        128,
        233,
        69,
        168,
        189,
        32,
        270,
        213,
        229,
        107,
        185,
        50,
        200,
        105,
        126,
        228,
        153,
        222,
        166,
        138,
        117,
        115,
        38,
        33,
        191,
        20,
        171,
        7,
        13,
        235,
        132,
        295,
        254,
        261,
        53,
        162,
        175,
        128,
        45,
        87,
        143,
        199,
        63,
        182,
        164,
        197,
        78,
        138,
        220,
        70,
        97,
        208,
        279],
    [   14,
        176,
        112,
        242,
        115,
        248,
        107,
        175,
        61,
        131,
        202,
        37,
        180,
        105,
        84,
        178,
        178,
        103,
        33,
        76,
        282,
        175,
        0,
        127,
        125,
        165,
        48,
        170,
        215,
        122,
        232,
        50,
        147,
        227,
        173,
        168,
        145,
        201,
        151,
        132,
        70,
        86,
        265,
        243,
        81,
        42,
        241,
        76,
        163,
        137,
        142,
        117,
        157,
        246,
        175,
        184,
        231,
        47,
        220,
        204,
        187,
        210,
        220,
        150,
        63,
        133,
        204,
        37,
        65,
        200,
        239,
        14,
        259,
        141,
        90,
        60,
        106,
        84,
        99,
        191],
    [   134,
        55,
        152,
        136,
        37,
        122,
        27,
        101,
        133,
        32,
        110,
        118,
        151,
        46,
        43,
        81,
        54,
        108,
        142,
        117,
        158,
        104,
        127,
        0,
        95,
        94,
        156,
        47,
        135,
        40,
        109,
        112,
        98,
        168,
        109,
        124,
        18,
        96,
        55,
        96,
        76,
        42,
        155,
        116,
        136,
        95,
        113,
        51,
        36,
        83,
        86,
        89,
        85,
        121,
        110,
        104,
        142,
        108,
        190,
        151,
        156,
        107,
        97,
        71,
        64,
        94,
        83,
        114,
        115,
        89,
        118,
        113,
        138,
        28,
        46,
        145,
        65,
        55,
        112,
        174],
    [   121,
        144,
        71,
        132,
        122,
        167,
        72,
        195,
        84,
        125,
        87,
        92,
        62,
        51,
        81,
        73,
        108,
        29,
        115,
        59,
        191,
        198,
        125,
        95,
        0,
        47,
        120,
        103,
        93,
        129,
        147,
        78,
        185,
        102,
        49,
        44,
        100,
        97,
        149,
        8,
        127,
        78,
        157,
        171,
        72,
        83,
        178,
        94,
        107,
        170,
        174,
        8,
        178,
        164,
        202,
        199,
        112,
        141,
        104,
        79,
        69,
        201,
        135,
        45,
        93,
        177,
        168,
        139,
        67,
        181,
        147,
        115,
        165,
        123,
        63,
        98,
        142,
        116,
        36,
        82],
    [   164,
        129,
        116,
        85,
        129,
        126,
        82,
        193,
        132,
        126,
        39,
        136,
        66,
        68,
        101,
        31,
        80,
        77,
        160,
        106,
        147,
        197,
        165,
        94,
        47,
        0,
        167,
        79,
        49,
        134,
        107,
        123,
        192,
        75,
        16,
        38,
        90,
        51,
        146,
        40,
        150,
        98,
        109,
        134,
        120,
        122,
        145,
        116,
        88,
        177,
        180,
        52,
        179,
        123,
        203,
        195,
        66,
        172,
        99,
        57,
        68,
        187,
        95,
        22,
        121,
        187,
        147,
        173,
        113,
        165,
        104,
        154,
        120,
        119,
        85,
        145,
        155,
        135,
        84,
        91],
    [   33,
        209,
        80,
        250,
        153,
        269,
        130,
        219,
        36,
        167,
        206,
        37,
        162,
        121,
        113,
        187,
        200,
        92,
        15,
        61,
        300,
        220,
        48,
        156,
        120,
        167,
        0,
        193,
        213,
        161,
        252,
        46,
        193,
        216,
        170,
        158,
        172,
        211,
        190,
        128,
        115,
        113,
        274,
        268,
        53,
        61,
        268,
        110,
        188,
        182,
        188,
        114,
        201,
        267,
        221,
        228,
        232,
        95,
        198,
        193,
        170,
        250,
        238,
        157,
        97,
        180,
        238,
        85,
        53,
        238,
        256,
        56,
        275,
        175,
        112,
        24,
        150,
        125,
        85,
        167],
    [   176,
        51,
        172,
        92,
        80,
        77,
        63,
        124,
        165,
        68,
        78,
        156,
        145,
        71,
        86,
        52,
        7,
        126,
        181,
        144,
        112,
        128,
        170,
        47,
        103,
        79,
        193,
        0,
        106,
        80,
        62,
        147,
        132,
        145,
        95,
        116,
        30,
        57,
        79,
        100,
        123,
        84,
        109,
        74,
        163,
        134,
        77,
        96,
        13,
        118,
        120,
        101,
        113,
        76,
        135,
        123,
        106,
        155,
        177,
        133,
        147,
        109,
        50,
        62,
        109,
        131,
        68,
        160,
        146,
        87,
        71,
        156,
        91,
        56,
        81,
        178,
        109,
        102,
        132,
        169],
    [   213,
        157,
        152,
        56,
        172,
        121,
        129,
        229,
        177,
        166,
        27,
        184,
        76,
        117,
        150,
        54,
        104,
        121,
        208,
        152,
        129,
        233,
        215,
        135,
        93,
        49,
        213,
        106,
        0,
        176,
        103,
        171,
        232,
        43,
        43,
        59,
        127,
        52,
        183,
        85,
        199,
        146,
        77,
        135,
        163,
        172,
        150,
        164,
        118,
        218,
        221,
        99,
        217,
        117,
        240,
        229,
        22,
        222,
        87,
        42,
        72,
        213,
        96,
        69,
        170,
        229,
        168,
        223,
        160,
        191,
        94,
        204,
        104,
        157,
        134,
        190,
        199,
        182,
        128,
        96],
    [   133,
        58,
        176,
        173,
        7,
        147,
        57,
        66,
        146,
        12,
        150,
        126,
        189,
        77,
        55,
        121,
        86,
        136,
        146,
        136,
        184,
        69,
        122,
        40,
        129,
        134,
        161,
        80,
        176,
        0,
        137,
        124,
        57,
        209,
        149,
        163,
        51,
        134,
        29,
        131,
        56,
        57,
        190,
        136,
        154,
        102,
        128,
        51,
        66,
        42,
        46,
        122,
        49,
        147,
        73,
        72,
        182,
        90,
        228,
        191,
        194,
        88,
        127,
        111,
        64,
        53,
        84,
        98,
        132,
        77,
        149,
        109,
        168,
        26,
        68,
        157,
        29,
        38,
        138,
        211],
    [   237,
        89,
        219,
        58,
        139,
        19,
        125,
        164,
        221,
        125,
        80,
        215,
        169,
        130,
        148,
        75,
        55,
        175,
        241,
        198,
        49,
        168,
        232,
        109,
        147,
        107,
        252,
        62,
        103,
        137,
        0,
        205,
        181,
        147,
        118,
        143,
        91,
        56,
        127,
        142,
        185,
        146,
        62,
        32,
        216,
        194,
        48,
        159,
        73,
        169,
        170,
        149,
        159,
        16,
        176,
        159,
        91,
        218,
        190,
        143,
        168,
        131,
        13,
        101,
        171,
        183,
        83,
        223,
        202,
        110,
        14,
        219,
        30,
        111,
        142,
        235,
        167,
        164,
        182,
        192],
    [   43,
        167,
        65,
        205,
        116,
        223,
        86,
        188,
        21,
        128,
        161,
        14,
        129,
        75,
        71,
        141,
        154,
        54,
        37,
        26,
        253,
        189,
        50,
        112,
        78,
        123,
        46,
        147,
        171,
        124,
        205,
        0,
        165,
        178,
        127,
        120,
        128,
        165,
        153,
        86,
        88,
        71,
        229,
        222,
        35,
        23,
        223,
        72,
        143,
        153,
        158,
        71,
        169,
        221,
        191,
        195,
        189,
        83,
        169,
        155,
        137,
        212,
        192,
        112,
        61,
        153,
        195,
        77,
        15,
        198,
        209,
        45,
        229,
        134,
        67,
        33,
        120,
        92,
        48,
        140],
    [   160,
        91,
        224,
        224,
        63,
        185,
        113,
        33,
        187,
        66,
        207,
        163,
        246,
        133,
        106,
        178,
        137,
        188,
        177,
        183,
        222,
        32,
        147,
        98,
        185,
        192,
        193,
        132,
        232,
        57,
        181,
        165,
        0,
        266,
        207,
        220,
        106,
        188,
        53,
        188,
        78,
        108,
        238,
        170,
        199,
        142,
        158,
        97,
        118,
        15,
        11,
        178,
        23,
        186,
        29,
        44,
        237,
        102,
        286,
        249,
        251,
        81,
        173,
        169,
        105,
        13,
        107,
        112,
        176,
        86,
        194,
        136,
        211,
        76,
        122,
        195,
        46,
        74,
        189,
        267],
    [   222,
        197,
        144,
        95,
        204,
        164,
        157,
        266,
        180,
        200,
        70,
        193,
        56,
        141,
        175,
        92,
        144,
        125,
        214,
        156,
        168,
        270,
        227,
        168,
        102,
        75,
        216,
        145,
        43,
        209,
        147,
        178,
        266,
        0,
        60,
        58,
        163,
        95,
        220,
        95,
        223,
        171,
        113,
        179,
        162,
        185,
        194,
        189,
        157,
        251,
        255,
        110,
        253,
        160,
        277,
        267,
        58,
        242,
        48,
        23,
        49,
        255,
        140,
        97,
        192,
        262,
        210,
        241,
        165,
        232,
        137,
        218,
        144,
        192,
        158,
        191,
        230,
        209,
        131,
        67],
    [   170,
        145,
        112,
        88,
        144,
        138,
        96,
        210,
        134,
        142,
        42,
        141,
        51,
        81,
        114,
        45,
        96,
        78,
        165,
        108,
        155,
        213,
        173,
        109,
        49,
        16,
        170,
        95,
        43,
        149,
        118,
        127,
        207,
        60,
        0,
        24,
        106,
        61,
        163,
        41,
        163,
        111,
        112,
        147,
        120,
        130,
        158,
        129,
        104,
        192,
        196,
        56,
        195,
        134,
        219,
        211,
        63,
        183,
        82,
        41,
        52,
        203,
        107,
        38,
        133,
        202,
        163,
        183,
        117,
        182,
        113,
        162,
        128,
        135,
        97,
        147,
        169,
        148,
        85,
        76],
    [   163,
        165,
        93,
        111,
        157,
        162,
        107,
        226,
        122,
        156,
        66,
        134,
        28,
        89,
        121,
        69,
        118,
        66,
        155,
        97,
        179,
        229,
        168,
        124,
        44,
        38,
        158,
        116,
        59,
        163,
        143,
        120,
        220,
        58,
        24,
        0,
        124,
        86,
        179,
        37,
        169,
        118,
        134,
        172,
        106,
        127,
        183,
        135,
        125,
        205,
        209,
        52,
        210,
        159,
        235,
        228,
        81,
        185,
        65,
        35,
        31,
        223,
        132,
        55,
        136,
        214,
        185,
        183,
        107,
        202,
        138,
        159,
        153,
        151,
        104,
        134,
        180,
        156,
        73,
        53],
    [   152,
        44,
        162,
        121,
        50,
        104,
        41,
        103,
        147,
        40,
        100,
        135,
        152,
        56,
        60,
        72,
        37,
        118,
        159,
        130,
        140,
        107,
        145,
        18,
        100,
        90,
        172,
        30,
        127,
        51,
        91,
        128,
        106,
        163,
        106,
        124,
        0,
        83,
        56,
        100,
        93,
        59,
        139,
        98,
        149,
        111,
        96,
        69,
        18,
        91,
        94,
        96,
        90,
        103,
        113,
        104,
        131,
        126,
        188,
        147,
        156,
        100,
        80,
        69,
        82,
        104,
        70,
        132,
        129,
        80,
        101,
        131,
        121,
        29,
        60,
        160,
        79,
        73,
        122,
        176],
    [   202,
        107,
        167,
        42,
        133,
        76,
        99,
        181,
        177,
        123,
        25,
        177,
        112,
        95,
        123,
        24,
        53,
        126,
        202,
        153,
        95,
        185,
        201,
        96,
        97,
        51,
        211,
        57,
        52,
        134,
        56,
        165,
        188,
        95,
        61,
        86,
        83,
        0,
        136,
        90,
        168,
        120,
        64,
        87,
        168,
        159,
        100,
        136,
        71,
        174,
        177,
        100,
        171,
        72,
        192,
        180,
        49,
        197,
        135,
        88,
        111,
        162,
        46,
        53,
        146,
        187,
        116,
        200,
        158,
        140,
        52,
        188,
        68,
        112,
        111,
        191,
        161,
        149,
        133,
        135],
    [   162,
        39,
        202,
        171,
        36,
        133,
        79,
        47,
        175,
        25,
        156,
        155,
        206,
        99,
        82,
        128,
        84,
        160,
        175,
        164,
        170,
        50,
        151,
        55,
        149,
        146,
        190,
        79,
        183,
        29,
        127,
        153,
        53,
        220,
        163,
        179,
        56,
        136,
        0,
        151,
        83,
        83,
        185,
        119,
        182,
        131,
        109,
        80,
        65,
        41,
        42,
        144,
        34,
        134,
        57,
        49,
        185,
        116,
        244,
        204,
        210,
        59,
        119,
        125,
        93,
        56,
        60,
        125,
        160,
        49,
        140,
        138,
        157,
        27,
        93,
        186,
        50,
        67,
        163,
        229],
    [   129,
        143,
        76,
        125,
        125,
        162,
        74,
        197,
        92,
        127,
        79,
        100,
        58,
        54,
        86,
        67,
        105,
        37,
        123,
        67,
        185,
        200,
        132,
        96,
        8,
        40,
        128,
        100,
        85,
        131,
        142,
        86,
        188,
        95,
        41,
        37,
        100,
        90,
        151,
        0,
        132,
        82,
        149,
        167,
        80,
        90,
        175,
        99,
        105,
        173,
        177,
        15,
        180,
        159,
        205,
        200,
        104,
        148,
        99,
        72,
        64,
        201,
        130,
        41,
        99,
        181,
        167,
        146,
        75,
        180,
        141,
        123,
        159,
        124,
        68,
        106,
        146,
        121,
        44,
        79],
    [   83,
        113,
        151,
        210,
        50,
        197,
        69,
        105,
        109,
        66,
        178,
        84,
        189,
        82,
        48,
        149,
        130,
        121,
        99,
        109,
        234,
        105,
        70,
        76,
        127,
        150,
        115,
        123,
        199,
        56,
        185,
        88,
        78,
        223,
        163,
        169,
        93,
        168,
        83,
        132,
        0,
        52,
        230,
        189,
        123,
        65,
        183,
        34,
        112,
        67,
        73,
        118,
        86,
        196,
        105,
        114,
        210,
        34,
        231,
        202,
        196,
        140,
        173,
        129,
        33,
        65,
        140,
        42,
        101,
        132,
        194,
        58,
        214,
        79,
        65,
        117,
        35,
        20,
        120,
        208],
    [   92,
        96,
        119,
        162,
        49,
        161,
        20,
        123,
        92,
        58,
        127,
        76,
        140,
        29,
        3,
        99,
        91,
        80,
        100,
        80,
        196,
        126,
        86,
        42,
        78,
        98,
        113,
        84,
        146,
        57,
        146,
        71,
        108,
        171,
        111,
        118,
        59,
        120,
        83,
        82,
        52,
        0,
        183,
        157,
        98,
        52,
        156,
        17,
        76,
        94,
        99,
        70,
        105,
        160,
        129,
        129,
        159,
        77,
        182,
        150,
        146,
        142,
        133,
        77,
        26,
        100,
        124,
        80,
        76,
        127,
        153,
        72,
        173,
        63,
        14,
        104,
        64,
        38,
        81,
        160],
    [   267,
        148,
        224,
        24,
        189,
        69,
        163,
        224,
        240,
        177,
        70,
        241,
        153,
        160,
        186,
        88,
        103,
        186,
        266,
        215,
        58,
        228,
        265,
        155,
        157,
        109,
        274,
        109,
        77,
        190,
        62,
        229,
        238,
        113,
        112,
        134,
        139,
        64,
        185,
        149,
        230,
        183,
        0,
        88,
        230,
        223,
        107,
        199,
        123,
        226,
        227,
        161,
        218,
        66,
        236,
        220,
        56,
        260,
        161,
        119,
        149,
        193,
        66,
        117,
        209,
        240,
        146,
        263,
        221,
        172,
        47,
        252,
        40,
        165,
        175,
        254,
        218,
        210,
        193,
        173],
    [   250,
        80,
        242,
        89,
        139,
        19,
        137,
        149,
        239,
        124,
        111,
        230,
        198,
        146,
        159,
        103,
        67,
        198,
        256,
        218,
        52,
        153,
        243,
        116,
        171,
        134,
        268,
        74,
        135,
        136,
        32,
        222,
        170,
        179,
        147,
        172,
        98,
        87,
        119,
        167,
        189,
        157,
        88,
        0,
        236,
        208,
        18,
        167,
        80,
        161,
        161,
        171,
        147,
        22,
        161,
        142,
        123,
        222,
        221,
        175,
        198,
        109,
        40,
        126,
        181,
        176,
        65,
        229,
        220,
        91,
        44,
        229,
        49,
        110,
        156,
        253,
        165,
        168,
        204,
        222],
    [   70,
        191,
        30,
        205,
        147,
        234,
        108,
        220,
        20,
        157,
        160,
        45,
        108,
        92,
        99,
        145,
        169,
        43,
        55,
        18,
        262,
        222,
        81,
        136,
        72,
        120,
        53,
        163,
        163,
        154,
        216,
        35,
        199,
        162,
        120,
        106,
        149,
        168,
        182,
        80,
        123,
        98,
        230,
        236,
        0,
        58,
        240,
        104,
        162,
        186,
        191,
        68,
        201,
        232,
        224,
        226,
        184,
        119,
        145,
        140,
        116,
        240,
        203,
        115,
        94,
        188,
        219,
        112,
        23,
        224,
        217,
        79,
        236,
        161,
        90,
        29,
        153,
        125,
        36,
        114],
    [   43,
        148,
        86,
        200,
        94,
        211,
        70,
        164,
        45,
        107,
        159,
        24,
        141,
        64,
        52,
        135,
        141,
        65,
        47,
        45,
        243,
        166,
        42,
        95,
        83,
        122,
        61,
        134,
        172,
        102,
        194,
        23,
        142,
        185,
        130,
        127,
        111,
        159,
        131,
        90,
        65,
        52,
        223,
        208,
        58,
        0,
        208,
        50,
        128,
        129,
        135,
        74,
        146,
        209,
        167,
        172,
        189,
        64,
        182,
        162,
        148,
        191,
        181,
        108,
        38,
        130,
        177,
        59,
        36,
        177,
        199,
        32,
        220,
        114,
        52,
        54,
        96,
        68,
        62,
        154],
    [   248,
        71,
        248,
        107,
        132,
        37,
        137,
        134,
        242,
        116,
        125,
        231,
        210,
        148,
        157,
        113,
        71,
        203,
        256,
        222,
        68,
        138,
        241,
        113,
        178,
        145,
        268,
        77,
        150,
        128,
        48,
        223,
        158,
        194,
        158,
        183,
        96,
        100,
        109,
        175,
        183,
        156,
        107,
        18,
        240,
        208,
        0,
        164,
        79,
        149,
        149,
        178,
        134,
        40,
        146,
        127,
        140,
        217,
        235,
        189,
        210,
        92,
        54,
        134,
        178,
        164,
        51,
        224,
        223,
        75,
        61,
        227,
        67,
        104,
        156,
        255,
        157,
        163,
        209,
        234],
    [   85,
        100,
        128,
        178,
        43,
        173,
        37,
        115,
        94,
        56,
        144,
        74,
        157,
        47,
        14,
        116,
        104,
        92,
        96,
        87,
        209,
        117,
        76,
        51,
        94,
        116,
        110,
        96,
        164,
        51,
        159,
        72,
        97,
        189,
        129,
        135,
        69,
        136,
        80,
        99,
        34,
        17,
        199,
        167,
        104,
        50,
        164,
        0,
        87,
        83,
        88,
        85,
        97,
        172,
        120,
        122,
        176,
        60,
        198,
        168,
        163,
        140,
        147,
        95,
        13,
        86,
        128,
        64,
        81,
        127,
        167,
        62,
        187,
        65,
        31,
        105,
        51,
        23,
        92,
        176],
    [   169,
        40,
        173,
        106,
        67,
        86,
        57,
        110,
        162,
        54,
        91,
        151,
        153,
        69,
        78,
        64,
        19,
        128,
        176,
        143,
        122,
        115,
        163,
        36,
        107,
        88,
        188,
        13,
        118,
        66,
        73,
        143,
        118,
        157,
        104,
        125,
        18,
        71,
        65,
        105,
        112,
        76,
        123,
        80,
        162,
        128,
        79,
        87,
        0,
        104,
        106,
        104,
        99,
        85,
        121,
        110,
        120,
        145,
        187,
        143,
        156,
        99,
        62,
        69,
        100,
        117,
        61,
        151,
        144,
        77,
        83,
        149,
        102,
        42,
        76,
        175,
        96,
        91,
        133,
        177],
    [   151,
        81,
        211,
        211,
        48,
        175,
        98,
        37,
        175,
        51,
        192,
        151,
        231,
        118,
        91,
        163,
        123,
        174,
        167,
        170,
        212,
        38,
        137,
        83,
        170,
        177,
        182,
        118,
        218,
        42,
        169,
        153,
        15,
        251,
        192,
        205,
        91,
        174,
        41,
        173,
        67,
        94,
        226,
        161,
        186,
        129,
        149,
        83,
        104,
        0,
        5,
        163,
        21,
        176,
        38,
        47,
        223,
        94,
        271,
        233,
        236,
        80,
        161,
        154,
        92,
        14,
        99,
        105,
        163,
        81,
        182,
        126,
        199,
        62,
        107,
        183,
        33,
        61,
        175,
        252],
    [   156,
        81,
        216,
        213,
        52,
        175,
        103,
        32,
        180,
        55,
        195,
        156,
        235,
        123,
        96,
        166,
        125,
        179,
        172,
        175,
        213,
        33,
        142,
        86,
        174,
        180,
        188,
        120,
        221,
        46,
        170,
        158,
        11,
        255,
        196,
        209,
        94,
        177,
        42,
        177,
        73,
        99,
        227,
        161,
        191,
        135,
        149,
        88,
        106,
        5,
        0,
        167,
        17,
        176,
        32,
        43,
        225,
        99,
        275,
        237,
        240,
        77,
        162,
        158,
        97,
        15,
        98,
        110,
        168,
        79,
        183,
        131,
        200,
        64,
        112,
        188,
        38,
        66,
        180,
        257],
    [   113,
        140,
        70,
        137,
        115,
        168,
        65,
        188,
        79,
        119,
        92,
        85,
        71,
        45,
        73,
        76,
        106,
        26,
        108,
        54,
        194,
        191,
        117,
        89,
        8,
        52,
        114,
        101,
        99,
        122,
        149,
        71,
        178,
        110,
        56,
        52,
        96,
        100,
        144,
        15,
        118,
        70,
        161,
        171,
        68,
        74,
        178,
        85,
        104,
        163,
        167,
        0,
        171,
        165,
        196,
        193,
        118,
        132,
        113,
        88,
        78,
        196,
        136,
        47,
        85,
        169,
        165,
        131,
        61,
        177,
        149,
        107,
        167,
        117,
        56,
        92,
        134,
        108,
        33,
        90],
    [   170,
        69,
        224,
        204,
        56,
        163,
        106,
        18,
        191,
        53,
        190,
        168,
        237,
        126,
        103,
        162,
        118,
        185,
        185,
        184,
        199,
        20,
        157,
        85,
        178,
        179,
        201,
        113,
        217,
        49,
        159,
        169,
        23,
        253,
        195,
        210,
        90,
        171,
        34,
        180,
        86,
        105,
        218,
        147,
        201,
        146,
        134,
        97,
        99,
        21,
        17,
        171,
        0,
        164,
        24,
        27,
        220,
        115,
        276,
        236,
        242,
        59,
        152,
        157,
        107,
        33,
        83,
        125,
        178,
        62,
        172,
        145,
        189,
        60,
        117,
        200,
        51,
        77,
        187,
        259],
    [   252,
        95,
        235,
        68,
        149,
        3,
        139,
        167,
        237,
        134,
        95,
        230,
        184,
        145,
        162,
        92,
        68,
        191,
        256,
        214,
        37,
        171,
        246,
        121,
        164,
        123,
        267,
        76,
        117,
        147,
        16,
        221,
        186,
        160,
        134,
        159,
        103,
        72,
        134,
        159,
        196,
        160,
        66,
        22,
        232,
        209,
        40,
        172,
        85,
        176,
        176,
        165,
        164,
        0,
        179,
        161,
        104,
        230,
        204,
        158,
        183,
        130,
        29,
        118,
        185,
        190,
        84,
        236,
        218,
        110,
        23,
        232,
        27,
        121,
        157,
        251,
        176,
        176,
        198,
        208],
    [   189,
        87,
        248,
        224,
        80,
        177,
        130,
        12,
        213,
        78,
        213,
        189,
        261,
        151,
        127,
        185,
        139,
        209,
        205,
        207,
        213,
        7,
        175,
        110,
        202,
        203,
        221,
        135,
        240,
        73,
        176,
        191,
        29,
        277,
        219,
        235,
        113,
        192,
        57,
        205,
        105,
        129,
        236,
        161,
        224,
        167,
        146,
        120,
        121,
        38,
        32,
        196,
        24,
        179,
        0,
        20,
        242,
        131,
        300,
        260,
        266,
        60,
        170,
        181,
        130,
        42,
        95,
        141,
        201,
        71,
        190,
        164,
        205,
        84,
        142,
        221,
        71,
        99,
        211,
        284],
    [   197,
        73,
        249,
        210,
        80,
        159,
        127,
        10,
        217,
        73,
        201,
        195,
        255,
        147,
        127,
        174,
        126,
        208,
        212,
        209,
        195,
        13,
        184,
        104,
        199,
        195,
        228,
        123,
        229,
        72,
        159,
        195,
        44,
        267,
        211,
        228,
        104,
        180,
        49,
        200,
        114,
        129,
        220,
        142,
        226,
        172,
        127,
        122,
        110,
        47,
        43,
        193,
        27,
        161,
        20,
        0,
        229,
        142,
        293,
        252,
        260,
        40,
        154,
        173,
        134,
        56,
        77,
        152,
        204,
        51,
        173,
        172,
        187,
        76,
        141,
        227,
        78,
        103,
        210,
        279],
    [   230,
        156,
        174,
        37,
        179,
        107,
        140,
        231,
        197,
        171,
        31,
        203,
        97,
        130,
        162,
        61,
        103,
        141,
        227,
        171,
        110,
        235,
        231,
        142,
        112,
        66,
        232,
        106,
        22,
        182,
        91,
        189,
        237,
        58,
        63,
        81,
        131,
        49,
        185,
        104,
        210,
        159,
        56,
        123,
        184,
        189,
        140,
        176,
        120,
        223,
        225,
        118,
        220,
        104,
        242,
        229,
        0,
        235,
        105,
        63,
        93,
        210,
        86,
        82,
        184,
        235,
        164,
        237,
        179,
        188,
        80,
        220,
        86,
        161,
        148,
        210,
        207,
        192,
        148,
        117],
    [   62,
        147,
        149,
        239,
        84,
        231,
        97,
        132,
        101,
        101,
        204,
        74,
        202,
        105,
        73,
        176,
        163,
        128,
        80,
        108,
        267,
        132,
        47,
        108,
        141,
        172,
        95,
        155,
        222,
        90,
        218,
        83,
        102,
        242,
        183,
        185,
        126,
        197,
        116,
        148,
        34,
        77,
        260,
        222,
        119,
        64,
        217,
        60,
        145,
        94,
        99,
        132,
        115,
        230,
        131,
        142,
        235,
        0,
        244,
        220,
        210,
        172,
        206,
        153,
        51,
        88,
        174,
        10,
        98,
        165,
        226,
        40,
        246,
        113,
        87,
        104,
        66,
        54,
        126,
        218],
    [   212,
        228,
        120,
        142,
        223,
        208,
        172,
        291,
        165,
        222,
        110,
        183,
        41,
        153,
        185,
        125,
        178,
        116,
        200,
        144,
        216,
        295,
        220,
        190,
        104,
        99,
        198,
        177,
        87,
        228,
        190,
        169,
        286,
        48,
        82,
        65,
        188,
        135,
        244,
        99,
        231,
        182,
        161,
        221,
        145,
        182,
        235,
        198,
        187,
        271,
        275,
        113,
        276,
        204,
        300,
        293,
        105,
        244,
        0,
        46,
        35,
        286,
        181,
        119,
        198,
        279,
        245,
        241,
        154,
        264,
        181,
        213,
        191,
        216,
        167,
        174,
        245,
        220,
        121,
        31],
    [   199,
        184,
        123,
        99,
        186,
        162,
        137,
        251,
        157,
        183,
        63,
        170,
        37,
        120,
        154,
        80,
        133,
        102,
        191,
        133,
        171,
        254,
        204,
        151,
        79,
        57,
        193,
        133,
        42,
        191,
        143,
        155,
        249,
        23,
        41,
        35,
        147,
        88,
        204,
        72,
        202,
        150,
        119,
        175,
        140,
        162,
        189,
        168,
        143,
        233,
        237,
        88,
        236,
        158,
        260,
        252,
        63,
        220,
        46,
        0,
        31,
        242,
        135,
        79,
        170,
        243,
        200,
        219,
        142,
        220,
        136,
        195,
        146,
        176,
        137,
        169,
        210,
        188,
        108,
        54],
    [   181,
        196,
        95,
        128,
        188,
        187,
        137,
        257,
        135,
        188,
        88,
        152,
        8,
        118,
        150,
        97,
        148,
        84,
        170,
        112,
        200,
        261,
        187,
        156,
        69,
        68,
        170,
        147,
        72,
        194,
        168,
        137,
        251,
        49,
        52,
        31,
        156,
        111,
        210,
        64,
        196,
        146,
        149,
        198,
        116,
        148,
        210,
        163,
        156,
        236,
        240,
        78,
        242,
        183,
        266,
        260,
        93,
        210,
        35,
        31,
        0,
        255,
        158,
        87,
        163,
        244,
        215,
        207,
        123,
        233,
        161,
        180,
        174,
        183,
        132,
        146,
        210,
        185,
        88,
        24],
    [   221,
        58,
        259,
        186,
        96,
        128,
        134,
        50,
        234,
        84,
        186,
        214,
        252,
        153,
        141,
        162,
        110,
        215,
        235,
        222,
        161,
        53,
        210,
        107,
        201,
        187,
        250,
        109,
        213,
        88,
        131,
        212,
        81,
        255,
        203,
        223,
        100,
        162,
        59,
        201,
        140,
        142,
        193,
        109,
        240,
        191,
        92,
        140,
        99,
        80,
        77,
        196,
        59,
        130,
        60,
        40,
        210,
        172,
        286,
        242,
        255,
        0,
        128,
        168,
        153,
        92,
        47,
        181,
        218,
        22,
        145,
        197,
        157,
        80,
        150,
        245,
        105,
        125,
        219,
        276],
    [   224,
        82,
        206,
        57,
        128,
        32,
        113,
        158,
        208,
        115,
        71,
        202,
        158,
        117,
        136,
        63,
        43,
        162,
        228,
        185,
        62,
        162,
        220,
        97,
        135,
        95,
        238,
        50,
        96,
        127,
        13,
        192,
        173,
        140,
        107,
        132,
        80,
        46,
        119,
        130,
        173,
        133,
        66,
        40,
        203,
        181,
        54,
        147,
        62,
        161,
        162,
        136,
        152,
        29,
        170,
        154,
        86,
        206,
        181,
        135,
        158,
        128,
        0,
        89,
        159,
        175,
        81,
        211,
        189,
        107,
        21,
        206,
        40,
        102,
        129,
        222,
        157,
        153,
        169,
        182],
    [   150,
        109,
        117,
        93,
        107,
        121,
        60,
        172,
        124,
        103,
        51,
        124,
        84,
        48,
        81,
        29,
        65,
        74,
        149,
        99,
        146,
        175,
        150,
        71,
        45,
        22,
        157,
        62,
        69,
        111,
        101,
        112,
        169,
        97,
        38,
        55,
        69,
        53,
        125,
        41,
        129,
        77,
        117,
        126,
        115,
        108,
        134,
        95,
        69,
        154,
        158,
        47,
        157,
        118,
        181,
        173,
        82,
        153,
        119,
        79,
        87,
        168,
        89,
        0,
        101,
        164,
        130,
        154,
        105,
        146,
        102,
        138,
        120,
        97,
        65,
        138,
        132,
        113,
        80,
        108],
    [   71,
        114,
        119,
        188,
        56,
        186,
        47,
        126,
        83,
        70,
        152,
        61,
        156,
        53,
        23,
        125,
        116,
        87,
        82,
        78,
        221,
        128,
        63,
        64,
        93,
        121,
        97,
        109,
        170,
        64,
        171,
        61,
        105,
        192,
        133,
        136,
        82,
        146,
        93,
        99,
        33,
        26,
        209,
        181,
        94,
        38,
        178,
        13,
        100,
        92,
        97,
        85,
        107,
        185,
        130,
        134,
        184,
        51,
        198,
        170,
        163,
        153,
        159,
        101,
        0,
        94,
        142,
        54,
        71,
        141,
        179,
        48,
        199,
        79,
        36,
        93,
        59,
        30,
        87,
        174],
    [   147,
        95,
        214,
        224,
        57,
        190,
        107,
        46,
        175,
        64,
        204,
        150,
        239,
        126,
        97,
        175,
        137,
        179,
        164,
        172,
        227,
        45,
        133,
        94,
        177,
        187,
        180,
        131,
        229,
        53,
        183,
        153,
        13,
        262,
        202,
        214,
        104,
        187,
        56,
        181,
        65,
        100,
        240,
        176,
        188,
        130,
        164,
        86,
        117,
        14,
        15,
        169,
        33,
        190,
        42,
        56,
        235,
        88,
        279,
        243,
        244,
        92,
        175,
        164,
        94,
        0,
        113,
        99,
        165,
        95,
        196,
        123,
        214,
        75,
        113,
        182,
        35,
        64,
        179,
        260],
    [   214,
        28,
        233,
        138,
        90,
        82,
        110,
        83,
        216,
        74,
        141,
        201,
        213,
        126,
        124,
        119,
        67,
        188,
        224,
        200,
        118,
        87,
        204,
        83,
        168,
        147,
        238,
        68,
        168,
        84,
        83,
        195,
        107,
        210,
        163,
        185,
        70,
        116,
        60,
        167,
        140,
        124,
        146,
        65,
        219,
        177,
        51,
        128,
        61,
        99,
        98,
        165,
        83,
        84,
        95,
        77,
        164,
        174,
        245,
        200,
        215,
        47,
        81,
        130,
        142,
        113,
        0,
        183,
        199,
        26,
        98,
        190,
        111,
        63,
        129,
        228,
        110,
        121,
        192,
        238],
    [   52,
        155,
        142,
        242,
        93,
        237,
        100,
        142,
        93,
        109,
        206,
        67,
        199,
        106,
        77,
        179,
        168,
        124,
        70,
        102,
        272,
        143,
        37,
        114,
        139,
        173,
        85,
        160,
        223,
        98,
        223,
        77,
        112,
        241,
        183,
        183,
        132,
        200,
        125,
        146,
        42,
        80,
        263,
        229,
        112,
        59,
        224,
        64,
        151,
        105,
        110,
        131,
        125,
        236,
        141,
        152,
        237,
        10,
        241,
        219,
        207,
        181,
        211,
        154,
        54,
        99,
        183,
        0,
        92,
        175,
        232,
        32,
        252,
        121,
        89,
        96,
        76,
        61,
        121,
        214],
    [   57,
        171,
        50,
        197,
        124,
        220,
        88,
        197,
        19,
        135,
        153,
        28,
        115,
        74,
        77,
        134,
        152,
        40,
        48,
        10,
        249,
        199,
        65,
        115,
        67,
        113,
        53,
        146,
        160,
        132,
        202,
        15,
        176,
        165,
        117,
        107,
        129,
        158,
        160,
        75,
        101,
        76,
        221,
        220,
        23,
        36,
        223,
        81,
        144,
        163,
        168,
        61,
        178,
        218,
        201,
        204,
        179,
        98,
        154,
        142,
        123,
        218,
        189,
        105,
        71,
        165,
        199,
        92,
        0,
        203,
        205,
        61,
        224,
        139,
        69,
        33,
        130,
        102,
        34,
        125],
    [   211,
        37,
        241,
        164,
        84,
        109,
        116,
        59,
        219,
        70,
        163,
        201,
        230,
        135,
        126,
        140,
        87,
        197,
        223,
        206,
        143,
        63,
        200,
        89,
        181,
        165,
        238,
        87,
        191,
        77,
        110,
        198,
        86,
        232,
        182,
        202,
        80,
        140,
        49,
        180,
        132,
        127,
        172,
        91,
        224,
        177,
        75,
        127,
        77,
        81,
        79,
        177,
        62,
        110,
        71,
        51,
        188,
        165,
        264,
        220,
        233,
        22,
        107,
        146,
        141,
        95,
        26,
        175,
        203,
        0,
        124,
        187,
        137,
        63,
        134,
        231,
        99,
        116,
        201,
        255],
    [   243,
        102,
        218,
        45,
        150,
        27,
        132,
        178,
        224,
        136,
        73,
        220,
        163,
        135,
        156,
        74,
        64,
        176,
        245,
        201,
        44,
        182,
        239,
        118,
        147,
        104,
        256,
        71,
        94,
        149,
        14,
        209,
        194,
        137,
        113,
        138,
        101,
        52,
        140,
        141,
        194,
        153,
        47,
        44,
        217,
        199,
        61,
        167,
        83,
        182,
        183,
        149,
        172,
        23,
        190,
        173,
        80,
        226,
        181,
        136,
        161,
        145,
        21,
        102,
        179,
        196,
        98,
        232,
        205,
        124,
        0,
        225,
        20,
        123,
        148,
        238,
        178,
        174,
        182,
        186],
    [   24,
        162,
        110,
        229,
        102,
        234,
        93,
        163,
        61,
        117,
        190,
        34,
        172,
        92,
        70,
        165,
        164,
        96,
        41,
        71,
        268,
        164,
        14,
        113,
        115,
        154,
        56,
        156,
        204,
        109,
        219,
        45,
        136,
        218,
        162,
        159,
        131,
        188,
        138,
        123,
        58,
        72,
        252,
        229,
        79,
        32,
        227,
        62,
        149,
        126,
        131,
        107,
        145,
        232,
        164,
        172,
        220,
        40,
        213,
        195,
        180,
        197,
        206,
        138,
        48,
        123,
        190,
        32,
        61,
        187,
        225,
        0,
        245,
        127,
        77,
        63,
        94,
        71,
        92,
        185],
    [   263,
        119,
        236,
        49,
        169,
        30,
        152,
        193,
        243,
        155,
        86,
        240,
        176,
        155,
        176,
        91,
        84,
        194,
        265,
        220,
        26,
        197,
        259,
        138,
        165,
        120,
        275,
        91,
        104,
        168,
        30,
        229,
        211,
        144,
        128,
        153,
        121,
        68,
        157,
        159,
        214,
        173,
        40,
        49,
        236,
        220,
        67,
        187,
        102,
        199,
        200,
        167,
        189,
        27,
        205,
        187,
        86,
        246,
        191,
        146,
        174,
        157,
        40,
        120,
        199,
        214,
        111,
        252,
        224,
        137,
        20,
        245,
        0,
        142,
        168,
        257,
        197,
        194,
        201,
        198],
    [   150,
        35,
        179,
        149,
        29,
        121,
        54,
        74,
        155,
        13,
        130,
        138,
        179,
        73,
        63,
        102,
        62,
        136,
        161,
        142,
        158,
        78,
        141,
        28,
        123,
        119,
        175,
        56,
        157,
        26,
        111,
        134,
        76,
        192,
        135,
        151,
        29,
        112,
        27,
        124,
        79,
        63,
        165,
        110,
        161,
        114,
        104,
        65,
        42,
        62,
        64,
        117,
        60,
        121,
        84,
        76,
        161,
        113,
        216,
        176,
        183,
        80,
        102,
        97,
        79,
        75,
        63,
        121,
        139,
        63,
        123,
        127,
        142,
        0,
        70,
        167,
        55,
        59,
        139,
        202],
    [   94,
        101,
        108,
        153,
        61,
        159,
        19,
        135,
        87,
        68,
        116,
        74,
        126,
        17,
        17,
        89,
        89,
        67,
        99,
        71,
        192,
        138,
        90,
        46,
        63,
        85,
        112,
        81,
        134,
        68,
        142,
        67,
        122,
        158,
        97,
        104,
        60,
        111,
        93,
        68,
        65,
        14,
        175,
        156,
        90,
        52,
        156,
        31,
        76,
        107,
        112,
        56,
        117,
        157,
        142,
        141,
        148,
        87,
        167,
        137,
        132,
        150,
        129,
        65,
        36,
        113,
        129,
        89,
        69,
        134,
        148,
        77,
        168,
        70,
        0,
        99,
        78,
        52,
        69,
        146],
    [   47,
        200,
        56,
        230,
        149,
        253,
        118,
        219,
        14,
        161,
        185,
        32,
        137,
        107,
        104,
        167,
        185,
        69,
        29,
        38,
        283,
        220,
        60,
        145,
        98,
        145,
        24,
        178,
        190,
        157,
        235,
        33,
        195,
        191,
        147,
        134,
        160,
        191,
        186,
        106,
        117,
        104,
        254,
        253,
        29,
        54,
        255,
        105,
        175,
        183,
        188,
        92,
        200,
        251,
        221,
        227,
        210,
        104,
        174,
        169,
        146,
        245,
        222,
        138,
        93,
        182,
        228,
        96,
        33,
        231,
        238,
        63,
        257,
        167,
        99,
        0,
        150,
        123,
        62,
        143],
    [   119,
        86,
        178,
        201,
        28,
        177,
        73,
        69,
        141,
        42,
        176,
        118,
        204,
        91,
        61,
        146,
        115,
        143,
        134,
        137,
        214,
        70,
        106,
        65,
        142,
        155,
        150,
        109,
        199,
        29,
        167,
        120,
        46,
        230,
        169,
        180,
        79,
        161,
        50,
        146,
        35,
        64,
        218,
        165,
        153,
        96,
        157,
        51,
        96,
        33,
        38,
        134,
        51,
        176,
        71,
        78,
        207,
        66,
        245,
        210,
        210,
        105,
        157,
        132,
        59,
        35,
        110,
        76,
        130,
        99,
        178,
        94,
        197,
        55,
        78,
        150,
        0,
        28,
        143,
        224],
    [   96,
        94,
        150,
        190,
        31,
        177,
        52,
        96,
        113,
        47,
        160,
        91,
        179,
        68,
        35,
        131,
        110,
        115,
        109,
        108,
        213,
        97,
        84,
        55,
        116,
        135,
        125,
        102,
        182,
        38,
        164,
        92,
        74,
        209,
        148,
        156,
        73,
        149,
        67,
        121,
        20,
        38,
        210,
        168,
        125,
        68,
        163,
        23,
        91,
        61,
        66,
        108,
        77,
        176,
        99,
        103,
        192,
        54,
        220,
        188,
        185,
        125,
        153,
        113,
        30,
        64,
        121,
        61,
        102,
        116,
        174,
        71,
        194,
        59,
        52,
        123,
        28,
        0,
        115,
        199],
    [   92,
        166,
        40,
        169,
        130,
        201,
        85,
        205,
        49,
        137,
        123,
        63,
        80,
        66,
        84,
        109,
        137,
        7,
        83,
        24,
        227,
        208,
        99,
        112,
        36,
        84,
        85,
        132,
        128,
        138,
        182,
        48,
        189,
        131,
        85,
        73,
        122,
        133,
        163,
        44,
        120,
        81,
        193,
        204,
        36,
        62,
        209,
        92,
        133,
        175,
        180,
        33,
        187,
        198,
        211,
        210,
        148,
        126,
        121,
        108,
        88,
        219,
        169,
        80,
        87,
        179,
        192,
        121,
        34,
        201,
        182,
        92,
        201,
        139,
        69,
        62,
        143,
        115,
        0,
        92],
    [   182,
        218,
        88,
        152,
        204,
        212,
        154,
        276,
        134,
        206,
        113,
        154,
        24,
        134,
        164,
        121,
        171,
        89,
        170,
        114,
        224,
        279,
        191,
        174,
        82,
        91,
        167,
        169,
        96,
        211,
        192,
        140,
        267,
        67,
        76,
        53,
        176,
        135,
        229,
        79,
        208,
        160,
        173,
        222,
        114,
        154,
        234,
        176,
        177,
        252,
        257,
        90,
        259,
        208,
        284,
        279,
        117,
        218,
        31,
        54,
        24,
        276,
        182,
        108,
        174,
        260,
        238,
        214,
        125,
        255,
        186,
        185,
        198,
        202,
        146,
        143,
        224,
        199,
        92,
        0]]
;
task=[   51,
    296,
    525,
    155,
    408,
    269,
    189,
    259,
    584,
    277,
    293,
    589,
    99,
    353,
    285,
    301,
    425,
    652,
    524,
    351,
    191,
    73,
    461,
    467,
    461,
    177,
    87,
    108,
    346,
    153,
    268,
    614,
    225,
    113,
    251,
    18,
    20,
    193,
    176,
    64,
    173,
    501,
    315,
    132,
    61,
    363,
    46,
    15,
    368,
    356,
    338,
    354,
    113,
    305,
    283,
    284,
    97,
    401,
    323,
    121,
    351,
    275,
    206,
    519,
    208,
    341,
    95,
    123,
    534,
    227,
    172,
    6,
    67,
    118,
    31,
    207,
    389,
    169,
    0,
    207]
;
minW=[   67,
    48,
    7,
    111,
    97,
    186,
    38,
    141,
    26,
    38,
    38,
    4,
    14,
    21,
    71,
    60,
    12,
    3,
    65,
    2,
    167,
    163,
    90,
    1,
    0,
    66,
    33,
    13,
    78,
    34,
    2,
    10,
    36,
    59,
    4,
    10,
    71,
    89,
    153,
    0,
    112,
    17,
    53,
    53,
    5,
    53,
    13,
    38,
    1,
    148,
    83,
    2,
    124,
    26,
    0,
    77,
    89,
    41,
    8,
    70,
    32,
    56,
    146,
    8,
    50,
    18,
    104,
    42,
    7,
    169,
    152,
    68,
    101,
    68,
    64,
    36,
    24,
    8,
    0,
    21]
;
maxW=[   141,
    342,
    573,
    380,
    650,
    559,
    687,
    555,
    237,
    353,
    272,
    248,
    328,
    158,
    712,
    112,
    698,
    152,
    339,
    595,
    694,
    591,
    452,
    120,
    78,
    392,
    370,
    208,
    628,
    274,
    661,
    362,
    398,
    550,
    291,
    435,
    564,
    634,
    582,
    423,
    379,
    511,
    594,
    287,
    237,
    485,
    403,
    508,
    569,
    414,
    320,
    235,
    680,
    253,
    424,
    360,
    407,
    306,
    495,
    467,
    449,
    625,
    547,
    408,
    648,
    359,
    269,
    666,
    644,
    651,
    192,
    298,
    318,
    616,
    219,
    355,
    453,
    288,
    720,
    337]
;