// Generated by InstanceGenerator.py v0.1
// Juan Francisco Martinez Vera
// AMMM - MIRI, FIB UPC
//
// RAND_SEED=1484783337

bigM=100000;

nLocations=70;
startLocation=6;
distances=[   [   0,
        180,
        133,
        75,
        100,
        26,
        190,
        55,
        190,
        128,
        58,
        19,
        31,
        173,
        91,
        151,
        50,
        127,
        192,
        173,
        119,
        257,
        38,
        163,
        180,
        95,
        79,
        175,
        188,
        41,
        154,
        89,
        97,
        231,
        150,
        49,
        37,
        151,
        167,
        67,
        53,
        49,
        210,
        71,
        132,
        101,
        207,
        143,
        156,
        135,
        186,
        118,
        199,
        33,
        187,
        163,
        68,
        173,
        190,
        130,
        217,
        170,
        65,
        185,
        204,
        210,
        132,
        87,
        113,
        168],
    [   180,
        0,
        88,
        105,
        103,
        207,
        77,
        193,
        214,
        85,
        129,
        163,
        150,
        8,
        138,
        31,
        205,
        155,
        18,
        137,
        185,
        153,
        153,
        263,
        226,
        119,
        148,
        27,
        41,
        214,
        26,
        218,
        160,
        115,
        144,
        131,
        151,
        198,
        123,
        187,
        145,
        196,
        173,
        108,
        121,
        103,
        64,
        132,
        245,
        235,
        170,
        63,
        173,
        182,
        132,
        60,
        113,
        265,
        216,
        77,
        37,
        51,
        122,
        173,
        189,
        92,
        92,
        106,
        82,
        194],
    [   133,
        88,
        0,
        75,
        33,
        157,
        150,
        123,
        248,
        118,
        108,
        123,
        103,
        79,
        58,
        62,
        175,
        177,
        106,
        187,
        196,
        232,
        96,
        267,
        252,
        128,
        146,
        66,
        122,
        154,
        78,
        204,
        166,
        195,
        181,
        89,
        121,
        219,
        173,
        113,
        82,
        169,
        229,
        82,
        153,
        114,
        79,
        167,
        253,
        237,
        216,
        74,
        224,
        120,
        189,
        36,
        85,
        273,
        249,
        13,
        121,
        120,
        104,
        218,
        238,
        170,
        3,
        104,
        27,
        225],
    [   75,
        105,
        75,
        0,
        48,
        101,
        126,
        96,
        180,
        69,
        33,
        58,
        45,
        98,
        69,
        76,
        105,
        108,
        117,
        133,
        122,
        202,
        51,
        191,
        181,
        59,
        71,
        101,
        116,
        110,
        80,
        129,
        92,
        170,
        119,
        26,
        49,
        148,
        122,
        96,
        49,
        98,
        175,
        6,
        92,
        50,
        137,
        107,
        178,
        161,
        157,
        44,
        167,
        80,
        141,
        94,
        10,
        198,
        181,
        67,
        142,
        101,
        29,
        157,
        178,
        147,
        75,
        36,
        48,
        157],
    [   100,
        103,
        33,
        48,
        0,
        124,
        151,
        93,
        228,
        107,
        80,
        90,
        70,
        95,
        34,
        73,
        143,
        156,
        120,
        175,
        171,
        232,
        63,
        239,
        229,
        106,
        120,
        87,
        130,
        122,
        85,
        173,
        141,
        197,
        164,
        57,
        90,
        197,
        162,
        85,
        50,
        137,
        217,
        55,
        137,
        95,
        110,
        151,
        226,
        208,
        202,
        66,
        211,
        88,
        180,
        65,
        58,
        246,
        229,
        32,
        139,
        122,
        77,
        202,
        223,
        172,
        31,
        83,
        21,
        205],
    [   26,
        207,
        157,
        101,
        124,
        0,
        216,
        58,
        202,
        153,
        83,
        45,
        57,
        200,
        109,
        177,
        48,
        144,
        219,
        193,
        131,
        280,
        60,
        162,
        189,
        118,
        98,
        201,
        214,
        25,
        181,
        89,
        112,
        256,
        169,
        75,
        62,
        162,
        188,
        73,
        74,
        52,
        229,
        98,
        154,
        126,
        232,
        163,
        159,
        137,
        203,
        145,
        217,
        42,
        208,
        187,
        94,
        173,
        201,
        155,
        243,
        196,
        90,
        202,
        221,
        235,
        155,
        112,
        138,
        181],
    [   190,
        77,
        150,
        126,
        151,
        216,
        0,
        223,
        151,
        62,
        132,
        171,
        167,
        82,
        185,
        89,
        196,
        111,
        65,
        71,
        144,
        81,
        177,
        219,
        169,
        100,
        128,
        103,
        37,
        231,
        73,
        194,
        130,
        45,
        89,
        150,
        153,
        146,
        59,
        222,
        175,
        186,
        99,
        125,
        77,
        90,
        141,
        80,
        199,
        195,
        102,
        86,
        101,
        205,
        60,
        132,
        128,
        218,
        153,
        137,
        81,
        30,
        125,
        106,
        119,
        21,
        153,
        103,
        133,
        136],
    [   55,
        193,
        123,
        96,
        93,
        58,
        223,
        0,
        245,
        164,
        98,
        67,
        59,
        185,
        66,
        162,
        103,
        178,
        208,
        219,
        174,
        297,
        45,
        217,
        235,
        139,
        130,
        180,
        212,
        39,
        171,
        144,
        150,
        267,
        198,
        73,
        85,
        205,
        211,
        15,
        48,
        104,
        259,
        97,
        177,
        139,
        202,
        189,
        212,
        190,
        236,
        140,
        248,
        22,
        231,
        158,
        95,
        228,
        244,
        125,
        230,
        197,
        103,
        235,
        255,
        244,
        120,
        123,
        113,
        222],
    [   190,
        214,
        248,
        180,
        228,
        202,
        151,
        245,
        0,
        134,
        156,
        177,
        191,
        215,
        248,
        208,
        156,
        72,
        209,
        79,
        71,
        147,
        207,
        93,
        26,
        122,
        116,
        232,
        183,
        227,
        195,
        124,
        95,
        153,
        70,
        186,
        161,
        40,
        92,
        254,
        217,
        150,
        67,
        174,
        96,
        134,
        276,
        83,
        75,
        88,
        49,
        176,
        56,
        222,
        92,
        250,
        173,
        85,
        3,
        236,
        230,
        164,
        155,
        45,
        42,
        152,
        249,
        145,
        221,
        23],
    [   128,
        85,
        118,
        69,
        107,
        153,
        62,
        164,
        134,
        0,
        70,
        108,
        106,
        84,
        136,
        74,
        134,
        70,
        86,
        68,
        99,
        133,
        118,
        177,
        143,
        39,
        69,
        100,
        70,
        169,
        63,
        139,
        77,
        103,
        64,
        91,
        91,
        113,
        55,
        165,
        119,
        125,
        111,
        67,
        37,
        27,
        144,
        50,
        159,
        150,
        97,
        43,
        105,
        145,
        73,
        116,
        68,
        179,
        135,
        105,
        112,
        48,
        63,
        99,
        119,
        82,
        120,
        41,
        94,
        112],
    [   58,
        129,
        108,
        33,
        80,
        83,
        132,
        98,
        156,
        70,
        0,
        38,
        39,
        124,
        92,
        103,
        75,
        84,
        139,
        121,
        92,
        201,
        54,
        158,
        153,
        41,
        41,
        130,
        132,
        98,
        103,
        96,
        62,
        173,
        101,
        30,
        21,
        120,
        113,
        103,
        61,
        67,
        161,
        26,
        79,
        43,
        168,
        91,
        145,
        128,
        139,
        66,
        151,
        77,
        133,
        127,
        23,
        166,
        156,
        100,
        164,
        113,
        7,
        139,
        160,
        152,
        108,
        29,
        82,
        132],
    [   19,
        163,
        123,
        58,
        90,
        45,
        171,
        67,
        177,
        108,
        38,
        0,
        20,
        156,
        88,
        134,
        53,
        111,
        174,
        155,
        107,
        238,
        35,
        159,
        169,
        76,
        63,
        159,
        169,
        60,
        137,
        87,
        82,
        212,
        132,
        34,
        18,
        138,
        148,
        76,
        49,
        48,
        193,
        54,
        113,
        81,
        193,
        125,
        150,
        130,
        169,
        100,
        182,
        45,
        168,
        149,
        50,
        168,
        177,
        118,
        199,
        151,
        45,
        168,
        188,
        190,
        121,
        67,
        100,
        154],
    [   31,
        150,
        103,
        45,
        70,
        57,
        167,
        59,
        191,
        106,
        39,
        20,
        0,
        143,
        67,
        120,
        74,
        121,
        162,
        160,
        123,
        239,
        16,
        178,
        184,
        80,
        74,
        143,
        161,
        64,
        125,
        108,
        95,
        210,
        140,
        18,
        29,
        153,
        152,
        64,
        29,
        69,
        200,
        43,
        118,
        81,
        175,
        131,
        169,
        149,
        178,
        89,
        190,
        38,
        172,
        131,
        40,
        188,
        191,
        99,
        187,
        144,
        44,
        177,
        198,
        188,
        101,
        65,
        81,
        167],
    [   173,
        8,
        79,
        98,
        95,
        200,
        82,
        185,
        215,
        84,
        124,
        156,
        143,
        0,
        129,
        23,
        199,
        155,
        26,
        140,
        184,
        160,
        145,
        261,
        227,
        116,
        145,
        20,
        47,
        206,
        22,
        215,
        158,
        122,
        145,
        124,
        145,
        198,
        126,
        179,
        137,
        191,
        177,
        102,
        121,
        100,
        61,
        132,
        243,
        233,
        173,
        58,
        176,
        174,
        135,
        52,
        106,
        264,
        217,
        68,
        45,
        55,
        117,
        175,
        192,
        99,
        83,
        102,
        74,
        195],
    [   91,
        138,
        58,
        69,
        34,
        109,
        185,
        66,
        248,
        136,
        92,
        88,
        67,
        129,
        0,
        108,
        140,
        176,
        155,
        202,
        185,
        265,
        53,
        245,
        245,
        127,
        133,
        120,
        165,
        101,
        120,
        175,
        155,
        230,
        188,
        63,
        94,
        213,
        190,
        55,
        38,
        136,
        244,
        74,
        162,
        119,
        137,
        176,
        235,
        216,
        226,
        99,
        236,
        68,
        209,
        94,
        75,
        254,
        248,
        63,
        174,
        155,
        93,
        227,
        247,
        206,
        54,
        105,
        55,
        224],
    [   151,
        31,
        62,
        76,
        73,
        177,
        89,
        162,
        208,
        74,
        103,
        134,
        120,
        23,
        108,
        0,
        179,
        143,
        47,
        137,
        170,
        170,
        122,
        247,
        217,
        101,
        128,
        27,
        60,
        183,
        16,
        196,
        143,
        132,
        138,
        102,
        123,
        187,
        123,
        156,
        114,
        171,
        176,
        80,
        111,
        84,
        70,
        124,
        230,
        218,
        169,
        39,
        173,
        151,
        135,
        44,
        84,
        250,
        210,
        50,
        68,
        59,
        96,
        171,
        189,
        108,
        66,
        83,
        52,
        187],
    [   50,
        205,
        175,
        105,
        143,
        48,
        196,
        103,
        156,
        134,
        75,
        53,
        74,
        199,
        140,
        179,
        0,
        105,
        213,
        159,
        86,
        250,
        86,
        114,
        141,
        95,
        68,
        205,
        203,
        74,
        178,
        40,
        74,
        230,
        133,
        86,
        56,
        116,
        157,
        117,
        101,
        9,
        190,
        99,
        124,
        108,
        242,
        130,
        110,
        88,
        164,
        141,
        178,
        83,
        176,
        200,
        95,
        125,
        155,
        170,
        239,
        182,
        82,
        162,
        179,
        213,
        174,
        99,
        151,
        137],
    [   127,
        155,
        177,
        108,
        156,
        144,
        111,
        178,
        72,
        70,
        84,
        111,
        121,
        155,
        176,
        143,
        105,
        0,
        155,
        55,
        33,
        147,
        138,
        109,
        75,
        50,
        47,
        170,
        133,
        167,
        133,
        89,
        31,
        134,
        28,
        115,
        93,
        43,
        57,
        185,
        146,
        97,
        85,
        102,
        35,
        63,
        214,
        31,
        90,
        84,
        59,
        107,
        73,
        156,
        73,
        183,
        101,
        110,
        73,
        166,
        179,
        112,
        83,
        58,
        77,
        122,
        178,
        73,
        150,
        48],
    [   192,
        18,
        106,
        117,
        120,
        219,
        65,
        208,
        209,
        86,
        139,
        174,
        162,
        26,
        155,
        47,
        213,
        155,
        0,
        130,
        186,
        138,
        167,
        264,
        223,
        123,
        153,
        44,
        27,
        227,
        37,
        224,
        163,
        99,
        141,
        144,
        160,
        196,
        117,
        203,
        160,
        204,
        164,
        120,
        119,
        107,
        77,
        129,
        245,
        237,
        163,
        73,
        164,
        196,
        123,
        78,
        124,
        265,
        211,
        95,
        26,
        44,
        131,
        166,
        181,
        78,
        110,
        113,
        99,
        191],
    [   173,
        137,
        187,
        133,
        175,
        193,
        71,
        219,
        79,
        68,
        121,
        155,
        160,
        140,
        202,
        137,
        159,
        55,
        130,
        0,
        86,
        91,
        175,
        153,
        98,
        79,
        95,
        159,
        104,
        214,
        122,
        145,
        85,
        82,
        27,
        148,
        136,
        78,
        13,
        223,
        179,
        151,
        42,
        128,
        41,
        82,
        201,
        30,
        133,
        133,
        32,
        112,
        37,
        198,
        18,
        181,
        129,
        150,
        82,
        174,
        151,
        86,
        116,
        35,
        52,
        75,
        189,
        98,
        162,
        65],
    [   119,
        185,
        196,
        122,
        171,
        131,
        144,
        174,
        71,
        99,
        92,
        107,
        123,
        184,
        185,
        170,
        86,
        33,
        186,
        86,
        0,
        177,
        139,
        77,
        61,
        69,
        51,
        197,
        166,
        156,
        161,
        60,
        30,
        167,
        59,
        121,
        93,
        31,
        90,
        184,
        150,
        80,
        107,
        115,
        68,
        86,
        240,
        64,
        60,
        51,
        81,
        132,
        95,
        152,
        104,
        206,
        113,
        80,
        70,
        185,
        211,
        144,
        93,
        78,
        93,
        156,
        196,
        91,
        168,
        50],
    [   257,
        153,
        232,
        202,
        232,
        280,
        81,
        297,
        147,
        133,
        201,
        238,
        239,
        160,
        265,
        170,
        250,
        147,
        138,
        91,
        177,
        0,
        251,
        236,
        173,
        162,
        183,
        180,
        113,
        299,
        154,
        237,
        176,
        38,
        119,
        224,
        219,
        164,
        92,
        298,
        252,
        241,
        80,
        200,
        126,
        158,
        214,
        119,
        217,
        221,
        102,
        166,
        91,
        278,
        74,
        212,
        202,
        231,
        150,
        219,
        144,
        112,
        195,
        106,
        104,
        62,
        235,
        173,
        214,
        144],
    [   38,
        153,
        96,
        51,
        63,
        60,
        177,
        45,
        207,
        118,
        54,
        35,
        16,
        145,
        53,
        122,
        86,
        138,
        167,
        175,
        139,
        251,
        0,
        194,
        201,
        95,
        91,
        143,
        168,
        61,
        129,
        123,
        112,
        221,
        156,
        27,
        46,
        170,
        166,
        48,
        14,
        83,
        215,
        52,
        133,
        94,
        172,
        146,
        185,
        165,
        194,
        95,
        206,
        29,
        186,
        127,
        49,
        204,
        207,
        94,
        190,
        152,
        58,
        193,
        214,
        198,
        94,
        78,
        78,
        184],
    [   163,
        263,
        267,
        191,
        239,
        162,
        219,
        217,
        93,
        177,
        158,
        159,
        178,
        261,
        245,
        247,
        114,
        109,
        264,
        153,
        77,
        236,
        194,
        0,
        67,
        145,
        121,
        274,
        243,
        187,
        239,
        73,
        104,
        235,
        130,
        183,
        151,
        74,
        161,
        230,
        208,
        113,
        157,
        184,
        145,
        162,
        317,
        138,
        20,
        30,
        134,
        208,
        145,
        196,
        170,
        281,
        181,
        13,
        90,
        258,
        289,
        222,
        162,
        129,
        135,
        227,
        267,
        165,
        240,
        91],
    [   180,
        226,
        252,
        181,
        229,
        189,
        169,
        235,
        26,
        143,
        153,
        169,
        184,
        227,
        245,
        217,
        141,
        75,
        223,
        98,
        61,
        173,
        201,
        67,
        0,
        124,
        112,
        243,
        199,
        214,
        206,
        105,
        90,
        176,
        82,
        182,
        154,
        32,
        109,
        245,
        212,
        136,
        92,
        174,
        106,
        138,
        287,
        94,
        49,
        64,
        72,
        182,
        81,
        213,
        113,
        258,
        172,
        59,
        23,
        241,
        246,
        179,
        153,
        67,
        68,
        173,
        253,
        147,
        224,
        33],
    [   95,
        119,
        128,
        59,
        106,
        118,
        100,
        139,
        122,
        39,
        41,
        76,
        80,
        116,
        127,
        101,
        95,
        50,
        123,
        79,
        69,
        162,
        95,
        145,
        124,
        0,
        29,
        128,
        109,
        137,
        94,
        100,
        41,
        137,
        61,
        69,
        57,
        91,
        72,
        144,
        100,
        86,
        120,
        53,
        38,
        16,
        171,
        50,
        129,
        116,
        99,
        62,
        111,
        118,
        92,
        136,
        52,
        150,
        123,
        117,
        149,
        88,
        37,
        99,
        120,
        118,
        129,
        23,
        100,
        98],
    [   79,
        148,
        146,
        71,
        120,
        98,
        128,
        130,
        116,
        69,
        41,
        63,
        74,
        145,
        133,
        128,
        68,
        47,
        153,
        95,
        51,
        183,
        91,
        121,
        112,
        29,
        0,
        155,
        139,
        120,
        122,
        70,
        21,
        162,
        70,
        70,
        45,
        79,
        91,
        138,
        100,
        59,
        131,
        64,
        57,
        45,
        197,
        65,
        107,
        91,
        106,
        88,
        119,
        108,
        110,
        159,
        61,
        127,
        116,
        136,
        179,
        118,
        42,
        105,
        125,
        145,
        146,
        44,
        118,
        93],
    [   175,
        27,
        66,
        101,
        87,
        201,
        103,
        180,
        232,
        100,
        130,
        159,
        143,
        20,
        120,
        27,
        205,
        170,
        44,
        159,
        197,
        180,
        143,
        274,
        243,
        128,
        155,
        0,
        67,
        204,
        37,
        223,
        170,
        142,
        162,
        125,
        149,
        213,
        145,
        172,
        133,
        197,
        196,
        105,
        137,
        111,
        44,
        149,
        257,
        245,
        191,
        67,
        195,
        172,
        155,
        34,
        110,
        278,
        235,
        57,
        55,
        75,
        123,
        194,
        211,
        119,
        69,
        111,
        67,
        212],
    [   188,
        41,
        122,
        116,
        130,
        214,
        37,
        212,
        183,
        70,
        132,
        169,
        161,
        47,
        165,
        60,
        203,
        133,
        27,
        104,
        166,
        113,
        168,
        243,
        199,
        109,
        139,
        67,
        0,
        226,
        45,
        209,
        146,
        74,
        117,
        143,
        154,
        173,
        91,
        209,
        163,
        194,
        136,
        117,
        98,
        95,
        104,
        105,
        224,
        217,
        136,
        72,
        137,
        197,
        95,
        99,
        121,
        244,
        186,
        110,
        47,
        21,
        124,
        140,
        154,
        51,
        126,
        104,
        110,
        166],
    [   41,
        214,
        154,
        110,
        122,
        25,
        231,
        39,
        227,
        169,
        98,
        60,
        64,
        206,
        101,
        183,
        74,
        167,
        227,
        214,
        156,
        299,
        61,
        187,
        214,
        137,
        120,
        204,
        226,
        0,
        189,
        115,
        136,
        272,
        191,
        83,
        79,
        187,
        208,
        55,
        72,
        78,
        251,
        108,
        174,
        142,
        232,
        184,
        184,
        163,
        226,
        154,
        240,
        33,
        228,
        187,
        104,
        199,
        226,
        154,
        251,
        209,
        105,
        225,
        244,
        251,
        151,
        127,
        139,
        206],
    [   154,
        26,
        78,
        80,
        85,
        181,
        73,
        171,
        195,
        63,
        103,
        137,
        125,
        22,
        120,
        16,
        178,
        133,
        37,
        122,
        161,
        154,
        129,
        239,
        206,
        94,
        122,
        37,
        45,
        189,
        0,
        192,
        135,
        116,
        125,
        106,
        124,
        176,
        108,
        166,
        122,
        170,
        161,
        83,
        100,
        77,
        81,
        112,
        221,
        210,
        154,
        37,
        158,
        158,
        119,
        60,
        87,
        242,
        197,
        65,
        62,
        42,
        96,
        157,
        175,
        92,
        81,
        79,
        65,
        175],
    [   89,
        218,
        204,
        129,
        173,
        89,
        194,
        144,
        124,
        139,
        96,
        87,
        108,
        215,
        175,
        196,
        40,
        89,
        224,
        145,
        60,
        237,
        123,
        73,
        105,
        100,
        70,
        223,
        209,
        115,
        192,
        0,
        64,
        223,
        118,
        116,
        83,
        85,
        146,
        157,
        137,
        40,
        168,
        123,
        118,
        116,
        264,
        119,
        69,
        48,
        142,
        157,
        155,
        123,
        163,
        224,
        119,
        84,
        122,
        196,
        250,
        187,
        102,
        139,
        153,
        209,
        203,
        113,
        178,
        108],
    [   97,
        160,
        166,
        92,
        141,
        112,
        130,
        150,
        95,
        77,
        62,
        82,
        95,
        158,
        155,
        143,
        74,
        31,
        163,
        85,
        30,
        176,
        112,
        104,
        90,
        41,
        21,
        170,
        146,
        136,
        135,
        64,
        0,
        159,
        58,
        92,
        65,
        58,
        84,
        158,
        122,
        66,
        116,
        85,
        53,
        58,
        213,
        56,
        88,
        74,
        91,
        104,
        104,
        127,
        102,
        177,
        83,
        108,
        95,
        156,
        189,
        124,
        63,
        89,
        108,
        144,
        166,
        62,
        138,
        72],
    [   231,
        115,
        195,
        170,
        197,
        256,
        45,
        267,
        153,
        103,
        173,
        212,
        210,
        122,
        230,
        132,
        230,
        134,
        99,
        82,
        167,
        38,
        221,
        235,
        176,
        137,
        162,
        142,
        74,
        272,
        116,
        223,
        159,
        0,
        107,
        194,
        194,
        160,
        77,
        267,
        220,
        221,
        89,
        169,
        106,
        130,
        175,
        103,
        214,
        215,
        104,
        131,
        97,
        249,
        64,
        174,
        171,
        231,
        156,
        182,
        106,
        75,
        167,
        108,
        113,
        24,
        198,
        145,
        178,
        144],
    [   150,
        144,
        181,
        119,
        164,
        169,
        89,
        198,
        70,
        64,
        101,
        132,
        140,
        145,
        188,
        138,
        133,
        28,
        141,
        27,
        59,
        119,
        156,
        130,
        82,
        61,
        70,
        162,
        117,
        191,
        125,
        118,
        58,
        107,
        0,
        130,
        114,
        57,
        31,
        204,
        162,
        125,
        60,
        113,
        27,
        69,
        206,
        13,
        110,
        108,
        38,
        107,
        50,
        177,
        45,
        180,
        113,
        128,
        72,
        168,
        164,
        96,
        98,
        38,
        59,
        97,
        182,
        83,
        154,
        50],
    [   49,
        131,
        89,
        26,
        57,
        75,
        150,
        73,
        186,
        91,
        30,
        34,
        18,
        124,
        63,
        102,
        86,
        115,
        144,
        148,
        121,
        224,
        27,
        183,
        182,
        69,
        70,
        125,
        143,
        83,
        106,
        116,
        92,
        194,
        130,
        0,
        32,
        150,
        139,
        75,
        31,
        80,
        190,
        25,
        107,
        67,
        159,
        120,
        172,
        153,
        169,
        71,
        180,
        55,
        159,
        115,
        22,
        191,
        186,
        84,
        168,
        126,
        32,
        169,
        189,
        171,
        88,
        51,
        66,
        162],
    [   37,
        151,
        121,
        49,
        90,
        62,
        153,
        85,
        161,
        91,
        21,
        18,
        29,
        145,
        94,
        123,
        56,
        93,
        160,
        136,
        93,
        219,
        46,
        151,
        154,
        57,
        45,
        149,
        154,
        79,
        124,
        83,
        65,
        194,
        114,
        32,
        0,
        123,
        129,
        92,
        58,
        49,
        174,
        43,
        95,
        63,
        186,
        106,
        140,
        121,
        151,
        87,
        164,
        62,
        149,
        144,
        39,
        159,
        161,
        114,
        186,
        135,
        29,
        150,
        170,
        173,
        120,
        50,
        96,
        138],
    [   151,
        198,
        219,
        148,
        197,
        162,
        146,
        205,
        40,
        113,
        120,
        138,
        153,
        198,
        213,
        187,
        116,
        43,
        196,
        78,
        31,
        164,
        170,
        74,
        32,
        91,
        79,
        213,
        173,
        187,
        176,
        85,
        58,
        160,
        57,
        150,
        123,
        0,
        87,
        215,
        180,
        110,
        87,
        141,
        76,
        106,
        257,
        67,
        54,
        57,
        62,
        151,
        74,
        183,
        96,
        226,
        139,
        72,
        39,
        208,
        220,
        152,
        120,
        58,
        68,
        153,
        220,
        115,
        192,
        22],
    [   167,
        123,
        173,
        122,
        162,
        188,
        59,
        211,
        92,
        55,
        113,
        148,
        152,
        126,
        190,
        123,
        157,
        57,
        117,
        13,
        90,
        92,
        166,
        161,
        109,
        72,
        91,
        145,
        91,
        208,
        108,
        146,
        84,
        77,
        31,
        139,
        129,
        87,
        0,
        215,
        169,
        149,
        55,
        118,
        34,
        72,
        188,
        27,
        141,
        139,
        46,
        99,
        50,
        190,
        20,
        167,
        119,
        159,
        94,
        160,
        138,
        73,
        108,
        49,
        66,
        66,
        176,
        88,
        149,
        76],
    [   67,
        187,
        113,
        96,
        85,
        73,
        222,
        15,
        254,
        165,
        103,
        76,
        64,
        179,
        55,
        156,
        117,
        185,
        203,
        223,
        184,
        298,
        48,
        230,
        245,
        144,
        138,
        172,
        209,
        55,
        166,
        157,
        158,
        267,
        204,
        75,
        92,
        215,
        215,
        0,
        46,
        117,
        264,
        98,
        182,
        142,
        192,
        195,
        224,
        203,
        242,
        137,
        254,
        34,
        234,
        149,
        96,
        241,
        254,
        117,
        224,
        196,
        107,
        242,
        262,
        243,
        109,
        126,
        105,
        231],
    [   53,
        145,
        82,
        49,
        50,
        74,
        175,
        48,
        217,
        119,
        61,
        49,
        29,
        137,
        38,
        114,
        101,
        146,
        160,
        179,
        150,
        252,
        14,
        208,
        212,
        100,
        100,
        133,
        163,
        72,
        122,
        137,
        122,
        220,
        162,
        31,
        58,
        180,
        169,
        46,
        0,
        97,
        221,
        52,
        138,
        97,
        160,
        151,
        198,
        178,
        200,
        91,
        211,
        38,
        189,
        115,
        50,
        217,
        217,
        82,
        182,
        149,
        63,
        200,
        221,
        196,
        80,
        81,
        67,
        193],
    [   49,
        196,
        169,
        98,
        137,
        52,
        186,
        104,
        150,
        125,
        67,
        48,
        69,
        191,
        136,
        171,
        9,
        97,
        204,
        151,
        80,
        241,
        83,
        113,
        136,
        86,
        59,
        197,
        194,
        78,
        170,
        40,
        66,
        221,
        125,
        80,
        49,
        110,
        149,
        117,
        97,
        0,
        182,
        92,
        115,
        99,
        235,
        122,
        108,
        86,
        156,
        132,
        170,
        82,
        167,
        193,
        88,
        124,
        149,
        163,
        230,
        173,
        74,
        154,
        172,
        204,
        168,
        91,
        145,
        130],
    [   210,
        173,
        229,
        175,
        217,
        229,
        99,
        259,
        67,
        111,
        161,
        193,
        200,
        177,
        244,
        176,
        190,
        85,
        164,
        42,
        107,
        80,
        215,
        157,
        92,
        120,
        131,
        196,
        136,
        251,
        161,
        168,
        116,
        89,
        60,
        190,
        174,
        87,
        55,
        264,
        221,
        182,
        0,
        171,
        83,
        124,
        238,
        69,
        138,
        145,
        26,
        154,
        13,
        237,
        41,
        221,
        171,
        151,
        70,
        216,
        181,
        122,
        157,
        30,
        24,
        94,
        231,
        140,
        205,
        66],
    [   71,
        108,
        82,
        6,
        55,
        98,
        125,
        97,
        174,
        67,
        26,
        54,
        43,
        102,
        74,
        80,
        99,
        102,
        120,
        128,
        115,
        200,
        52,
        184,
        174,
        53,
        64,
        105,
        117,
        108,
        83,
        123,
        85,
        169,
        113,
        25,
        43,
        141,
        118,
        98,
        52,
        92,
        171,
        0,
        88,
        46,
        142,
        102,
        171,
        154,
        152,
        46,
        162,
        80,
        137,
        101,
        4,
        191,
        175,
        73,
        145,
        101,
        22,
        152,
        173,
        146,
        82,
        30,
        55,
        151],
    [   132,
        121,
        153,
        92,
        137,
        154,
        77,
        177,
        96,
        37,
        79,
        113,
        118,
        121,
        162,
        111,
        124,
        35,
        119,
        41,
        68,
        126,
        133,
        145,
        106,
        38,
        57,
        137,
        98,
        174,
        100,
        118,
        53,
        106,
        27,
        107,
        95,
        76,
        34,
        182,
        138,
        115,
        83,
        88,
        0,
        42,
        181,
        14,
        126,
        119,
        64,
        79,
        74,
        156,
        54,
        153,
        88,
        145,
        98,
        140,
        144,
        77,
        74,
        65,
        86,
        91,
        154,
        57,
        127,
        75],
    [   101,
        103,
        114,
        50,
        95,
        126,
        90,
        139,
        134,
        27,
        43,
        81,
        81,
        100,
        119,
        84,
        108,
        63,
        107,
        82,
        86,
        158,
        94,
        162,
        138,
        16,
        45,
        111,
        95,
        142,
        77,
        116,
        58,
        130,
        69,
        67,
        63,
        106,
        72,
        142,
        97,
        99,
        124,
        46,
        42,
        0,
        154,
        56,
        146,
        133,
        106,
        45,
        116,
        120,
        92,
        120,
        46,
        166,
        135,
        102,
        134,
        74,
        37,
        107,
        128,
        109,
        115,
        15,
        87,
        111],
    [   207,
        64,
        79,
        137,
        110,
        232,
        141,
        202,
        276,
        144,
        168,
        193,
        175,
        61,
        137,
        70,
        242,
        214,
        77,
        201,
        240,
        214,
        172,
        317,
        287,
        171,
        197,
        44,
        104,
        232,
        81,
        264,
        213,
        175,
        206,
        159,
        186,
        257,
        188,
        192,
        160,
        235,
        238,
        142,
        181,
        154,
        0,
        193,
        300,
        288,
        234,
        109,
        237,
        198,
        197,
        44,
        147,
        321,
        278,
        77,
        72,
        116,
        162,
        237,
        254,
        155,
        82,
        152,
        94,
        256],
    [   143,
        132,
        167,
        107,
        151,
        163,
        80,
        189,
        83,
        50,
        91,
        125,
        131,
        132,
        176,
        124,
        130,
        31,
        129,
        30,
        64,
        119,
        146,
        138,
        94,
        50,
        65,
        149,
        105,
        184,
        112,
        119,
        56,
        103,
        13,
        120,
        106,
        67,
        27,
        195,
        151,
        122,
        69,
        102,
        14,
        56,
        193,
        0,
        119,
        115,
        50,
        93,
        60,
        168,
        45,
        167,
        102,
        138,
        85,
        155,
        152,
        85,
        88,
        51,
        71,
        91,
        169,
        71,
        141,
        63],
    [   156,
        245,
        253,
        178,
        226,
        159,
        199,
        212,
        75,
        159,
        145,
        150,
        169,
        243,
        235,
        230,
        110,
        90,
        245,
        133,
        60,
        217,
        185,
        20,
        49,
        129,
        107,
        257,
        224,
        184,
        221,
        69,
        88,
        214,
        110,
        172,
        140,
        54,
        141,
        224,
        198,
        108,
        138,
        171,
        126,
        146,
        300,
        119,
        0,
        21,
        114,
        191,
        125,
        190,
        150,
        265,
        168,
        20,
        72,
        243,
        270,
        203,
        148,
        110,
        116,
        207,
        253,
        150,
        225,
        72],
    [   135,
        235,
        237,
        161,
        208,
        137,
        195,
        190,
        88,
        150,
        128,
        130,
        149,
        233,
        216,
        218,
        88,
        84,
        237,
        133,
        51,
        221,
        165,
        30,
        64,
        116,
        91,
        245,
        217,
        163,
        210,
        48,
        74,
        215,
        108,
        153,
        121,
        57,
        139,
        203,
        178,
        86,
        145,
        154,
        119,
        133,
        288,
        115,
        21,
        0,
        119,
        178,
        132,
        169,
        151,
        251,
        151,
        38,
        85,
        227,
        262,
        195,
        132,
        115,
        125,
        205,
        237,
        136,
        209,
        78],
    [   186,
        170,
        216,
        157,
        202,
        203,
        102,
        236,
        49,
        97,
        139,
        169,
        178,
        173,
        226,
        169,
        164,
        59,
        163,
        32,
        81,
        102,
        194,
        134,
        72,
        99,
        106,
        191,
        136,
        226,
        154,
        142,
        91,
        104,
        38,
        169,
        151,
        62,
        46,
        242,
        200,
        156,
        26,
        152,
        64,
        106,
        234,
        50,
        114,
        119,
        0,
        141,
        13,
        214,
        43,
        213,
        151,
        129,
        52,
        203,
        183,
        119,
        136,
        4,
        21,
        103,
        218,
        121,
        191,
        42],
    [   118,
        63,
        74,
        44,
        66,
        145,
        86,
        140,
        176,
        43,
        66,
        100,
        89,
        58,
        99,
        39,
        141,
        107,
        73,
        112,
        132,
        166,
        95,
        208,
        182,
        62,
        88,
        67,
        72,
        154,
        37,
        157,
        104,
        131,
        107,
        71,
        87,
        151,
        99,
        137,
        91,
        132,
        154,
        46,
        79,
        45,
        109,
        93,
        191,
        178,
        141,
        0,
        149,
        125,
        115,
        75,
        50,
        212,
        177,
        61,
        99,
        58,
        58,
        143,
        163,
        107,
        76,
        44,
        50,
        153],
    [   199,
        173,
        224,
        167,
        211,
        217,
        101,
        248,
        56,
        105,
        151,
        182,
        190,
        176,
        236,
        173,
        178,
        73,
        164,
        37,
        95,
        91,
        206,
        145,
        81,
        111,
        119,
        195,
        137,
        240,
        158,
        155,
        104,
        97,
        50,
        180,
        164,
        74,
        50,
        254,
        211,
        170,
        13,
        162,
        74,
        116,
        237,
        60,
        125,
        132,
        13,
        149,
        0,
        227,
        41,
        218,
        162,
        139,
        60,
        211,
        183,
        121,
        148,
        16,
        17,
        99,
        226,
        131,
        199,
        53],
    [   33,
        182,
        120,
        80,
        88,
        42,
        205,
        22,
        222,
        145,
        77,
        45,
        38,
        174,
        68,
        151,
        83,
        156,
        196,
        198,
        152,
        278,
        29,
        196,
        213,
        118,
        108,
        172,
        197,
        33,
        158,
        123,
        127,
        249,
        177,
        55,
        62,
        183,
        190,
        34,
        38,
        82,
        237,
        80,
        156,
        120,
        198,
        168,
        190,
        169,
        214,
        125,
        227,
        0,
        210,
        153,
        77,
        207,
        222,
        121,
        219,
        181,
        83,
        213,
        233,
        226,
        118,
        104,
        105,
        200],
    [   187,
        132,
        189,
        141,
        180,
        208,
        60,
        231,
        92,
        73,
        133,
        168,
        172,
        135,
        209,
        135,
        176,
        73,
        123,
        18,
        104,
        74,
        186,
        170,
        113,
        92,
        110,
        155,
        95,
        228,
        119,
        163,
        102,
        64,
        45,
        159,
        149,
        96,
        20,
        234,
        189,
        167,
        41,
        137,
        54,
        92,
        197,
        45,
        150,
        151,
        43,
        115,
        41,
        210,
        0,
        180,
        138,
        167,
        95,
        176,
        141,
        80,
        128,
        47,
        59,
        60,
        191,
        108,
        166,
        81],
    [   163,
        60,
        36,
        94,
        65,
        187,
        132,
        158,
        250,
        116,
        127,
        149,
        131,
        52,
        94,
        44,
        200,
        183,
        78,
        181,
        206,
        212,
        127,
        281,
        258,
        136,
        159,
        34,
        99,
        187,
        60,
        224,
        177,
        174,
        180,
        115,
        144,
        226,
        167,
        149,
        115,
        193,
        221,
        101,
        153,
        120,
        44,
        167,
        265,
        251,
        213,
        75,
        218,
        153,
        180,
        0,
        105,
        286,
        252,
        32,
        88,
        103,
        122,
        215,
        233,
        150,
        40,
        115,
        49,
        228],
    [   68,
        113,
        85,
        10,
        58,
        94,
        128,
        95,
        173,
        68,
        23,
        50,
        40,
        106,
        75,
        84,
        95,
        101,
        124,
        129,
        113,
        202,
        49,
        181,
        172,
        52,
        61,
        110,
        121,
        104,
        87,
        119,
        83,
        171,
        113,
        22,
        39,
        139,
        119,
        96,
        50,
        88,
        171,
        4,
        88,
        46,
        147,
        102,
        168,
        151,
        151,
        50,
        162,
        77,
        138,
        105,
        0,
        188,
        174,
        77,
        149,
        104,
        19,
        152,
        172,
        148,
        85,
        31,
        58,
        149],
    [   173,
        265,
        273,
        198,
        246,
        173,
        218,
        228,
        85,
        179,
        166,
        168,
        188,
        264,
        254,
        250,
        125,
        110,
        265,
        150,
        80,
        231,
        204,
        13,
        59,
        150,
        127,
        278,
        244,
        199,
        242,
        84,
        108,
        231,
        128,
        191,
        159,
        72,
        159,
        241,
        217,
        124,
        151,
        191,
        145,
        166,
        321,
        138,
        20,
        38,
        129,
        212,
        139,
        207,
        167,
        286,
        188,
        0,
        82,
        264,
        290,
        222,
        169,
        124,
        128,
        225,
        273,
        171,
        246,
        87],
    [   190,
        216,
        249,
        181,
        229,
        201,
        153,
        244,
        3,
        135,
        156,
        177,
        191,
        217,
        248,
        210,
        155,
        73,
        211,
        82,
        70,
        150,
        207,
        90,
        23,
        123,
        116,
        235,
        186,
        226,
        197,
        122,
        95,
        156,
        72,
        186,
        161,
        39,
        94,
        254,
        217,
        149,
        70,
        175,
        98,
        135,
        278,
        85,
        72,
        85,
        52,
        177,
        60,
        222,
        95,
        252,
        174,
        82,
        0,
        237,
        233,
        167,
        155,
        48,
        46,
        155,
        251,
        146,
        222,
        24],
    [   130,
        77,
        13,
        67,
        32,
        155,
        137,
        125,
        236,
        105,
        100,
        118,
        99,
        68,
        63,
        50,
        170,
        166,
        95,
        174,
        185,
        219,
        94,
        258,
        241,
        117,
        136,
        57,
        110,
        154,
        65,
        196,
        156,
        182,
        168,
        84,
        114,
        208,
        160,
        117,
        82,
        163,
        216,
        73,
        140,
        102,
        77,
        155,
        243,
        227,
        203,
        61,
        211,
        121,
        176,
        32,
        77,
        264,
        237,
        0,
        111,
        107,
        95,
        205,
        225,
        157,
        16,
        94,
        18,
        213],
    [   217,
        37,
        121,
        142,
        139,
        243,
        81,
        230,
        230,
        112,
        164,
        199,
        187,
        45,
        174,
        68,
        239,
        179,
        26,
        151,
        211,
        144,
        190,
        289,
        246,
        149,
        179,
        55,
        47,
        251,
        62,
        250,
        189,
        106,
        164,
        168,
        186,
        220,
        138,
        224,
        182,
        230,
        181,
        145,
        144,
        134,
        72,
        152,
        270,
        262,
        183,
        99,
        183,
        219,
        141,
        88,
        149,
        290,
        233,
        111,
        0,
        67,
        157,
        186,
        200,
        89,
        124,
        139,
        118,
        213],
    [   170,
        51,
        120,
        101,
        122,
        196,
        30,
        197,
        164,
        48,
        113,
        151,
        144,
        55,
        155,
        59,
        182,
        112,
        44,
        86,
        144,
        112,
        152,
        222,
        179,
        88,
        118,
        75,
        21,
        209,
        42,
        187,
        124,
        75,
        96,
        126,
        135,
        152,
        73,
        196,
        149,
        173,
        122,
        101,
        77,
        74,
        116,
        85,
        203,
        195,
        119,
        58,
        121,
        181,
        80,
        103,
        104,
        222,
        167,
        107,
        67,
        0,
        105,
        122,
        138,
        50,
        123,
        84,
        103,
        146],
    [   65,
        122,
        104,
        29,
        77,
        90,
        125,
        103,
        155,
        63,
        7,
        45,
        44,
        117,
        93,
        96,
        82,
        83,
        131,
        116,
        93,
        195,
        58,
        162,
        153,
        37,
        42,
        123,
        124,
        105,
        96,
        102,
        63,
        167,
        98,
        32,
        29,
        120,
        108,
        107,
        63,
        74,
        157,
        22,
        74,
        37,
        162,
        88,
        148,
        132,
        136,
        58,
        148,
        83,
        128,
        122,
        19,
        169,
        155,
        95,
        157,
        105,
        0,
        136,
        157,
        145,
        104,
        22,
        77,
        131],
    [   185,
        173,
        218,
        157,
        202,
        202,
        106,
        235,
        45,
        99,
        139,
        168,
        177,
        175,
        227,
        171,
        162,
        58,
        166,
        35,
        78,
        106,
        193,
        129,
        67,
        99,
        105,
        194,
        140,
        225,
        157,
        139,
        89,
        108,
        38,
        169,
        150,
        58,
        49,
        242,
        200,
        154,
        30,
        152,
        65,
        107,
        237,
        51,
        110,
        115,
        4,
        143,
        16,
        213,
        47,
        215,
        152,
        124,
        48,
        205,
        186,
        122,
        136,
        0,
        20,
        107,
        219,
        121,
        192,
        38],
    [   204,
        189,
        238,
        178,
        223,
        221,
        119,
        255,
        42,
        119,
        160,
        188,
        198,
        192,
        247,
        189,
        179,
        77,
        181,
        52,
        93,
        104,
        214,
        135,
        68,
        120,
        125,
        211,
        154,
        244,
        175,
        153,
        108,
        113,
        59,
        189,
        170,
        68,
        66,
        262,
        221,
        172,
        24,
        173,
        86,
        128,
        254,
        71,
        116,
        125,
        21,
        163,
        17,
        233,
        59,
        233,
        172,
        128,
        46,
        225,
        200,
        138,
        157,
        20,
        0,
        116,
        239,
        142,
        212,
        46],
    [   210,
        92,
        170,
        147,
        172,
        235,
        21,
        244,
        152,
        82,
        152,
        190,
        188,
        99,
        206,
        108,
        213,
        122,
        78,
        75,
        156,
        62,
        198,
        227,
        173,
        118,
        145,
        119,
        51,
        251,
        92,
        209,
        144,
        24,
        97,
        171,
        173,
        153,
        66,
        243,
        196,
        204,
        94,
        146,
        91,
        109,
        155,
        91,
        207,
        205,
        103,
        107,
        99,
        226,
        60,
        150,
        148,
        225,
        155,
        157,
        89,
        50,
        145,
        107,
        116,
        0,
        173,
        123,
        153,
        140],
    [   132,
        92,
        3,
        75,
        31,
        155,
        153,
        120,
        249,
        120,
        108,
        121,
        101,
        83,
        54,
        66,
        174,
        178,
        110,
        189,
        196,
        235,
        94,
        267,
        253,
        129,
        146,
        69,
        126,
        151,
        81,
        203,
        166,
        198,
        182,
        88,
        120,
        220,
        176,
        109,
        80,
        168,
        231,
        82,
        154,
        115,
        82,
        169,
        253,
        237,
        218,
        76,
        226,
        118,
        191,
        40,
        85,
        273,
        251,
        16,
        124,
        123,
        104,
        219,
        239,
        173,
        0,
        105,
        28,
        226],
    [   87,
        106,
        104,
        36,
        83,
        112,
        103,
        123,
        145,
        41,
        29,
        67,
        65,
        102,
        105,
        83,
        99,
        73,
        113,
        98,
        91,
        173,
        78,
        165,
        147,
        23,
        44,
        111,
        104,
        127,
        79,
        113,
        62,
        145,
        83,
        51,
        50,
        115,
        88,
        126,
        81,
        91,
        140,
        30,
        57,
        15,
        152,
        71,
        150,
        136,
        121,
        44,
        131,
        104,
        108,
        115,
        31,
        171,
        146,
        94,
        139,
        84,
        22,
        121,
        142,
        123,
        105,
        0,
        77,
        122],
    [   113,
        82,
        27,
        48,
        21,
        138,
        133,
        113,
        221,
        94,
        82,
        100,
        81,
        74,
        55,
        52,
        151,
        150,
        99,
        162,
        168,
        214,
        78,
        240,
        224,
        100,
        118,
        67,
        110,
        139,
        65,
        178,
        138,
        178,
        154,
        66,
        96,
        192,
        149,
        105,
        67,
        145,
        205,
        55,
        127,
        87,
        94,
        141,
        225,
        209,
        191,
        50,
        199,
        105,
        166,
        49,
        58,
        246,
        222,
        18,
        118,
        103,
        77,
        192,
        212,
        153,
        28,
        77,
        0,
        198],
    [   168,
        194,
        225,
        157,
        205,
        181,
        136,
        222,
        23,
        112,
        132,
        154,
        167,
        195,
        224,
        187,
        137,
        48,
        191,
        65,
        50,
        144,
        184,
        91,
        33,
        98,
        93,
        212,
        166,
        206,
        175,
        108,
        72,
        144,
        50,
        162,
        138,
        22,
        76,
        231,
        193,
        130,
        66,
        151,
        75,
        111,
        256,
        63,
        72,
        78,
        42,
        153,
        53,
        200,
        81,
        228,
        149,
        87,
        24,
        213,
        213,
        146,
        131,
        38,
        46,
        140,
        226,
        122,
        198,
        0]]
;
task=[   555,
    191,
    376,
    338,
    125,
    0,
    210,
    56,
    51,
    301,
    88,
    392,
    353,
    34,
    35,
    363,
    307,
    46,
    65,
    40,
    222,
    18,
    315,
    205,
    185,
    188,
    8,
    224,
    180,
    514,
    238,
    42,
    353,
    192,
    156,
    42,
    589,
    391,
    238,
    399,
    114,
    580,
    91,
    165,
    347,
    100,
    142,
    335,
    141,
    326,
    197,
    275,
    3,
    378,
    132,
    195,
    77,
    168,
    137,
    357,
    95,
    35,
    103,
    66,
    273,
    174,
    55,
    375,
    287,
    120]
;
minW=[   2,
    125,
    7,
    63,
    19,
    0,
    16,
    51,
    116,
    93,
    72,
    28,
    51,
    22,
    31,
    41,
    9,
    4,
    39,
    121,
    83,
    263,
    40,
    151,
    100,
    0,
    76,
    197,
    62,
    12,
    95,
    12,
    95,
    103,
    12,
    18,
    54,
    135,
    92,
    61,
    60,
    43,
    205,
    43,
    103,
    35,
    56,
    161,
    92,
    76,
    6,
    87,
    0,
    15,
    78,
    56,
    41,
    21,
    56,
    84,
    112,
    106,
    39,
    146,
    28,
    214,
    126,
    48,
    43,
    166]
;
maxW=[   116,
    412,
    456,
    221,
    139,
    720,
    496,
    387,
    271,
    221,
    216,
    63,
    278,
    349,
    353,
    299,
    176,
    300,
    274,
    234,
    143,
    307,
    197,
    355,
    492,
    459,
    413,
    342,
    303,
    231,
    299,
    388,
    170,
    480,
    350,
    198,
    235,
    417,
    348,
    225,
    223,
    307,
    266,
    442,
    301,
    274,
    297,
    284,
    336,
    366,
    504,
    203,
    340,
    326,
    497,
    298,
    165,
    495,
    335,
    190,
    311,
    444,
    295,
    390,
    443,
    269,
    483,
    289,
    311,
    235]
;