// Generated by InstanceGenerator.py v0.1
// Juan Francisco Martinez Vera
// AMMM - MIRI, FIB UPC
//
// RAND_SEED=1484846081

bigM=100000;

nLocations=30;
startLocation=13;
distances=[   [   0,
        189,
        204,
        245,
        207,
        259,
        140,
        193,
        225,
        158,
        65,
        138,
        83,
        283,
        290,
        143,
        223,
        184,
        143,
        379,
        267,
        92,
        254,
        197,
        191,
        132,
        105,
        113,
        128,
        281],
    [   189,
        0,
        389,
        189,
        303,
        143,
        308,
        246,
        413,
        339,
        190,
        294,
        138,
        264,
        307,
        46,
        319,
        373,
        54,
        375,
        290,
        261,
        198,
        380,
        37,
        311,
        200,
        138,
        317,
        347],
    [   204,
        389,
        0,
        375,
        310,
        419,
        179,
        262,
        34,
        53,
        205,
        205,
        258,
        371,
        342,
        345,
        218,
        86,
        347,
        425,
        411,
        185,
        380,
        13,
        395,
        149,
        269,
        308,
        87,
        284],
    [   245,
        189,
        375,
        0,
        436,
        74,
        384,
        125,
        407,
        322,
        192,
        383,
        162,
        77,
        131,
        192,
        204,
        402,
        213,
        187,
        458,
        337,
        9,
        362,
        226,
        371,
        323,
        281,
        339,
        196],
    [   207,
        303,
        310,
        436,
        0,
        427,
        131,
        400,
        308,
        294,
        272,
        105,
        277,
        485,
        496,
        267,
        423,
        233,
        250,
        586,
        110,
        139,
        446,
        313,
        278,
        161,
        113,
        165,
        229,
        486],
    [   259,
        143,
        419,
        74,
        427,
        0,
        398,
        190,
        450,
        366,
        220,
        391,
        176,
        148,
        205,
        163,
        271,
        433,
        182,
        251,
        431,
        349,
        78,
        407,
        180,
        390,
        315,
        263,
        371,
        270],
    [   140,
        308,
        179,
        384,
        131,
        398,
        0,
        315,
        177,
        167,
        195,
        27,
        224,
        416,
        413,
        263,
        318,
        104,
        255,
        503,
        235,
        49,
        393,
        182,
        298,
        30,
        123,
        182,
        101,
        385],
    [   193,
        246,
        262,
        125,
        400,
        190,
        315,
        0,
        295,
        212,
        128,
        323,
        138,
        110,
        97,
        224,
        81,
        305,
        241,
        188,
        452,
        275,
        128,
        248,
        275,
        295,
        294,
        277,
        246,
        102],
    [   225,
        413,
        34,
        407,
        308,
        450,
        177,
        295,
        0,
        84,
        233,
        205,
        285,
        405,
        377,
        368,
        252,
        75,
        368,
        459,
        412,
        192,
        413,
        47,
        417,
        149,
        279,
        323,
        99,
        318],
    [   158,
        339,
        53,
        322,
        294,
        366,
        167,
        212,
        84,
        0,
        152,
        190,
        205,
        323,
        298,
        295,
        178,
        103,
        298,
        383,
        387,
        159,
        328,
        42,
        347,
        137,
        236,
        267,
        66,
        247],
    [   65,
        190,
        205,
        192,
        272,
        220,
        195,
        128,
        233,
        152,
        0,
        198,
        53,
        221,
        225,
        150,
        163,
        212,
        158,
        315,
        328,
        150,
        200,
        194,
        204,
        179,
        168,
        161,
        150,
        218],
    [   138,
        294,
        205,
        383,
        105,
        391,
        27,
        323,
        205,
        190,
        198,
        0,
        221,
        420,
        420,
        250,
        332,
        132,
        240,
        511,
        207,
        47,
        392,
        207,
        281,
        56,
        101,
        163,
        124,
        398],
    [   83,
        138,
        258,
        162,
        277,
        176,
        224,
        138,
        285,
        205,
        53,
        221,
        0,
        208,
        226,
        100,
        194,
        258,
        112,
        312,
        315,
        175,
        171,
        248,
        155,
        214,
        165,
        138,
        197,
        238],
    [   283,
        264,
        371,
        77,
        485,
        148,
        416,
        110,
        405,
        323,
        221,
        420,
        208,
        0,
        60,
        261,
        169,
        414,
        281,
        111,
        519,
        372,
        70,
        358,
        300,
        398,
        374,
        341,
        354,
        138],
    [   290,
        307,
        342,
        131,
        496,
        205,
        413,
        97,
        377,
        298,
        225,
        420,
        226,
        60,
        0,
        296,
        127,
        396,
        315,
        90,
        542,
        373,
        126,
        329,
        340,
        391,
        388,
        364,
        339,
        81],
    [   143,
        46,
        345,
        192,
        267,
        163,
        263,
        224,
        368,
        295,
        150,
        250,
        100,
        261,
        296,
        0,
        291,
        327,
        20,
        372,
        268,
        215,
        202,
        336,
        54,
        265,
        159,
        101,
        272,
        327],
    [   223,
        319,
        218,
        204,
        423,
        271,
        318,
        81,
        252,
        178,
        163,
        332,
        194,
        169,
        127,
        291,
        0,
        280,
        305,
        206,
        490,
        287,
        205,
        205,
        344,
        292,
        328,
        324,
        230,
        68],
    [   184,
        373,
        86,
        402,
        233,
        433,
        104,
        305,
        75,
        103,
        212,
        132,
        258,
        414,
        396,
        327,
        280,
        0,
        324,
        483,
        339,
        128,
        409,
        94,
        371,
        78,
        216,
        267,
        62,
        349],
    [   143,
        54,
        347,
        213,
        250,
        182,
        255,
        241,
        368,
        298,
        158,
        240,
        112,
        281,
        315,
        20,
        305,
        324,
        0,
        392,
        248,
        208,
        222,
        339,
        48,
        259,
        145,
        85,
        271,
        343],
    [   379,
        375,
        425,
        187,
        586,
        251,
        503,
        188,
        459,
        383,
        315,
        511,
        312,
        111,
        90,
        372,
        206,
        483,
        392,
        0,
        627,
        463,
        179,
        411,
        411,
        482,
        476,
        449,
        428,
        143],
    [   267,
        290,
        411,
        458,
        110,
        431,
        235,
        452,
        412,
        387,
        328,
        207,
        315,
        519,
        542,
        268,
        490,
        339,
        248,
        627,
        0,
        228,
        467,
        412,
        257,
        263,
        162,
        178,
        326,
        547],
    [   92,
        261,
        185,
        337,
        139,
        349,
        49,
        275,
        192,
        159,
        150,
        47,
        175,
        372,
        373,
        215,
        287,
        128,
        208,
        463,
        228,
        0,
        346,
        184,
        252,
        52,
        88,
        141,
        98,
        352],
    [   254,
        198,
        380,
        9,
        446,
        78,
        393,
        128,
        413,
        328,
        200,
        392,
        171,
        70,
        126,
        202,
        205,
        409,
        222,
        179,
        467,
        346,
        0,
        368,
        234,
        380,
        332,
        291,
        347,
        195],
    [   197,
        380,
        13,
        362,
        313,
        407,
        182,
        248,
        47,
        42,
        194,
        207,
        248,
        358,
        329,
        336,
        205,
        94,
        339,
        411,
        412,
        184,
        368,
        0,
        388,
        151,
        267,
        303,
        86,
        271],
    [   191,
        37,
        395,
        226,
        278,
        180,
        298,
        275,
        417,
        347,
        204,
        281,
        155,
        300,
        340,
        54,
        344,
        371,
        48,
        411,
        257,
        252,
        234,
        388,
        0,
        304,
        182,
        119,
        319,
        377],
    [   132,
        311,
        149,
        371,
        161,
        390,
        30,
        295,
        149,
        137,
        179,
        56,
        214,
        398,
        391,
        265,
        292,
        78,
        259,
        482,
        263,
        52,
        380,
        151,
        304,
        0,
        139,
        194,
        70,
        360],
    [   105,
        200,
        269,
        323,
        113,
        315,
        123,
        294,
        279,
        236,
        168,
        101,
        165,
        374,
        388,
        159,
        328,
        216,
        145,
        476,
        162,
        88,
        332,
        267,
        182,
        139,
        0,
        63,
        182,
        386],
    [   113,
        138,
        308,
        281,
        165,
        263,
        182,
        277,
        323,
        267,
        161,
        163,
        138,
        341,
        364,
        101,
        324,
        267,
        85,
        449,
        178,
        141,
        291,
        303,
        119,
        194,
        63,
        0,
        224,
        375],
    [   128,
        317,
        87,
        339,
        229,
        371,
        101,
        246,
        99,
        66,
        150,
        124,
        197,
        354,
        339,
        272,
        230,
        62,
        271,
        428,
        326,
        98,
        347,
        86,
        319,
        70,
        182,
        224,
        0,
        299],
    [   281,
        347,
        284,
        196,
        486,
        270,
        385,
        102,
        318,
        247,
        218,
        398,
        238,
        138,
        81,
        327,
        68,
        349,
        343,
        143,
        547,
        352,
        195,
        271,
        377,
        360,
        386,
        375,
        299,
        0]]
;
task=[   70,
    210,
    195,
    68,
    24,
    317,
    129,
    260,
    21,
    227,
    472,
    190,
    0,
    108,
    172,
    220,
    162,
    132,
    385,
    64,
    28,
    296,
    136,
    34,
    201,
    224,
    237,
    132,
    269,
    55]
;
minW=[   74,
    87,
    38,
    122,
    10,
    139,
    209,
    90,
    82,
    37,
    34,
    83,
    0,
    94,
    171,
    48,
    127,
    114,
    39,
    179,
    235,
    91,
    157,
    214,
    8,
    60,
    135,
    50,
    112,
    154]
;
maxW=[   180,
    211,
    390,
    361,
    377,
    266,
    393,
    196,
    509,
    470,
    546,
    570,
    720,
    295,
    658,
    448,
    557,
    386,
    470,
    477,
    665,
    648,
    424,
    318,
    201,
    302,
    536,
    640,
    241,
    616]
;