// Generated by InstanceGenerator.py v0.1
// Juan Francisco Martinez Vera
// AMMM - MIRI, FIB UPC
//
// RAND_SEED=1484826915

bigM=100000;

nLocations=50;
startLocation=45;
distances=[   [   0,
        112,
        150,
        78,
        177,
        133,
        85,
        185,
        78,
        191,
        105,
        110,
        128,
        40,
        146,
        224,
        122,
        177,
        173,
        35,
        64,
        110,
        174,
        25,
        106,
        198,
        209,
        64,
        171,
        191,
        118,
        164,
        47,
        103,
        81,
        110,
        156,
        154,
        49,
        147,
        122,
        150,
        140,
        95,
        107,
        50,
        21,
        74,
        120,
        107],
    [   112,
        0,
        53,
        60,
        116,
        26,
        146,
        155,
        34,
        91,
        16,
        24,
        45,
        75,
        38,
        168,
        211,
        71,
        61,
        79,
        119,
        57,
        62,
        92,
        113,
        111,
        124,
        50,
        129,
        124,
        11,
        140,
        65,
        182,
        41,
        192,
        51,
        159,
        89,
        64,
        102,
        130,
        55,
        87,
        67,
        65,
        99,
        74,
        112,
        174],
    [   150,
        53,
        0,
        113,
        70,
        28,
        156,
        119,
        81,
        110,
        70,
        76,
        23,
        110,
        64,
        120,
        226,
        30,
        60,
        122,
        134,
        49,
        54,
        126,
        107,
        57,
        70,
        87,
        91,
        75,
        60,
        110,
        108,
        194,
        69,
        205,
        15,
        140,
        139,
        104,
        86,
        104,
        17,
        86,
        59,
        111,
        143,
        128,
        99,
        183],
    [   78,
        60,
        113,
        0,
        168,
        87,
        145,
        197,
        37,
        115,
        44,
        43,
        99,
        60,
        79,
        220,
        197,
        130,
        110,
        44,
        117,
        99,
        113,
        71,
        135,
        170,
        183,
        49,
        174,
        178,
        58,
        179,
        41,
        173,
        63,
        182,
        112,
        187,
        35,
        70,
        135,
        167,
        111,
        111,
        104,
        31,
        57,
        14,
        141,
        172],
    [   177,
        116,
        70,
        168,
        0,
        95,
        144,
        54,
        131,
        180,
        132,
        140,
        70,
        140,
        134,
        52,
        212,
        86,
        128,
        160,
        134,
        70,
        121,
        151,
        88,
        45,
        48,
        126,
        27,
        15,
        125,
        53,
        147,
        180,
        107,
        191,
        83,
        92,
        184,
        173,
        62,
        56,
        61,
        84,
        70,
        154,
        177,
        181,
        72,
        164],
    [   133,
        26,
        28,
        87,
        95,
        0,
        154,
        140,
        58,
        92,
        43,
        48,
        28,
        94,
        40,
        147,
        222,
        45,
        49,
        102,
        129,
        51,
        46,
        111,
        113,
        85,
        98,
        69,
        112,
        102,
        32,
        128,
        88,
        191,
        54,
        202,
        25,
        153,
        115,
        78,
        96,
        120,
        34,
        88,
        63,
        89,
        122,
        101,
        108,
        182],
    [   85,
        146,
        156,
        145,
        144,
        154,
        0,
        127,
        123,
        237,
        149,
        158,
        133,
        84,
        184,
        177,
        70,
        186,
        203,
        103,
        28,
        106,
        200,
        76,
        56,
        181,
        190,
        102,
        126,
        159,
        156,
        108,
        103,
        38,
        104,
        49,
        168,
        82,
        129,
        202,
        82,
        96,
        139,
        70,
        96,
        113,
        103,
        148,
        72,
        28],
    [   185,
        155,
        119,
        197,
        54,
        140,
        127,
        0,
        160,
        230,
        169,
        179,
        112,
        155,
        180,
        52,
        186,
        139,
        179,
        178,
        128,
        100,
        173,
        161,
        79,
        97,
        97,
        150,
        28,
        61,
        166,
        20,
        168,
        157,
        133,
        166,
        134,
        52,
        205,
        217,
        64,
        34,
        106,
        91,
        93,
        176,
        191,
        209,
        64,
        139],
    [   78,
        34,
        81,
        37,
        131,
        58,
        123,
        160,
        0,
        117,
        28,
        35,
        64,
        43,
        68,
        183,
        184,
        103,
        95,
        44,
        94,
        61,
        96,
        60,
        103,
        136,
        149,
        20,
        137,
        142,
        39,
        143,
        31,
        156,
        27,
        166,
        83,
        153,
        57,
        79,
        99,
        131,
        77,
        77,
        67,
        30,
        64,
        50,
        106,
        151],
    [   191,
        91,
        110,
        115,
        180,
        92,
        237,
        230,
        117,
        0,
        89,
        82,
        121,
        160,
        54,
        226,
        301,
        97,
        52,
        155,
        210,
        143,
        59,
        177,
        204,
        153,
        163,
        137,
        201,
        182,
        81,
        220,
        145,
        272,
        133,
        283,
        96,
        246,
        151,
        46,
        188,
        212,
        124,
        178,
        154,
        140,
        172,
        125,
        200,
        266],
    [   105,
        16,
        70,
        44,
        132,
        43,
        149,
        169,
        28,
        89,
        0,
        10,
        61,
        71,
        40,
        184,
        211,
        86,
        69,
        70,
        121,
        70,
        71,
        88,
        122,
        128,
        140,
        47,
        143,
        140,
        14,
        153,
        58,
        183,
        46,
        193,
        67,
        170,
        76,
        54,
        113,
        143,
        72,
        95,
        78,
        55,
        89,
        59,
        123,
        177],
    [   110,
        24,
        76,
        43,
        140,
        48,
        158,
        179,
        35,
        82,
        10,
        0,
        69,
        78,
        37,
        193,
        219,
        89,
        67,
        74,
        129,
        79,
        70,
        95,
        132,
        134,
        146,
        55,
        153,
        148,
        16,
        163,
        64,
        191,
        55,
        201,
        72,
        180,
        77,
        45,
        123,
        153,
        80,
        105,
        88,
        59,
        93,
        57,
        133,
        186],
    [   128,
        45,
        23,
        99,
        70,
        28,
        133,
        112,
        64,
        121,
        61,
        69,
        0,
        88,
        69,
        123,
        203,
        53,
        75,
        102,
        110,
        26,
        70,
        104,
        87,
        72,
        84,
        67,
        84,
        79,
        54,
        99,
        88,
        171,
        47,
        182,
        35,
        124,
        121,
        105,
        68,
        91,
        12,
        64,
        37,
        92,
        122,
        114,
        80,
        160],
    [   40,
        75,
        110,
        60,
        140,
        94,
        84,
        155,
        43,
        160,
        71,
        78,
        88,
        0,
        111,
        189,
        141,
        137,
        137,
        23,
        56,
        71,
        137,
        17,
        82,
        158,
        170,
        25,
        137,
        153,
        82,
        134,
        19,
        114,
        40,
        124,
        116,
        134,
        51,
        121,
        90,
        121,
        99,
        63,
        69,
        29,
        37,
        64,
        92,
        112],
    [   146,
        38,
        64,
        79,
        134,
        40,
        184,
        180,
        68,
        54,
        40,
        37,
        69,
        111,
        0,
        184,
        249,
        63,
        30,
        111,
        157,
        89,
        35,
        128,
        149,
        116,
        128,
        86,
        152,
        139,
        28,
        168,
        99,
        220,
        79,
        230,
        52,
        192,
        114,
        40,
        135,
        160,
        74,
        123,
        100,
        96,
        130,
        93,
        146,
        213],
    [   224,
        168,
        120,
        220,
        52,
        147,
        177,
        52,
        183,
        226,
        184,
        193,
        123,
        189,
        184,
        0,
        238,
        129,
        174,
        210,
        173,
        122,
        166,
        199,
        124,
        75,
        68,
        178,
        52,
        45,
        177,
        69,
        198,
        208,
        159,
        217,
        132,
        104,
        235,
        224,
        102,
        80,
        113,
        128,
        120,
        205,
        227,
        233,
        108,
        191],
    [   122,
        211,
        226,
        197,
        212,
        222,
        70,
        186,
        184,
        301,
        211,
        219,
        203,
        141,
        249,
        238,
        0,
        257,
        270,
        153,
        93,
        176,
        269,
        126,
        125,
        251,
        259,
        164,
        191,
        227,
        221,
        169,
        158,
        32,
        170,
        21,
        238,
        134,
        172,
        262,
        151,
        159,
        210,
        140,
        166,
        166,
        144,
        196,
        140,
        47],
    [   177,
        71,
        30,
        130,
        86,
        45,
        186,
        139,
        103,
        97,
        86,
        89,
        53,
        137,
        63,
        129,
        257,
        0,
        45,
        147,
        164,
        80,
        37,
        154,
        137,
        56,
        66,
        113,
        111,
        86,
        72,
        133,
        133,
        225,
        96,
        236,
        20,
        166,
        160,
        103,
        115,
        130,
        47,
        116,
        90,
        134,
        167,
        145,
        127,
        213],
    [   173,
        61,
        60,
        110,
        128,
        49,
        203,
        179,
        95,
        52,
        69,
        67,
        75,
        137,
        30,
        174,
        270,
        45,
        0,
        139,
        177,
        100,
        7,
        154,
        162,
        101,
        111,
        111,
        151,
        130,
        55,
        170,
        126,
        240,
        100,
        251,
        45,
        199,
        144,
        63,
        143,
        164,
        76,
        137,
        112,
        124,
        159,
        124,
        155,
        231],
    [   35,
        79,
        122,
        44,
        160,
        102,
        103,
        178,
        44,
        155,
        70,
        74,
        102,
        23,
        111,
        210,
        153,
        147,
        139,
        0,
        76,
        90,
        140,
        28,
        106,
        174,
        186,
        35,
        160,
        173,
        83,
        158,
        14,
        129,
        55,
        138,
        126,
        157,
        27,
        112,
        113,
        145,
        114,
        86,
        90,
        15,
        20,
        44,
        116,
        129],
    [   64,
        119,
        134,
        117,
        134,
        129,
        28,
        128,
        94,
        210,
        121,
        129,
        110,
        56,
        157,
        173,
        93,
        164,
        177,
        76,
        0,
        85,
        175,
        49,
        49,
        166,
        176,
        74,
        120,
        149,
        129,
        107,
        75,
        62,
        77,
        73,
        145,
        91,
        103,
        174,
        71,
        94,
        118,
        51,
        76,
        85,
        79,
        120,
        65,
        56],
    [   110,
        57,
        49,
        99,
        70,
        51,
        106,
        100,
        61,
        143,
        70,
        79,
        26,
        71,
        89,
        122,
        176,
        80,
        100,
        90,
        85,
        0,
        96,
        85,
        61,
        87,
        99,
        56,
        75,
        83,
        68,
        83,
        76,
        145,
        36,
        155,
        62,
        103,
        113,
        121,
        45,
        73,
        33,
        37,
        11,
        83,
        108,
        111,
        56,
        133],
    [   174,
        62,
        54,
        113,
        121,
        46,
        200,
        173,
        96,
        59,
        71,
        70,
        70,
        137,
        35,
        166,
        269,
        37,
        7,
        140,
        175,
        96,
        0,
        154,
        158,
        93,
        104,
        111,
        144,
        122,
        57,
        164,
        127,
        238,
        99,
        249,
        39,
        194,
        147,
        70,
        138,
        159,
        70,
        133,
        108,
        126,
        160,
        127,
        151,
        228],
    [   25,
        92,
        126,
        71,
        151,
        111,
        76,
        161,
        60,
        177,
        88,
        95,
        104,
        17,
        128,
        199,
        126,
        154,
        154,
        28,
        49,
        85,
        154,
        0,
        85,
        172,
        184,
        42,
        146,
        166,
        99,
        141,
        31,
        101,
        57,
        111,
        133,
        135,
        53,
        136,
        97,
        127,
        115,
        71,
        82,
        39,
        31,
        72,
        97,
        101],
    [   106,
        113,
        107,
        135,
        88,
        113,
        56,
        79,
        103,
        204,
        122,
        132,
        87,
        82,
        149,
        124,
        125,
        137,
        162,
        106,
        49,
        61,
        158,
        85,
        0,
        126,
        134,
        86,
        72,
        103,
        125,
        58,
        98,
        93,
        77,
        103,
        121,
        52,
        134,
        177,
        26,
        45,
        90,
        26,
        49,
        108,
        116,
        144,
        16,
        78],
    [   198,
        111,
        57,
        170,
        45,
        85,
        181,
        97,
        136,
        153,
        128,
        134,
        72,
        158,
        116,
        75,
        251,
        56,
        101,
        174,
        166,
        87,
        93,
        172,
        126,
        0,
        12,
        139,
        72,
        36,
        117,
        98,
        160,
        219,
        119,
        229,
        64,
        137,
        193,
        157,
        99,
        100,
        59,
        114,
        92,
        165,
        193,
        184,
        111,
        204],
    [   209,
        124,
        70,
        183,
        48,
        98,
        190,
        97,
        149,
        163,
        140,
        146,
        84,
        170,
        128,
        68,
        259,
        66,
        111,
        186,
        176,
        99,
        104,
        184,
        134,
        12,
        0,
        151,
        75,
        36,
        130,
        101,
        172,
        227,
        131,
        237,
        76,
        141,
        206,
        169,
        107,
        105,
        72,
        124,
        103,
        177,
        206,
        197,
        119,
        211],
    [   64,
        50,
        87,
        49,
        126,
        69,
        102,
        150,
        20,
        137,
        47,
        55,
        67,
        25,
        86,
        178,
        164,
        113,
        111,
        35,
        74,
        56,
        111,
        42,
        86,
        139,
        151,
        0,
        129,
        139,
        57,
        131,
        21,
        135,
        19,
        146,
        93,
        137,
        57,
        100,
        86,
        118,
        79,
        62,
        58,
        27,
        55,
        59,
        92,
        131],
    [   171,
        129,
        91,
        174,
        27,
        112,
        126,
        28,
        137,
        201,
        143,
        153,
        84,
        137,
        152,
        52,
        191,
        111,
        151,
        160,
        120,
        75,
        144,
        146,
        72,
        72,
        75,
        129,
        0,
        38,
        139,
        26,
        148,
        160,
        111,
        170,
        105,
        66,
        185,
        190,
        50,
        31,
        77,
        76,
        71,
        156,
        175,
        187,
        55,
        143],
    [   191,
        124,
        75,
        178,
        15,
        102,
        159,
        61,
        142,
        182,
        140,
        148,
        79,
        153,
        139,
        45,
        227,
        86,
        130,
        173,
        149,
        83,
        122,
        166,
        103,
        36,
        36,
        139,
        38,
        0,
        133,
        65,
        160,
        195,
        119,
        205,
        87,
        104,
        196,
        179,
        78,
        69,
        68,
        99,
        84,
        166,
        191,
        192,
        87,
        179],
    [   118,
        11,
        60,
        58,
        125,
        32,
        156,
        166,
        39,
        81,
        14,
        16,
        54,
        82,
        28,
        177,
        221,
        72,
        55,
        83,
        129,
        68,
        57,
        99,
        125,
        117,
        130,
        57,
        139,
        133,
        0,
        151,
        71,
        191,
        51,
        202,
        55,
        171,
        90,
        52,
        114,
        142,
        64,
        98,
        78,
        69,
        103,
        72,
        124,
        185],
    [   164,
        140,
        110,
        179,
        53,
        128,
        108,
        20,
        143,
        220,
        153,
        163,
        99,
        134,
        168,
        69,
        169,
        133,
        170,
        158,
        107,
        83,
        164,
        141,
        58,
        98,
        101,
        131,
        26,
        65,
        151,
        0,
        148,
        139,
        115,
        148,
        125,
        39,
        185,
        204,
        44,
        13,
        95,
        71,
        75,
        157,
        171,
        190,
        44,
        122],
    [   47,
        65,
        108,
        41,
        147,
        88,
        103,
        168,
        31,
        145,
        58,
        64,
        88,
        19,
        99,
        198,
        158,
        133,
        126,
        14,
        75,
        76,
        127,
        31,
        98,
        160,
        172,
        21,
        148,
        160,
        71,
        148,
        0,
        132,
        41,
        142,
        112,
        150,
        37,
        104,
        103,
        135,
        100,
        77,
        77,
        10,
        34,
        46,
        107,
        131],
    [   103,
        182,
        194,
        173,
        180,
        191,
        38,
        157,
        156,
        272,
        183,
        191,
        171,
        114,
        220,
        208,
        32,
        225,
        240,
        129,
        62,
        145,
        238,
        101,
        93,
        219,
        227,
        135,
        160,
        195,
        191,
        139,
        132,
        0,
        140,
        10,
        206,
        107,
        151,
        235,
        119,
        129,
        178,
        108,
        134,
        141,
        123,
        173,
        108,
        18],
    [   81,
        41,
        69,
        63,
        107,
        54,
        104,
        133,
        27,
        133,
        46,
        55,
        47,
        40,
        79,
        159,
        170,
        96,
        100,
        55,
        77,
        36,
        99,
        57,
        77,
        119,
        131,
        19,
        111,
        119,
        51,
        115,
        41,
        140,
        0,
        151,
        76,
        127,
        76,
        100,
        72,
        103,
        59,
        51,
        40,
        47,
        74,
        75,
        79,
        133],
    [   110,
        192,
        205,
        182,
        191,
        202,
        49,
        166,
        166,
        283,
        193,
        201,
        182,
        124,
        230,
        217,
        21,
        236,
        251,
        138,
        73,
        155,
        249,
        111,
        103,
        229,
        237,
        146,
        170,
        205,
        202,
        148,
        142,
        10,
        151,
        0,
        217,
        115,
        159,
        245,
        129,
        138,
        189,
        119,
        145,
        150,
        131,
        182,
        118,
        26],
    [   156,
        51,
        15,
        112,
        83,
        25,
        168,
        134,
        83,
        96,
        67,
        72,
        35,
        116,
        52,
        132,
        238,
        20,
        45,
        126,
        145,
        62,
        39,
        133,
        121,
        64,
        76,
        93,
        105,
        87,
        55,
        125,
        112,
        206,
        76,
        217,
        0,
        155,
        140,
        93,
        100,
        119,
        31,
        99,
        72,
        114,
        147,
        126,
        113,
        195],
    [   154,
        159,
        140,
        187,
        92,
        153,
        82,
        52,
        153,
        246,
        170,
        180,
        124,
        134,
        192,
        104,
        134,
        166,
        199,
        157,
        91,
        103,
        194,
        135,
        52,
        137,
        141,
        137,
        66,
        104,
        171,
        39,
        150,
        107,
        127,
        115,
        155,
        0,
        185,
        224,
        57,
        37,
        123,
        76,
        92,
        160,
        166,
        196,
        47,
        89],
    [   49,
        89,
        139,
        35,
        184,
        115,
        129,
        205,
        57,
        151,
        76,
        77,
        121,
        51,
        114,
        235,
        172,
        160,
        144,
        27,
        103,
        113,
        147,
        53,
        134,
        193,
        206,
        57,
        185,
        196,
        90,
        185,
        37,
        151,
        76,
        159,
        140,
        185,
        0,
        105,
        140,
        172,
        133,
        114,
        115,
        29,
        28,
        26,
        143,
        153],
    [   147,
        64,
        104,
        70,
        173,
        78,
        202,
        217,
        79,
        46,
        54,
        45,
        105,
        121,
        40,
        224,
        262,
        103,
        63,
        112,
        174,
        121,
        70,
        136,
        177,
        157,
        169,
        100,
        190,
        179,
        52,
        204,
        104,
        235,
        100,
        245,
        93,
        224,
        105,
        0,
        166,
        194,
        113,
        150,
        131,
        97,
        128,
        79,
        176,
        231],
    [   122,
        102,
        86,
        135,
        62,
        96,
        82,
        64,
        99,
        188,
        113,
        123,
        68,
        90,
        135,
        102,
        151,
        115,
        143,
        113,
        71,
        45,
        138,
        97,
        26,
        99,
        107,
        86,
        50,
        78,
        114,
        44,
        103,
        119,
        72,
        129,
        100,
        57,
        140,
        166,
        0,
        31,
        69,
        27,
        35,
        112,
        127,
        146,
        12,
        104],
    [   150,
        130,
        104,
        167,
        56,
        120,
        96,
        34,
        131,
        212,
        143,
        153,
        91,
        121,
        160,
        80,
        159,
        130,
        164,
        145,
        94,
        73,
        159,
        127,
        45,
        100,
        105,
        118,
        31,
        69,
        142,
        13,
        135,
        129,
        103,
        138,
        119,
        37,
        172,
        194,
        31,
        0,
        88,
        58,
        64,
        144,
        157,
        177,
        30,
        112],
    [   140,
        55,
        17,
        111,
        61,
        34,
        139,
        106,
        77,
        124,
        72,
        80,
        12,
        99,
        74,
        113,
        210,
        47,
        76,
        114,
        118,
        33,
        70,
        115,
        90,
        59,
        72,
        79,
        77,
        68,
        64,
        95,
        100,
        178,
        59,
        189,
        31,
        123,
        133,
        113,
        69,
        88,
        0,
        69,
        43,
        105,
        134,
        126,
        81,
        166],
    [   95,
        87,
        86,
        111,
        84,
        88,
        70,
        91,
        77,
        178,
        95,
        105,
        64,
        63,
        123,
        128,
        140,
        116,
        137,
        86,
        51,
        37,
        133,
        71,
        26,
        114,
        124,
        62,
        76,
        99,
        98,
        71,
        77,
        108,
        51,
        119,
        99,
        76,
        114,
        150,
        27,
        58,
        69,
        0,
        26,
        86,
        100,
        121,
        29,
        96],
    [   107,
        67,
        59,
        104,
        70,
        63,
        96,
        93,
        67,
        154,
        78,
        88,
        37,
        69,
        100,
        120,
        166,
        90,
        112,
        90,
        76,
        11,
        108,
        82,
        49,
        92,
        103,
        58,
        71,
        84,
        78,
        75,
        77,
        134,
        40,
        145,
        72,
        92,
        115,
        131,
        35,
        64,
        43,
        26,
        0,
        85,
        107,
        116,
        45,
        123],
    [   50,
        65,
        111,
        31,
        154,
        89,
        113,
        176,
        30,
        140,
        55,
        59,
        92,
        29,
        96,
        205,
        166,
        134,
        124,
        15,
        85,
        83,
        126,
        39,
        108,
        165,
        177,
        27,
        156,
        166,
        69,
        157,
        10,
        141,
        47,
        150,
        114,
        160,
        29,
        97,
        112,
        144,
        105,
        86,
        85,
        0,
        34,
        35,
        116,
        140],
    [   21,
        99,
        143,
        57,
        177,
        122,
        103,
        191,
        64,
        172,
        89,
        93,
        122,
        37,
        130,
        227,
        144,
        167,
        159,
        20,
        79,
        108,
        160,
        31,
        116,
        193,
        206,
        55,
        175,
        191,
        103,
        171,
        34,
        123,
        74,
        131,
        147,
        166,
        28,
        128,
        127,
        157,
        134,
        100,
        107,
        34,
        0,
        53,
        127,
        126],
    [   74,
        74,
        128,
        14,
        181,
        101,
        148,
        209,
        50,
        125,
        59,
        57,
        114,
        64,
        93,
        233,
        196,
        145,
        124,
        44,
        120,
        111,
        127,
        72,
        144,
        184,
        197,
        59,
        187,
        192,
        72,
        190,
        46,
        173,
        75,
        182,
        126,
        196,
        26,
        79,
        146,
        177,
        126,
        121,
        116,
        35,
        53,
        0,
        151,
        174],
    [   120,
        112,
        99,
        141,
        72,
        108,
        72,
        64,
        106,
        200,
        123,
        133,
        80,
        92,
        146,
        108,
        140,
        127,
        155,
        116,
        65,
        56,
        151,
        97,
        16,
        111,
        119,
        92,
        55,
        87,
        124,
        44,
        107,
        108,
        79,
        118,
        113,
        47,
        143,
        176,
        12,
        30,
        81,
        29,
        45,
        116,
        127,
        151,
        0,
        92],
    [   107,
        174,
        183,
        172,
        164,
        182,
        28,
        139,
        151,
        266,
        177,
        186,
        160,
        112,
        213,
        191,
        47,
        213,
        231,
        129,
        56,
        133,
        228,
        101,
        78,
        204,
        211,
        131,
        143,
        179,
        185,
        122,
        131,
        18,
        133,
        26,
        195,
        89,
        153,
        231,
        104,
        112,
        166,
        96,
        123,
        140,
        126,
        174,
        92,
        0]]
;
task=[   22,
    520,
    475,
    473,
    389,
    97,
    272,
    347,
    298,
    43,
    178,
    214,
    376,
    325,
    252,
    319,
    361,
    254,
    413,
    334,
    310,
    101,
    354,
    115,
    94,
    462,
    374,
    57,
    411,
    521,
    386,
    54,
    436,
    410,
    548,
    66,
    292,
    244,
    29,
    277,
    602,
    530,
    291,
    311,
    0,
    370,
    113,
    183,
    164,
    28]
;
minW=[   45,
    40,
    54,
    52,
    35,
    14,
    32,
    84,
    29,
    74,
    26,
    0,
    0,
    34,
    27,
    69,
    122,
    44,
    109,
    3,
    38,
    1,
    95,
    11,
    21,
    23,
    98,
    18,
    40,
    5,
    30,
    53,
    29,
    36,
    8,
    140,
    2,
    82,
    41,
    0,
    26,
    52,
    14,
    17,
    0,
    79,
    53,
    23,
    32,
    54]
;
maxW=[   507,
    663,
    681,
    105,
    650,
    627,
    629,
    308,
    431,
    670,
    460,
    368,
    609,
    437,
    679,
    411,
    426,
    515,
    503,
    526,
    318,
    559,
    549,
    188,
    405,
    375,
    386,
    603,
    186,
    304,
    280,
    436,
    562,
    469,
    148,
    506,
    170,
    626,
    522,
    293,
    661,
    379,
    663,
    325,
    720,
    139,
    433,
    197,
    324,
    632]
;