// Generated by InstanceGenerator.py v0.1
// Juan Francisco Martinez Vera
// AMMM - MIRI, FIB UPC
//
// RAND_SEED=1484818999

bigM=100000;

nLocations=50;
startLocation=42;
distances=[   [   0,
        171,
        339,
        207,
        275,
        177,
        344,
        248,
        141,
        417,
        98,
        315,
        267,
        371,
        139,
        113,
        110,
        168,
        324,
        266,
        199,
        266,
        113,
        336,
        165,
        290,
        351,
        255,
        286,
        269,
        112,
        264,
        368,
        398,
        218,
        117,
        280,
        262,
        34,
        319,
        138,
        165,
        471,
        82,
        160,
        205,
        431,
        75,
        498,
        216],
    [   171,
        0,
        384,
        120,
        119,
        55,
        336,
        371,
        72,
        368,
        202,
        298,
        97,
        418,
        47,
        183,
        197,
        327,
        296,
        320,
        44,
        290,
        148,
        251,
        206,
        323,
        209,
        336,
        230,
        362,
        70,
        384,
        460,
        295,
        106,
        103,
        401,
        310,
        137,
        388,
        88,
        163,
        387,
        238,
        88,
        144,
        354,
        215,
        432,
        48],
    [   339,
        384,
        0,
        281,
        380,
        433,
        110,
        183,
        313,
        207,
        241,
        132,
        456,
        33,
        397,
        231,
        230,
        286,
        151,
        73,
        364,
        94,
        252,
        258,
        186,
        61,
        377,
        102,
        209,
        112,
        387,
        174,
        127,
        310,
        309,
        422,
        179,
        79,
        343,
        53,
        297,
        221,
        304,
        401,
        446,
        251,
        269,
        272,
        285,
        425],
    [   207,
        120,
        281,
        0,
        106,
        176,
        218,
        316,
        74,
        248,
        175,
        180,
        175,
        314,
        154,
        143,
        161,
        314,
        176,
        227,
        87,
        187,
        112,
        138,
        133,
        220,
        151,
        257,
        109,
        286,
        162,
        325,
        376,
        193,
        29,
        204,
        341,
        215,
        181,
        296,
        70,
        82,
        277,
        289,
        205,
        30,
        240,
        207,
        316,
        150],
    [   275,
        119,
        380,
        106,
        0,
        162,
        301,
        422,
        136,
        299,
        271,
        264,
        100,
        411,
        166,
        242,
        260,
        409,
        254,
        332,
        79,
        287,
        207,
        172,
        239,
        320,
        91,
        364,
        181,
        393,
        188,
        431,
        481,
        195,
        77,
        223,
        447,
        319,
        242,
        400,
        145,
        188,
        294,
        350,
        202,
        135,
        267,
        297,
        347,
        109],
    [   177,
        55,
        433,
        176,
        162,
        0,
        390,
        402,
        120,
        423,
        231,
        352,
        102,
        466,
        41,
        219,
        231,
        343,
        351,
        366,
        96,
        340,
        187,
        306,
        250,
        372,
        253,
        377,
        285,
        401,
        65,
        416,
        501,
        347,
        161,
        75,
        433,
        356,
        144,
        433,
        135,
        211,
        441,
        227,
        40,
        199,
        409,
        235,
        487,
        57],
    [   344,
        336,
        110,
        218,
        301,
        390,
        0,
        266,
        272,
        103,
        254,
        37,
        390,
        130,
        361,
        231,
        238,
        345,
        48,
        125,
        306,
        87,
        236,
        154,
        179,
        84,
        279,
        176,
        120,
        199,
        359,
        263,
        238,
        200,
        242,
        398,
        272,
        117,
        336,
        158,
        258,
        189,
        196,
        419,
        412,
        191,
        159,
        293,
        187,
        368],
    [   248,
        371,
        183,
        316,
        422,
        402,
        266,
        0,
        304,
        369,
        170,
        265,
        464,
        199,
        361,
        188,
        173,
        121,
        285,
        141,
        372,
        189,
        224,
        369,
        183,
        182,
        457,
        90,
        307,
        71,
        341,
        17,
        134,
        433,
        344,
        360,
        31,
        151,
        269,
        133,
        289,
        234,
        459,
        276,
        398,
        290,
        419,
        174,
        454,
        419],
    [   141,
        72,
        313,
        74,
        136,
        120,
        272,
        304,
        0,
        316,
        140,
        235,
        160,
        347,
        88,
        116,
        132,
        274,
        236,
        248,
        69,
        220,
        80,
        212,
        134,
        252,
        209,
        265,
        176,
        291,
        90,
        316,
        389,
        267,
        78,
        132,
        333,
        238,
        111,
        316,
        16,
        91,
        351,
        221,
        140,
        86,
        314,
        161,
        388,
        117],
    [   417,
        368,
        207,
        248,
        299,
        423,
        103,
        369,
        316,
        0,
        337,
        110,
        398,
        219,
        402,
        309,
        320,
        441,
        95,
        228,
        329,
        184,
        304,
        127,
        259,
        187,
        247,
        279,
        139,
        302,
        407,
        366,
        334,
        137,
        263,
        448,
        375,
        219,
        402,
        259,
        306,
        251,
        97,
        496,
        453,
        230,
        67,
        377,
        86,
        389],
    [   98,
        202,
        241,
        175,
        271,
        231,
        254,
        170,
        140,
        337,
        0,
        229,
        298,
        273,
        190,
        33,
        17,
        138,
        242,
        168,
        209,
        172,
        64,
        278,
        77,
        194,
        327,
        159,
        220,
        177,
        171,
        184,
        277,
        344,
        198,
        195,
        201,
        164,
        106,
        222,
        127,
        102,
        404,
        164,
        229,
        159,
        362,
        39,
        422,
        251],
    [   315,
        298,
        132,
        180,
        264,
        352,
        37,
        265,
        235,
        110,
        229,
        0,
        352,
        157,
        324,
        204,
        213,
        331,
        20,
        125,
        268,
        76,
        204,
        125,
        152,
        88,
        247,
        176,
        83,
        202,
        323,
        264,
        256,
        179,
        204,
        363,
        275,
        114,
        305,
        173,
        222,
        155,
        194,
        392,
        376,
        154,
        153,
        269,
        197,
        330],
    [   267,
        97,
        456,
        175,
        100,
        102,
        390,
        464,
        160,
        398,
        298,
        352,
        0,
        489,
        130,
        276,
        292,
        425,
        345,
        399,
        94,
        361,
        240,
        271,
        291,
        395,
        182,
        422,
        272,
        449,
        157,
        476,
        544,
        295,
        148,
        177,
        493,
        387,
        232,
        468,
        175,
        242,
        394,
        326,
        140,
        205,
        368,
        312,
        447,
        50],
    [   371,
        418,
        33,
        314,
        411,
        466,
        130,
        199,
        347,
        219,
        273,
        157,
        489,
        0,
        431,
        264,
        262,
        309,
        174,
        105,
        398,
        127,
        285,
        282,
        220,
        94,
        404,
        126,
        238,
        130,
        421,
        187,
        117,
        331,
        342,
        455,
        190,
        112,
        376,
        65,
        331,
        255,
        316,
        430,
        480,
        284,
        283,
        303,
        290,
        458],
    [   139,
        47,
        397,
        154,
        166,
        41,
        361,
        361,
        88,
        402,
        190,
        324,
        130,
        431,
        0,
        179,
        190,
        303,
        325,
        329,
        90,
        306,
        148,
        291,
        212,
        338,
        256,
        338,
        263,
        361,
        27,
        375,
        461,
        338,
        146,
        56,
        392,
        320,
        105,
        395,
        102,
        177,
        429,
        196,
        51,
        173,
        394,
        194,
        471,
        79],
    [   113,
        183,
        231,
        143,
        242,
        219,
        231,
        188,
        116,
        309,
        33,
        204,
        276,
        264,
        179,
        0,
        18,
        170,
        214,
        159,
        185,
        153,
        36,
        246,
        52,
        179,
        294,
        160,
        188,
        182,
        163,
        200,
        282,
        311,
        167,
        192,
        217,
        152,
        111,
        220,
        101,
        69,
        373,
        188,
        222,
        126,
        331,
        71,
        393,
        231],
    [   110,
        197,
        230,
        161,
        260,
        231,
        238,
        173,
        132,
        320,
        17,
        213,
        292,
        262,
        190,
        18,
        0,
        152,
        225,
        157,
        201,
        157,
        53,
        261,
        60,
        180,
        313,
        152,
        202,
        172,
        172,
        186,
        273,
        327,
        185,
        199,
        203,
        152,
        114,
        214,
        118,
        86,
        386,
        180,
        232,
        144,
        345,
        57,
        405,
        246],
    [   168,
        327,
        286,
        314,
        409,
        343,
        345,
        121,
        274,
        441,
        138,
        331,
        425,
        309,
        303,
        170,
        152,
        0,
        348,
        225,
        343,
        258,
        203,
        407,
        199,
        265,
        465,
        184,
        345,
        179,
        278,
        138,
        256,
        474,
        336,
        285,
        147,
        230,
        198,
        244,
        263,
        238,
        521,
        167,
        328,
        296,
        479,
        113,
        528,
        375],
    [   324,
        296,
        151,
        176,
        254,
        351,
        48,
        285,
        236,
        95,
        242,
        20,
        345,
        174,
        325,
        214,
        225,
        348,
        0,
        145,
        264,
        95,
        212,
        107,
        164,
        108,
        232,
        196,
        73,
        223,
        325,
        284,
        276,
        159,
        198,
        366,
        295,
        134,
        312,
        193,
        224,
        161,
        175,
        402,
        376,
        152,
        134,
        281,
        181,
        326],
    [   266,
        320,
        73,
        227,
        332,
        366,
        125,
        141,
        248,
        228,
        168,
        125,
        399,
        105,
        329,
        159,
        157,
        225,
        145,
        0,
        305,
        52,
        181,
        239,
        116,
        41,
        344,
        51,
        180,
        77,
        318,
        139,
        150,
        300,
        257,
        351,
        150,
        12,
        270,
        69,
        232,
        158,
        318,
        328,
        377,
        197,
        278,
        199,
        313,
        363],
    [   199,
        44,
        364,
        87,
        79,
        96,
        306,
        372,
        69,
        329,
        209,
        268,
        94,
        398,
        90,
        185,
        201,
        343,
        264,
        305,
        0,
        270,
        149,
        210,
        197,
        303,
        166,
        328,
        194,
        355,
        110,
        384,
        450,
        251,
        66,
        146,
        401,
        294,
        165,
        374,
        83,
        148,
        345,
        271,
        132,
        115,
        312,
        229,
        391,
        62],
    [   266,
        290,
        94,
        187,
        287,
        340,
        87,
        189,
        220,
        184,
        172,
        76,
        361,
        127,
        306,
        153,
        157,
        258,
        95,
        52,
        270,
        0,
        165,
        186,
        102,
        33,
        293,
        102,
        128,
        130,
        298,
        189,
        199,
        247,
        215,
        335,
        201,
        40,
        263,
        115,
        204,
        129,
        270,
        337,
        356,
        156,
        229,
        209,
        271,
        330],
    [   113,
        148,
        252,
        112,
        207,
        187,
        236,
        224,
        80,
        304,
        64,
        204,
        240,
        285,
        148,
        36,
        53,
        203,
        212,
        181,
        149,
        165,
        0,
        227,
        65,
        195,
        264,
        190,
        173,
        214,
        136,
        236,
        313,
        291,
        133,
        170,
        253,
        173,
        100,
        246,
        65,
        52,
        359,
        194,
        195,
        99,
        318,
        95,
        385,
        196],
    [   336,
        251,
        258,
        138,
        172,
        306,
        154,
        369,
        212,
        127,
        278,
        125,
        271,
        282,
        291,
        246,
        261,
        407,
        107,
        239,
        210,
        186,
        227,
        0,
        208,
        209,
        127,
        286,
        62,
        315,
        301,
        371,
        380,
        66,
        145,
        342,
        385,
        226,
        314,
        296,
        206,
        177,
        138,
        419,
        339,
        132,
        103,
        317,
        181,
        266],
    [   165,
        206,
        186,
        133,
        239,
        250,
        179,
        183,
        134,
        259,
        77,
        152,
        291,
        220,
        212,
        52,
        60,
        199,
        164,
        116,
        197,
        102,
        65,
        208,
        0,
        130,
        276,
        131,
        147,
        157,
        201,
        192,
        254,
        275,
        161,
        235,
        208,
        108,
        161,
        182,
        118,
        51,
        328,
        239,
        260,
        107,
        286,
        117,
        344,
        251],
    [   290,
        323,
        61,
        220,
        320,
        372,
        84,
        182,
        252,
        187,
        194,
        88,
        395,
        94,
        338,
        179,
        180,
        265,
        108,
        41,
        303,
        33,
        195,
        209,
        130,
        0,
        322,
        91,
        155,
        115,
        329,
        178,
        171,
        267,
        248,
        365,
        189,
        35,
        290,
        87,
        237,
        161,
        279,
        358,
        387,
        189,
        240,
        229,
        272,
        363],
    [   351,
        209,
        377,
        151,
        91,
        253,
        279,
        457,
        209,
        247,
        327,
        247,
        182,
        404,
        256,
        294,
        313,
        465,
        232,
        344,
        166,
        293,
        264,
        127,
        276,
        322,
        0,
        385,
        167,
        415,
        276,
        463,
        492,
        121,
        133,
        312,
        478,
        331,
        320,
        408,
        213,
        229,
        218,
        430,
        293,
        170,
        201,
        359,
        277,
        199],
    [   255,
        336,
        102,
        257,
        364,
        377,
        176,
        90,
        265,
        279,
        159,
        176,
        422,
        126,
        338,
        160,
        152,
        184,
        196,
        51,
        328,
        102,
        190,
        286,
        131,
        91,
        385,
        0,
        226,
        29,
        323,
        87,
        123,
        349,
        286,
        352,
        99,
        61,
        265,
        65,
        249,
        180,
        369,
        306,
        383,
        228,
        330,
        182,
        363,
        382],
    [   286,
        230,
        209,
        109,
        181,
        285,
        120,
        307,
        176,
        139,
        220,
        83,
        272,
        238,
        263,
        188,
        202,
        345,
        73,
        180,
        194,
        128,
        173,
        62,
        147,
        155,
        167,
        226,
        0,
        255,
        267,
        310,
        326,
        129,
        128,
        309,
        324,
        168,
        268,
        242,
        167,
        121,
        185,
        368,
        313,
        90,
        144,
        259,
        214,
        255],
    [   269,
        362,
        112,
        286,
        393,
        401,
        199,
        71,
        291,
        302,
        177,
        202,
        449,
        130,
        361,
        182,
        172,
        179,
        223,
        77,
        355,
        130,
        214,
        315,
        157,
        115,
        415,
        29,
        255,
        0,
        345,
        64,
        100,
        377,
        315,
        371,
        73,
        89,
        283,
        64,
        275,
        207,
        395,
        315,
        404,
        257,
        355,
        195,
        385,
        408],
    [   112,
        70,
        387,
        162,
        188,
        65,
        359,
        341,
        90,
        407,
        171,
        323,
        157,
        421,
        27,
        163,
        172,
        278,
        325,
        318,
        110,
        298,
        136,
        301,
        201,
        329,
        276,
        323,
        267,
        345,
        0,
        355,
        445,
        351,
        158,
        41,
        372,
        309,
        79,
        382,
        101,
        171,
        439,
        169,
        59,
        177,
        403,
        171,
        479,
        107],
    [   264,
        384,
        174,
        325,
        431,
        416,
        263,
        17,
        316,
        366,
        184,
        264,
        476,
        187,
        375,
        200,
        186,
        138,
        284,
        139,
        384,
        189,
        236,
        371,
        192,
        178,
        463,
        87,
        310,
        64,
        355,
        0,
        117,
        435,
        353,
        376,
        16,
        149,
        285,
        122,
        301,
        243,
        457,
        294,
        413,
        298,
        418,
        190,
        449,
        432],
    [   368,
        460,
        127,
        376,
        481,
        501,
        238,
        134,
        389,
        334,
        277,
        256,
        544,
        117,
        461,
        282,
        273,
        256,
        276,
        150,
        450,
        199,
        313,
        380,
        254,
        171,
        492,
        123,
        326,
        100,
        445,
        117,
        0,
        435,
        406,
        472,
        109,
        162,
        383,
        84,
        372,
        302,
        431,
        408,
        505,
        347,
        397,
        293,
        408,
        506],
    [   398,
        295,
        310,
        193,
        195,
        347,
        200,
        433,
        267,
        137,
        344,
        179,
        295,
        331,
        338,
        311,
        327,
        474,
        159,
        300,
        251,
        247,
        291,
        66,
        275,
        267,
        121,
        349,
        129,
        377,
        351,
        435,
        435,
        0,
        193,
        392,
        448,
        288,
        374,
        352,
        263,
        242,
        98,
        480,
        384,
        193,
        81,
        382,
        156,
        301],
    [   218,
        106,
        309,
        29,
        77,
        161,
        242,
        344,
        78,
        263,
        198,
        204,
        148,
        342,
        146,
        167,
        185,
        336,
        198,
        257,
        66,
        215,
        133,
        145,
        161,
        248,
        133,
        286,
        128,
        315,
        158,
        353,
        406,
        193,
        0,
        199,
        369,
        244,
        189,
        326,
        80,
        110,
        283,
        299,
        194,
        59,
        248,
        227,
        326,
        127],
    [   117,
        103,
        422,
        204,
        223,
        75,
        398,
        360,
        132,
        448,
        195,
        363,
        177,
        455,
        56,
        192,
        199,
        285,
        366,
        351,
        146,
        335,
        170,
        342,
        235,
        365,
        312,
        352,
        309,
        371,
        41,
        376,
        472,
        392,
        199,
        0,
        392,
        343,
        91,
        413,
        142,
        209,
        481,
        154,
        44,
        218,
        445,
        187,
        520,
        129],
    [   280,
        401,
        179,
        341,
        447,
        433,
        272,
        31,
        333,
        375,
        201,
        275,
        493,
        190,
        392,
        217,
        203,
        147,
        295,
        150,
        401,
        201,
        253,
        385,
        208,
        189,
        478,
        99,
        324,
        73,
        372,
        16,
        109,
        448,
        369,
        392,
        0,
        161,
        301,
        126,
        318,
        259,
        468,
        307,
        430,
        314,
        428,
        205,
        458,
        449],
    [   262,
        310,
        79,
        215,
        319,
        356,
        117,
        151,
        238,
        219,
        164,
        114,
        387,
        112,
        320,
        152,
        152,
        230,
        134,
        12,
        294,
        40,
        173,
        226,
        108,
        35,
        331,
        61,
        168,
        89,
        309,
        149,
        162,
        288,
        244,
        343,
        161,
        0,
        264,
        81,
        222,
        147,
        308,
        326,
        368,
        185,
        268,
        197,
        304,
        352],
    [   34,
        137,
        343,
        181,
        242,
        144,
        336,
        269,
        111,
        402,
        106,
        305,
        232,
        376,
        105,
        111,
        114,
        198,
        312,
        270,
        165,
        263,
        100,
        314,
        161,
        290,
        320,
        265,
        268,
        283,
        79,
        285,
        383,
        374,
        189,
        91,
        301,
        264,
        0,
        328,
        111,
        151,
        451,
        109,
        131,
        182,
        412,
        95,
        482,
        182],
    [   319,
        388,
        53,
        296,
        400,
        433,
        158,
        133,
        316,
        259,
        222,
        173,
        468,
        65,
        395,
        220,
        214,
        244,
        193,
        69,
        374,
        115,
        246,
        296,
        182,
        87,
        408,
        65,
        242,
        64,
        382,
        122,
        84,
        352,
        326,
        413,
        126,
        81,
        328,
        0,
        300,
        226,
        355,
        372,
        441,
        266,
        318,
        247,
        338,
        432],
    [   138,
        88,
        297,
        70,
        145,
        135,
        258,
        289,
        16,
        306,
        127,
        222,
        175,
        331,
        102,
        101,
        118,
        263,
        224,
        232,
        83,
        204,
        65,
        206,
        118,
        237,
        213,
        249,
        167,
        275,
        101,
        301,
        372,
        263,
        80,
        142,
        318,
        222,
        111,
        300,
        0,
        75,
        345,
        220,
        154,
        76,
        307,
        151,
        380,
        133],
    [   165,
        163,
        221,
        82,
        188,
        211,
        189,
        234,
        91,
        251,
        102,
        155,
        242,
        255,
        177,
        69,
        86,
        238,
        161,
        158,
        148,
        129,
        52,
        177,
        51,
        161,
        229,
        180,
        121,
        207,
        171,
        243,
        302,
        242,
        110,
        209,
        259,
        147,
        151,
        226,
        75,
        0,
        307,
        247,
        227,
        59,
        266,
        140,
        332,
        205],
    [   471,
        387,
        304,
        277,
        294,
        441,
        196,
        459,
        351,
        97,
        404,
        194,
        394,
        316,
        429,
        373,
        386,
        521,
        175,
        318,
        345,
        270,
        359,
        138,
        328,
        279,
        218,
        369,
        185,
        395,
        439,
        457,
        431,
        98,
        283,
        481,
        468,
        308,
        451,
        355,
        345,
        307,
        0,
        553,
        476,
        269,
        41,
        443,
        62,
        397],
    [   82,
        238,
        401,
        289,
        350,
        227,
        419,
        276,
        221,
        496,
        164,
        392,
        326,
        430,
        196,
        188,
        180,
        167,
        402,
        328,
        271,
        337,
        194,
        419,
        239,
        358,
        430,
        306,
        368,
        315,
        169,
        294,
        408,
        480,
        299,
        154,
        307,
        326,
        109,
        372,
        220,
        247,
        553,
        0,
        198,
        287,
        513,
        128,
        579,
        276],
    [   160,
        88,
        446,
        205,
        202,
        40,
        412,
        398,
        140,
        453,
        229,
        376,
        140,
        480,
        51,
        222,
        232,
        328,
        376,
        377,
        132,
        356,
        195,
        339,
        260,
        387,
        293,
        383,
        313,
        404,
        59,
        413,
        505,
        384,
        194,
        44,
        430,
        368,
        131,
        441,
        154,
        227,
        476,
        198,
        0,
        224,
        442,
        226,
        520,
        98],
    [   205,
        144,
        251,
        30,
        135,
        199,
        191,
        290,
        86,
        230,
        159,
        154,
        205,
        284,
        173,
        126,
        144,
        296,
        152,
        197,
        115,
        156,
        99,
        132,
        107,
        189,
        170,
        228,
        90,
        257,
        177,
        298,
        347,
        193,
        59,
        218,
        314,
        185,
        182,
        266,
        76,
        59,
        269,
        287,
        224,
        0,
        230,
        194,
        303,
        177],
    [   431,
        354,
        269,
        240,
        267,
        409,
        159,
        419,
        314,
        67,
        362,
        153,
        368,
        283,
        394,
        331,
        345,
        479,
        134,
        278,
        312,
        229,
        318,
        103,
        286,
        240,
        201,
        330,
        144,
        355,
        403,
        418,
        397,
        81,
        248,
        445,
        428,
        268,
        412,
        318,
        307,
        266,
        41,
        513,
        442,
        230,
        0,
        402,
        79,
        367],
    [   75,
        215,
        272,
        207,
        297,
        235,
        293,
        174,
        161,
        377,
        39,
        269,
        312,
        303,
        194,
        71,
        57,
        113,
        281,
        199,
        229,
        209,
        95,
        317,
        117,
        229,
        359,
        182,
        259,
        195,
        171,
        190,
        293,
        382,
        227,
        187,
        205,
        197,
        95,
        247,
        151,
        140,
        443,
        128,
        226,
        194,
        402,
        0,
        462,
        263],
    [   498,
        432,
        285,
        316,
        347,
        487,
        187,
        454,
        388,
        86,
        422,
        197,
        447,
        290,
        471,
        393,
        405,
        528,
        181,
        313,
        391,
        271,
        385,
        181,
        344,
        272,
        277,
        363,
        214,
        385,
        479,
        449,
        408,
        156,
        326,
        520,
        458,
        304,
        482,
        338,
        380,
        332,
        62,
        579,
        520,
        303,
        79,
        462,
        0,
        447],
    [   216,
        48,
        425,
        150,
        109,
        57,
        368,
        419,
        117,
        389,
        251,
        330,
        50,
        458,
        79,
        231,
        246,
        375,
        326,
        363,
        62,
        330,
        196,
        266,
        251,
        363,
        199,
        382,
        255,
        408,
        107,
        432,
        506,
        301,
        127,
        129,
        449,
        352,
        182,
        432,
        133,
        205,
        397,
        276,
        98,
        177,
        367,
        263,
        447,
        0]]
;
task=[   306,
    197,
    3,
    472,
    231,
    120,
    309,
    185,
    295,
    146,
    444,
    11,
    10,
    136,
    196,
    90,
    316,
    15,
    223,
    226,
    220,
    207,
    310,
    162,
    457,
    181,
    237,
    190,
    145,
    220,
    88,
    144,
    13,
    9,
    337,
    139,
    137,
    286,
    296,
    176,
    115,
    0,
    99,
    21,
    213,
    44,
    18,
    190,
    25,
    261]
;
minW=[   68,
    78,
    135,
    60,
    80,
    131,
    65,
    93,
    86,
    127,
    71,
    132,
    86,
    47,
    87,
    17,
    38,
    44,
    6,
    151,
    93,
    58,
    43,
    63,
    14,
    137,
    217,
    120,
    5,
    60,
    26,
    181,
    268,
    169,
    45,
    63,
    141,
    13,
    28,
    184,
    45,
    0,
    260,
    209,
    11,
    31,
    194,
    108,
    140,
    31]
;
maxW=[   270,
    261,
    320,
    243,
    358,
    271,
    537,
    445,
    193,
    568,
    166,
    424,
    633,
    673,
    397,
    392,
    380,
    377,
    506,
    535,
    461,
    275,
    153,
    383,
    150,
    338,
    537,
    350,
    497,
    603,
    271,
    548,
    413,
    347,
    119,
    518,
    695,
    376,
    604,
    579,
    330,
    720,
    587,
    497,
    677,
    119,
    555,
    301,
    534,
    639]
;