// Generated by InstanceGenerator.py v0.1
// Juan Francisco Martinez Vera
// AMMM - MIRI, FIB UPC
//
// RAND_SEED=1484822136

bigM=100000;

nLocations=30;
startLocation=4;
distances=[   [   0,
        334,
        226,
        259,
        289,
        369,
        583,
        466,
        270,
        196,
        362,
        387,
        200,
        424,
        373,
        433,
        556,
        326,
        385,
        70,
        264,
        320,
        344,
        183,
        456,
        497,
        315,
        266,
        438,
        300],
    [   334,
        0,
        265,
        179,
        121,
        228,
        314,
        164,
        84,
        155,
        190,
        317,
        390,
        190,
        141,
        256,
        274,
        351,
        77,
        402,
        185,
        159,
        167,
        154,
        144,
        260,
        174,
        123,
        133,
        71],
    [   226,
        265,
        0,
        90,
        311,
        161,
        395,
        319,
        261,
        238,
        171,
        161,
        140,
        244,
        210,
        224,
        379,
        115,
        341,
        259,
        335,
        360,
        380,
        160,
        321,
        302,
        366,
        292,
        301,
        284],
    [   259,
        179,
        90,
        0,
        246,
        114,
        327,
        233,
        193,
        194,
        103,
        166,
        228,
        169,
        126,
        175,
        305,
        173,
        256,
        309,
        284,
        296,
        313,
        120,
        233,
        238,
        305,
        231,
        213,
        211],
    [   289,
        121,
        311,
        246,
        0,
        328,
        434,
        284,
        53,
        95,
        294,
        407,
        406,
        307,
        254,
        367,
        394,
        417,
        116,
        360,
        66,
        49,
        69,
        155,
        262,
        380,
        59,
        23,
        253,
        49],
    [   369,
        228,
        161,
        114,
        328,
        0,
        236,
        192,
        276,
        297,
        39,
        93,
        295,
        98,
        99,
        64,
        224,
        166,
        300,
        414,
        378,
        376,
        389,
        229,
        204,
        142,
        388,
        318,
        187,
        284],
    [   583,
        314,
        395,
        327,
        434,
        236,
        0,
        152,
        396,
        453,
        226,
        292,
        531,
        158,
        211,
        178,
        43,
        389,
        343,
        637,
        499,
        468,
        469,
        412,
        176,
        93,
        484,
        437,
        182,
        386],
    [   466,
        164,
        319,
        233,
        284,
        192,
        152,
        0,
        249,
        312,
        159,
        281,
        460,
        96,
        108,
        172,
        110,
        356,
        192,
        527,
        349,
        316,
        317,
        285,
        25,
        125,
        332,
        288,
        31,
        235],
    [   270,
        84,
        261,
        193,
        53,
        276,
        396,
        249,
        0,
        76,
        242,
        353,
        365,
        261,
        206,
        316,
        358,
        365,
        115,
        340,
        106,
        102,
        120,
        111,
        229,
        336,
        112,
        43,
        217,
        29],
    [   196,
        155,
        238,
        194,
        95,
        297,
        453,
        312,
        76,
        0,
        271,
        361,
        317,
        306,
        249,
        348,
        418,
        351,
        191,
        266,
        97,
        135,
        158,
        78,
        296,
        383,
        135,
        71,
        281,
        105],
    [   362,
        190,
        171,
        103,
        294,
        39,
        226,
        159,
        242,
        271,
        0,
        133,
        310,
        73,
        60,
        77,
        208,
        197,
        260,
        412,
        346,
        341,
        353,
        208,
        169,
        135,
        353,
        285,
        151,
        248],
    [   387,
        317,
        161,
        166,
        407,
        93,
        292,
        281,
        353,
        361,
        133,
        0,
        263,
        184,
        192,
        118,
        292,
        99,
        390,
        418,
        449,
        456,
        471,
        285,
        296,
        203,
        466,
        394,
        279,
        366],
    [   200,
        390,
        140,
        228,
        406,
        295,
        531,
        460,
        365,
        317,
        310,
        263,
        0,
        383,
        351,
        354,
        518,
        171,
        462,
        191,
        410,
        451,
        474,
        253,
        461,
        437,
        453,
        384,
        441,
        392],
    [   424,
        190,
        244,
        169,
        307,
        98,
        158,
        96,
        261,
        306,
        73,
        184,
        383,
        0,
        57,
        79,
        136,
        264,
        246,
        478,
        367,
        349,
        357,
        256,
        113,
        77,
        364,
        304,
        99,
        258],
    [   373,
        141,
        210,
        126,
        254,
        99,
        211,
        108,
        206,
        249,
        60,
        192,
        351,
        57,
        0,
        115,
        183,
        254,
        205,
        429,
        312,
        298,
        307,
        201,
        113,
        134,
        312,
        250,
        94,
        206],
    [   433,
        256,
        224,
        175,
        367,
        64,
        178,
        172,
        316,
        348,
        77,
        118,
        354,
        79,
        115,
        0,
        174,
        211,
        319,
        478,
        422,
        412,
        422,
        286,
        192,
        86,
        425,
        360,
        178,
        319],
    [   556,
        274,
        379,
        305,
        394,
        224,
        43,
        110,
        358,
        418,
        208,
        292,
        518,
        136,
        183,
        174,
        0,
        385,
        300,
        613,
        459,
        426,
        427,
        381,
        134,
        89,
        442,
        398,
        141,
        346],
    [   326,
        351,
        115,
        173,
        417,
        166,
        389,
        356,
        365,
        351,
        197,
        99,
        171,
        264,
        254,
        211,
        385,
        0,
        428,
        344,
        447,
        467,
        485,
        272,
        367,
        297,
        474,
        399,
        348,
        384],
    [   385,
        77,
        341,
        256,
        116,
        300,
        343,
        192,
        115,
        191,
        260,
        390,
        462,
        246,
        205,
        319,
        300,
        428,
        0,
        455,
        180,
        131,
        128,
        216,
        166,
        307,
        148,
        132,
        164,
        86],
    [   70,
        402,
        259,
        309,
        360,
        414,
        637,
        527,
        340,
        266,
        412,
        418,
        191,
        478,
        429,
        478,
        613,
        344,
        455,
        0,
        332,
        390,
        413,
        248,
        519,
        548,
        384,
        337,
        501,
        370],
    [   264,
        185,
        335,
        284,
        66,
        378,
        499,
        349,
        106,
        97,
        346,
        449,
        410,
        367,
        312,
        422,
        459,
        447,
        180,
        332,
        0,
        62,
        83,
        174,
        327,
        442,
        52,
        62,
        318,
        113],
    [   320,
        159,
        360,
        296,
        49,
        376,
        468,
        316,
        102,
        135,
        341,
        456,
        451,
        349,
        298,
        412,
        426,
        467,
        131,
        390,
        62,
        0,
        23,
        202,
        292,
        420,
        16,
        68,
        285,
        92],
    [   344,
        167,
        380,
        313,
        69,
        389,
        469,
        317,
        120,
        158,
        353,
        471,
        474,
        357,
        307,
        422,
        427,
        485,
        128,
        413,
        83,
        23,
        0,
        223,
        292,
        425,
        31,
        89,
        287,
        105],
    [   183,
        154,
        160,
        120,
        155,
        229,
        412,
        285,
        111,
        78,
        208,
        285,
        253,
        256,
        201,
        286,
        381,
        272,
        216,
        248,
        174,
        202,
        223,
        0,
        274,
        333,
        206,
        134,
        256,
        140],
    [   456,
        144,
        321,
        233,
        262,
        204,
        176,
        25,
        229,
        296,
        169,
        296,
        461,
        113,
        113,
        192,
        134,
        367,
        166,
        519,
        327,
        292,
        292,
        274,
        0,
        150,
        308,
        267,
        19,
        214],
    [   497,
        260,
        302,
        238,
        380,
        142,
        93,
        125,
        336,
        383,
        135,
        203,
        437,
        77,
        134,
        86,
        89,
        297,
        307,
        548,
        442,
        420,
        425,
        333,
        150,
        0,
        435,
        379,
        145,
        331],
    [   315,
        174,
        366,
        305,
        59,
        388,
        484,
        332,
        112,
        135,
        353,
        466,
        453,
        364,
        312,
        425,
        442,
        474,
        148,
        384,
        52,
        16,
        31,
        206,
        308,
        435,
        0,
        74,
        301,
        105],
    [   266,
        123,
        292,
        231,
        23,
        318,
        437,
        288,
        43,
        71,
        285,
        394,
        384,
        304,
        250,
        360,
        398,
        399,
        132,
        337,
        62,
        68,
        89,
        134,
        267,
        379,
        74,
        0,
        256,
        53],
    [   438,
        133,
        301,
        213,
        253,
        187,
        182,
        31,
        217,
        281,
        151,
        279,
        441,
        99,
        94,
        178,
        141,
        348,
        164,
        501,
        318,
        285,
        287,
        256,
        19,
        145,
        301,
        256,
        0,
        204],
    [   300,
        71,
        284,
        211,
        49,
        284,
        386,
        235,
        29,
        105,
        248,
        366,
        392,
        258,
        206,
        319,
        346,
        384,
        86,
        370,
        113,
        92,
        105,
        140,
        214,
        331,
        105,
        53,
        204,
        0]]
;
task=[   163,
    201,
    30,
    0,
    216,
    387,
    36,
    178,
    328,
    90,
    399,
    221,
    110,
    224,
    370,
    326,
    19,
    150,
    91,
    2,
    8,
    97,
    7,
    80,
    205,
    149,
    76,
    207,
    2,
    84]
;
minW=[   235,
    111,
    11,
    0,
    172,
    9,
    192,
    123,
    42,
    187,
    75,
    63,
    34,
    157,
    24,
    134,
    239,
    25,
    105,
    236,
    12,
    170,
    161,
    42,
    179,
    141,
    244,
    177,
    8,
    61]
;
maxW=[   398,
    565,
    257,
    720,
    658,
    298,
    494,
    413,
    605,
    428,
    265,
    360,
    628,
    175,
    648,
    574,
    457,
    421,
    391,
    625,
    703,
    625,
    367,
    216,
    304,
    671,
    353,
    366,
    516,
    452]
;