// Generated by InstanceGenerator.py v0.1
// Juan Francisco Martinez Vera
// AMMM - MIRI, FIB UPC
//
// RAND_SEED=1484822144

bigM=100000;

nLocations=50;
startLocation=16;
distances=[   [   0,
        273,
        465,
        314,
        178,
        403,
        85,
        185,
        339,
        439,
        122,
        460,
        89,
        147,
        399,
        289,
        381,
        534,
        358,
        412,
        214,
        484,
        383,
        366,
        344,
        296,
        484,
        202,
        84,
        419,
        435,
        566,
        420,
        131,
        183,
        358,
        206,
        196,
        222,
        468,
        421,
        200,
        60,
        268,
        378,
        128,
        309,
        371,
        178,
        370],
    [   273,
        0,
        353,
        392,
        195,
        227,
        294,
        221,
        112,
        188,
        184,
        191,
        185,
        174,
        358,
        144,
        151,
        371,
        131,
        288,
        307,
        211,
        147,
        360,
        217,
        23,
        371,
        79,
        294,
        405,
        323,
        346,
        285,
        142,
        111,
        285,
        187,
        78,
        324,
        398,
        166,
        94,
        250,
        13,
        274,
        173,
        133,
        142,
        98,
        418],
    [   465,
        353,
        0,
        271,
        287,
        139,
        537,
        280,
        452,
        478,
        348,
        434,
        423,
        324,
        111,
        215,
        235,
        101,
        242,
        64,
        294,
        385,
        470,
        161,
        139,
        345,
        19,
        336,
        537,
        152,
        31,
        219,
        69,
        400,
        425,
        108,
        260,
        381,
        300,
        74,
        456,
        320,
        407,
        366,
        89,
        457,
        220,
        473,
        393,
        238],
    [   314,
        392,
        271,
        0,
        205,
        319,
        400,
        178,
        503,
        575,
        253,
        559,
        329,
        243,
        162,
        274,
        376,
        372,
        365,
        260,
        104,
        540,
        539,
        111,
        250,
        401,
        282,
        325,
        399,
        142,
        256,
        471,
        277,
        335,
        392,
        189,
        205,
        363,
        93,
        227,
        552,
        305,
        259,
        400,
        228,
        383,
        302,
        535,
        361,
        60],
    [   178,
        195,
        287,
        205,
        0,
        234,
        250,
        26,
        302,
        383,
        63,
        379,
        144,
        42,
        232,
        127,
        236,
        357,
        216,
        234,
        112,
        378,
        341,
        210,
        169,
        209,
        306,
        121,
        250,
        263,
        257,
        401,
        243,
        136,
        188,
        181,
        29,
        158,
        128,
        296,
        361,
        103,
        121,
        201,
        200,
        190,
        154,
        335,
        156,
        243],
    [   403,
        227,
        139,
        319,
        234,
        0,
        461,
        240,
        317,
        338,
        281,
        295,
        340,
        256,
        198,
        116,
        95,
        145,
        104,
        84,
        293,
        251,
        332,
        230,
        73,
        215,
        155,
        232,
        461,
        252,
        116,
        168,
        72,
        308,
        317,
        134,
        204,
        272,
        305,
        204,
        316,
        221,
        352,
        241,
        98,
        361,
        103,
        335,
        287,
        311],
    [   85,
        294,
        537,
        400,
        250,
        461,
        0,
        263,
        332,
        434,
        188,
        466,
        121,
        213,
        479,
        345,
        424,
        598,
        401,
        480,
        299,
        501,
        374,
        448,
        409,
        317,
        556,
        239,
        1,
        501,
        506,
        616,
        487,
        158,
        186,
        432,
        277,
        215,
        307,
        546,
        419,
        243,
        142,
        285,
        449,
        122,
        361,
        362,
        196,
        455],
    [   185,
        221,
        280,
        178,
        26,
        240,
        263,
        0,
        329,
        409,
        82,
        403,
        163,
        66,
        216,
        141,
        252,
        355,
        234,
        230,
        85,
        399,
        367,
        189,
        171,
        235,
        298,
        148,
        262,
        243,
        251,
        408,
        241,
        160,
        214,
        172,
        41,
        185,
        102,
        283,
        386,
        129,
        126,
        227,
        195,
        212,
        170,
        362,
        182,
        218],
    [   339,
        112,
        452,
        503,
        302,
        317,
        332,
        329,
        0,
        102,
        279,
        140,
        251,
        274,
        468,
        254,
        226,
        454,
        213,
        389,
        414,
        194,
        43,
        472,
        322,
        110,
        470,
        181,
        333,
        517,
        424,
        401,
        383,
        213,
        155,
        394,
        298,
        154,
        431,
        504,
        88,
        199,
        333,
        103,
        380,
        215,
        237,
        33,
        167,
        531],
    [   439,
        188,
        478,
        575,
        383,
        338,
        434,
        409,
        102,
        0,
        369,
        63,
        351,
        361,
        515,
        307,
        242,
        457,
        238,
        419,
        495,
        134,
        60,
        528,
        364,
        174,
        493,
        266,
        435,
        567,
        453,
        377,
        409,
        311,
        255,
        441,
        373,
        249,
        511,
        539,
        23,
        282,
        429,
        184,
        419,
        317,
        284,
        73,
        264,
        595],
    [   122,
        184,
        348,
        253,
        63,
        281,
        188,
        82,
        279,
        369,
        0,
        376,
        81,
        25,
        296,
        167,
        265,
        412,
        243,
        292,
        150,
        386,
        320,
        271,
        223,
        203,
        367,
        105,
        188,
        325,
        318,
        445,
        300,
        82,
        143,
        244,
        88,
        124,
        165,
        360,
        348,
        93,
        75,
        185,
        260,
        131,
        189,
        312,
        116,
        298],
    [   460,
        191,
        434,
        559,
        379,
        295,
        466,
        403,
        140,
        63,
        376,
        0,
        371,
        364,
        483,
        285,
        202,
        404,
        203,
        379,
        487,
        70,
        109,
        501,
        332,
        172,
        448,
        271,
        466,
        536,
        412,
        317,
        367,
        328,
        281,
        410,
        364,
        264,
        503,
        499,
        58,
        283,
        442,
        193,
        383,
        345,
        259,
        122,
        282,
        573],
    [   89,
        185,
        423,
        329,
        144,
        340,
        121,
        163,
        251,
        351,
        81,
        371,
        0,
        102,
        377,
        225,
        304,
        479,
        281,
        364,
        225,
        396,
        295,
        353,
        291,
        208,
        442,
        120,
        121,
        406,
        392,
        496,
        369,
        43,
        96,
        322,
        166,
        107,
        237,
        439,
        332,
        122,
        88,
        180,
        334,
        55,
        239,
        284,
        88,
        377],
    [   147,
        174,
        324,
        243,
        42,
        256,
        213,
        66,
        274,
        361,
        25,
        364,
        102,
        0,
        275,
        142,
        243,
        387,
        221,
        267,
        144,
        370,
        315,
        253,
        198,
        191,
        343,
        95,
        213,
        306,
        293,
        420,
        275,
        94,
        149,
        220,
        64,
        123,
        160,
        337,
        340,
        80,
        97,
        177,
        235,
        147,
        165,
        308,
        118,
        285],
    [   399,
        358,
        111,
        162,
        232,
        198,
        479,
        216,
        468,
        515,
        296,
        483,
        377,
        275,
        0,
        214,
        281,
        213,
        279,
        118,
        202,
        446,
        495,
        50,
        151,
        358,
        120,
        318,
        479,
        53,
        102,
        323,
        135,
        364,
        404,
        74,
        212,
        363,
        205,
        71,
        492,
        298,
        339,
        370,
        100,
        420,
        232,
        494,
        370,
        127],
    [   289,
        144,
        215,
        274,
        127,
        116,
        345,
        141,
        254,
        307,
        167,
        285,
        225,
        142,
        214,
        0,
        111,
        255,
        94,
        151,
        214,
        268,
        282,
        220,
        76,
        143,
        234,
        122,
        345,
        263,
        184,
        277,
        152,
        193,
        211,
        140,
        100,
        166,
        229,
        254,
        284,
        108,
        240,
        157,
        131,
        248,
        29,
        280,
        179,
        288],
    [   381,
        151,
        235,
        376,
        236,
        95,
        424,
        252,
        226,
        242,
        265,
        202,
        304,
        243,
        281,
        111,
        0,
        227,
        23,
        177,
        325,
        166,
        238,
        304,
        132,
        133,
        251,
        185,
        424,
        335,
        211,
        196,
        167,
        265,
        256,
        210,
        211,
        215,
        340,
        297,
        220,
        182,
        340,
        164,
        181,
        310,
        82,
        242,
        233,
        380],
    [   534,
        371,
        101,
        372,
        357,
        145,
        598,
        355,
        454,
        457,
        412,
        404,
        479,
        387,
        213,
        255,
        227,
        0,
        243,
        126,
        384,
        344,
        463,
        262,
        189,
        357,
        96,
        376,
        598,
        253,
        116,
        130,
        114,
        449,
        462,
        195,
        327,
        417,
        392,
        168,
        438,
        364,
        478,
        385,
        162,
        504,
        248,
        468,
        432,
        340],
    [   358,
        131,
        242,
        365,
        216,
        104,
        401,
        234,
        213,
        238,
        243,
        203,
        281,
        221,
        279,
        94,
        23,
        243,
        0,
        181,
        308,
        175,
        228,
        298,
        128,
        114,
        259,
        161,
        401,
        332,
        216,
        219,
        173,
        242,
        234,
        206,
        192,
        192,
        324,
        300,
        215,
        159,
        318,
        144,
        181,
        288,
        65,
        231,
        210,
        372],
    [   412,
        288,
        64,
        260,
        234,
        84,
        480,
        230,
        389,
        419,
        292,
        379,
        364,
        267,
        118,
        151,
        177,
        126,
        181,
        0,
        259,
        336,
        409,
        158,
        75,
        281,
        83,
        273,
        480,
        171,
        34,
        210,
        17,
        339,
        362,
        73,
        205,
        318,
        268,
        119,
        397,
        257,
        355,
        302,
        36,
        395,
        155,
        411,
        329,
        240],
    [   214,
        307,
        294,
        104,
        112,
        293,
        299,
        85,
        414,
        495,
        150,
        487,
        225,
        144,
        202,
        214,
        325,
        384,
        308,
        259,
        0,
        479,
        453,
        160,
        220,
        320,
        309,
        233,
        298,
        210,
        269,
        458,
        274,
        233,
        292,
        188,
        122,
        267,
        16,
        274,
        472,
        215,
        157,
        313,
        222,
        279,
        243,
        447,
        263,
        156],
    [   484,
        211,
        385,
        540,
        378,
        251,
        501,
        399,
        194,
        134,
        386,
        70,
        396,
        370,
        446,
        268,
        166,
        344,
        175,
        336,
        479,
        0,
        172,
        470,
        299,
        188,
        398,
        284,
        501,
        500,
        366,
        249,
        322,
        353,
        314,
        376,
        358,
        289,
        495,
        454,
        125,
        293,
        457,
        216,
        346,
        379,
        239,
        184,
        308,
        547],
    [   383,
        147,
        470,
        539,
        341,
        332,
        374,
        367,
        43,
        60,
        320,
        109,
        295,
        315,
        495,
        282,
        238,
        463,
        228,
        409,
        453,
        172,
        0,
        502,
        346,
        139,
        487,
        220,
        375,
        545,
        443,
        398,
        401,
        256,
        199,
        420,
        334,
        197,
        470,
        526,
        51,
        238,
        376,
        140,
        403,
        258,
        262,
        13,
        210,
        564],
    [   366,
        360,
        161,
        111,
        210,
        230,
        448,
        189,
        472,
        528,
        271,
        501,
        353,
        253,
        50,
        220,
        304,
        262,
        298,
        158,
        160,
        470,
        502,
        0,
        171,
        363,
        171,
        309,
        448,
        53,
        148,
        367,
        175,
        346,
        391,
        95,
        194,
        354,
        160,
        118,
        504,
        289,
        306,
        371,
        131,
        400,
        243,
        500,
        358,
        82],
    [   344,
        217,
        139,
        250,
        169,
        73,
        409,
        171,
        322,
        364,
        223,
        332,
        291,
        198,
        151,
        76,
        132,
        189,
        128,
        75,
        220,
        299,
        346,
        171,
        0,
        212,
        158,
        197,
        409,
        204,
        108,
        239,
        78,
        264,
        286,
        77,
        139,
        242,
        232,
        181,
        341,
        182,
        290,
        230,
        57,
        320,
        84,
        346,
        254,
        248],
    [   296,
        23,
        345,
        401,
        209,
        215,
        317,
        235,
        110,
        174,
        203,
        172,
        208,
        191,
        358,
        143,
        133,
        357,
        114,
        281,
        320,
        188,
        139,
        363,
        212,
        0,
        363,
        99,
        318,
        407,
        316,
        326,
        276,
        165,
        134,
        284,
        198,
        102,
        336,
        394,
        151,
        111,
        271,
        33,
        270,
        196,
        127,
        137,
        121,
        425],
    [   484,
        371,
        19,
        282,
        306,
        155,
        556,
        298,
        470,
        493,
        367,
        448,
        442,
        343,
        120,
        234,
        251,
        96,
        259,
        83,
        309,
        398,
        487,
        171,
        158,
        363,
        0,
        356,
        556,
        157,
        51,
        221,
        86,
        420,
        445,
        126,
        279,
        401,
        315,
        71,
        471,
        340,
        425,
        385,
        108,
        476,
        238,
        490,
        412,
        246],
    [   202,
        79,
        336,
        325,
        121,
        232,
        239,
        148,
        181,
        266,
        105,
        271,
        120,
        95,
        318,
        122,
        185,
        376,
        161,
        273,
        233,
        284,
        220,
        309,
        197,
        99,
        356,
        0,
        239,
        359,
        305,
        379,
        274,
        80,
        89,
        250,
        120,
        46,
        250,
        368,
        244,
        20,
        173,
        81,
        250,
        129,
        128,
        214,
        56,
        358],
    [   84,
        294,
        537,
        399,
        250,
        461,
        1,
        262,
        333,
        435,
        188,
        466,
        121,
        213,
        479,
        345,
        424,
        598,
        401,
        480,
        298,
        501,
        375,
        448,
        409,
        318,
        556,
        239,
        0,
        501,
        506,
        616,
        487,
        159,
        187,
        432,
        276,
        216,
        307,
        545,
        420,
        243,
        142,
        286,
        448,
        122,
        360,
        362,
        196,
        455],
    [   419,
        405,
        152,
        142,
        263,
        252,
        501,
        243,
        517,
        567,
        325,
        536,
        406,
        306,
        53,
        263,
        335,
        253,
        332,
        171,
        210,
        500,
        545,
        53,
        204,
        407,
        157,
        359,
        501,
        0,
        150,
        370,
        188,
        398,
        443,
        126,
        246,
        404,
        208,
        90,
        544,
        339,
        359,
        417,
        154,
        453,
        283,
        544,
        409,
        93],
    [   435,
        323,
        31,
        256,
        257,
        116,
        506,
        251,
        424,
        453,
        318,
        412,
        392,
        293,
        102,
        184,
        211,
        116,
        216,
        34,
        269,
        366,
        443,
        148,
        108,
        316,
        51,
        305,
        506,
        150,
        0,
        221,
        44,
        369,
        394,
        81,
        229,
        350,
        277,
        87,
        431,
        289,
        377,
        336,
        57,
        425,
        190,
        445,
        361,
        229],
    [   566,
        346,
        219,
        471,
        401,
        168,
        616,
        408,
        401,
        377,
        445,
        317,
        496,
        420,
        323,
        277,
        196,
        130,
        219,
        210,
        458,
        249,
        398,
        367,
        239,
        326,
        221,
        379,
        616,
        370,
        221,
        0,
        193,
        458,
        453,
        282,
        372,
        411,
        470,
        292,
        362,
        373,
        518,
        359,
        243,
        507,
        257,
        406,
        429,
        449],
    [   420,
        285,
        69,
        277,
        243,
        72,
        487,
        241,
        383,
        409,
        300,
        367,
        369,
        275,
        135,
        152,
        167,
        114,
        173,
        17,
        274,
        322,
        401,
        175,
        78,
        276,
        86,
        274,
        487,
        188,
        44,
        193,
        0,
        343,
        363,
        89,
        214,
        318,
        283,
        132,
        387,
        260,
        364,
        299,
        51,
        399,
        152,
        403,
        331,
        258],
    [   131,
        142,
        400,
        335,
        136,
        308,
        158,
        160,
        213,
        311,
        82,
        328,
        43,
        94,
        364,
        193,
        265,
        449,
        242,
        339,
        233,
        353,
        256,
        346,
        264,
        165,
        420,
        80,
        159,
        398,
        369,
        458,
        343,
        0,
        63,
        304,
        152,
        64,
        248,
        423,
        292,
        86,
        120,
        137,
        311,
        57,
        205,
        246,
        46,
        379],
    [   183,
        111,
        425,
        392,
        188,
        317,
        186,
        214,
        155,
        255,
        143,
        281,
        96,
        149,
        404,
        211,
        256,
        462,
        234,
        362,
        292,
        314,
        199,
        391,
        286,
        134,
        445,
        89,
        187,
        443,
        394,
        453,
        363,
        63,
        0,
        338,
        197,
        44,
        307,
        457,
        238,
        106,
        182,
        101,
        339,
        64,
        213,
        188,
        34,
        432],
    [   358,
        285,
        108,
        189,
        181,
        134,
        432,
        172,
        394,
        441,
        244,
        410,
        322,
        220,
        74,
        140,
        210,
        195,
        206,
        73,
        188,
        376,
        420,
        95,
        77,
        284,
        126,
        250,
        432,
        126,
        81,
        282,
        89,
        304,
        338,
        0,
        156,
        296,
        197,
        119,
        418,
        231,
        299,
        297,
        38,
        360,
        158,
        420,
        304,
        176],
    [   206,
        187,
        260,
        205,
        29,
        204,
        277,
        41,
        298,
        373,
        88,
        364,
        166,
        64,
        212,
        100,
        211,
        327,
        192,
        205,
        122,
        358,
        334,
        194,
        139,
        198,
        279,
        120,
        276,
        246,
        229,
        372,
        214,
        152,
        197,
        156,
        0,
        162,
        139,
        273,
        350,
        100,
        151,
        194,
        172,
        208,
        129,
        329,
        164,
        237],
    [   196,
        78,
        381,
        363,
        158,
        272,
        215,
        185,
        154,
        249,
        124,
        264,
        107,
        123,
        363,
        166,
        215,
        417,
        192,
        318,
        267,
        289,
        197,
        354,
        242,
        102,
        401,
        46,
        216,
        404,
        350,
        411,
        318,
        64,
        44,
        296,
        162,
        0,
        283,
        415,
        229,
        65,
        180,
        72,
        295,
        96,
        169,
        188,
        19,
        399],
    [   222,
        324,
        300,
        93,
        128,
        305,
        307,
        102,
        431,
        511,
        165,
        503,
        237,
        160,
        205,
        229,
        340,
        392,
        324,
        268,
        16,
        495,
        470,
        160,
        232,
        336,
        315,
        250,
        307,
        208,
        277,
        470,
        283,
        248,
        307,
        197,
        139,
        283,
        0,
        276,
        488,
        231,
        166,
        329,
        232,
        292,
        258,
        463,
        278,
        148],
    [   468,
        398,
        74,
        227,
        296,
        204,
        546,
        283,
        504,
        539,
        360,
        499,
        439,
        337,
        71,
        254,
        297,
        168,
        300,
        119,
        274,
        454,
        526,
        118,
        181,
        394,
        71,
        368,
        545,
        90,
        87,
        292,
        132,
        423,
        457,
        119,
        273,
        415,
        276,
        0,
        516,
        350,
        408,
        411,
        124,
        479,
        266,
        527,
        423,
        182],
    [   421,
        166,
        456,
        552,
        361,
        316,
        419,
        386,
        88,
        23,
        348,
        58,
        332,
        340,
        492,
        284,
        220,
        438,
        215,
        397,
        472,
        125,
        51,
        504,
        341,
        151,
        471,
        244,
        420,
        544,
        431,
        362,
        387,
        292,
        238,
        418,
        350,
        229,
        488,
        516,
        0,
        260,
        409,
        163,
        396,
        301,
        261,
        65,
        245,
        572],
    [   200,
        94,
        320,
        305,
        103,
        221,
        243,
        129,
        199,
        282,
        93,
        283,
        122,
        80,
        298,
        108,
        182,
        364,
        159,
        257,
        215,
        293,
        238,
        289,
        182,
        111,
        340,
        20,
        243,
        339,
        289,
        373,
        260,
        86,
        106,
        231,
        100,
        65,
        231,
        350,
        260,
        0,
        165,
        98,
        233,
        140,
        118,
        232,
        72,
        338],
    [   60,
        250,
        407,
        259,
        121,
        352,
        142,
        126,
        333,
        429,
        75,
        442,
        88,
        97,
        339,
        240,
        340,
        478,
        318,
        355,
        157,
        457,
        376,
        306,
        290,
        271,
        425,
        173,
        142,
        359,
        377,
        518,
        364,
        120,
        182,
        299,
        151,
        180,
        166,
        408,
        409,
        165,
        0,
        249,
        321,
        142,
        263,
        366,
        165,
        313],
    [   268,
        13,
        366,
        400,
        201,
        241,
        285,
        227,
        103,
        184,
        185,
        193,
        180,
        177,
        370,
        157,
        164,
        385,
        144,
        302,
        313,
        216,
        140,
        371,
        230,
        33,
        385,
        81,
        286,
        417,
        336,
        359,
        299,
        137,
        101,
        297,
        194,
        72,
        329,
        411,
        163,
        98,
        249,
        0,
        287,
        164,
        146,
        134,
        91,
        428],
    [   378,
        274,
        89,
        228,
        200,
        98,
        449,
        195,
        380,
        419,
        260,
        383,
        334,
        235,
        100,
        131,
        181,
        162,
        181,
        36,
        222,
        346,
        403,
        131,
        57,
        270,
        108,
        250,
        448,
        154,
        57,
        243,
        51,
        311,
        339,
        38,
        172,
        295,
        232,
        124,
        396,
        233,
        321,
        287,
        0,
        368,
        142,
        403,
        306,
        213],
    [   128,
        173,
        457,
        383,
        190,
        361,
        122,
        212,
        215,
        317,
        131,
        345,
        55,
        147,
        420,
        248,
        310,
        504,
        288,
        395,
        279,
        379,
        258,
        400,
        320,
        196,
        476,
        129,
        122,
        453,
        425,
        507,
        399,
        57,
        64,
        360,
        208,
        96,
        292,
        479,
        301,
        140,
        142,
        164,
        368,
        0,
        257,
        246,
        77,
        429],
    [   309,
        133,
        220,
        302,
        154,
        103,
        361,
        170,
        237,
        284,
        189,
        259,
        239,
        165,
        232,
        29,
        82,
        248,
        65,
        155,
        243,
        239,
        262,
        243,
        84,
        127,
        238,
        128,
        360,
        283,
        190,
        257,
        152,
        205,
        213,
        158,
        129,
        169,
        258,
        266,
        261,
        118,
        263,
        146,
        142,
        257,
        0,
        262,
        184,
        313],
    [   371,
        142,
        473,
        535,
        335,
        335,
        362,
        362,
        33,
        73,
        312,
        122,
        284,
        308,
        494,
        280,
        242,
        468,
        231,
        411,
        447,
        184,
        13,
        500,
        346,
        137,
        490,
        214,
        362,
        544,
        445,
        406,
        403,
        246,
        188,
        420,
        329,
        188,
        463,
        527,
        65,
        232,
        366,
        134,
        403,
        246,
        262,
        0,
        201,
        561],
    [   178,
        98,
        393,
        361,
        156,
        287,
        196,
        182,
        167,
        264,
        116,
        282,
        88,
        118,
        370,
        179,
        233,
        432,
        210,
        329,
        263,
        308,
        210,
        358,
        254,
        121,
        412,
        56,
        196,
        409,
        361,
        429,
        331,
        46,
        34,
        304,
        164,
        19,
        278,
        423,
        245,
        72,
        165,
        91,
        306,
        77,
        184,
        201,
        0,
        399],
    [   370,
        418,
        238,
        60,
        243,
        311,
        455,
        218,
        531,
        595,
        298,
        573,
        377,
        285,
        127,
        288,
        380,
        340,
        372,
        240,
        156,
        547,
        564,
        82,
        248,
        425,
        246,
        358,
        455,
        93,
        229,
        449,
        258,
        379,
        432,
        176,
        237,
        399,
        148,
        182,
        572,
        338,
        313,
        428,
        213,
        429,
        313,
        561,
        399,
        0]]
;
task=[   140,
    180,
    0,
    20,
    416,
    260,
    15,
    324,
    87,
    20,
    268,
    133,
    19,
    290,
    75,
    0,
    0,
    186,
    315,
    217,
    134,
    113,
    111,
    102,
    29,
    253,
    184,
    469,
    6,
    84,
    219,
    161,
    227,
    196,
    152,
    196,
    215,
    129,
    15,
    60,
    71,
    73,
    74,
    313,
    135,
    212,
    636,
    65,
    140,
    70]
;
minW=[   36,
    9,
    162,
    103,
    117,
    115,
    276,
    0,
    124,
    104,
    112,
    92,
    147,
    55,
    38,
    0,
    42,
    200,
    11,
    93,
    87,
    15,
    213,
    104,
    52,
    40,
    31,
    57,
    153,
    245,
    27,
    264,
    58,
    11,
    122,
    72,
    52,
    22,
    69,
    223,
    238,
    16,
    151,
    31,
    27,
    43,
    27,
    109,
    15,
    83]
;
maxW=[   562,
    336,
    239,
    555,
    462,
    638,
    568,
    468,
    296,
    583,
    666,
    635,
    388,
    426,
    498,
    720,
    574,
    448,
    107,
    525,
    287,
    470,
    437,
    495,
    600,
    257,
    631,
    156,
    597,
    434,
    385,
    594,
    693,
    236,
    592,
    478,
    630,
    596,
    575,
    562,
    494,
    707,
    267,
    177,
    692,
    497,
    501,
    377,
    244,
    532]
;