// Generated by InstanceGenerator.py v0.1
// Juan Francisco Martinez Vera
// AMMM - MIRI, FIB UPC
//
// RAND_SEED=1484819004

bigM=100000;

nLocations=70;
startLocation=3;
distances=[   [   0,
        419,
        143,
        117,
        154,
        312,
        178,
        309,
        157,
        385,
        280,
        110,
        177,
        196,
        176,
        294,
        310,
        463,
        94,
        144,
        270,
        58,
        107,
        60,
        161,
        309,
        214,
        227,
        158,
        149,
        298,
        49,
        251,
        306,
        86,
        330,
        350,
        359,
        55,
        371,
        242,
        319,
        117,
        280,
        325,
        153,
        267,
        48,
        206,
        299,
        262,
        305,
        247,
        21,
        305,
        99,
        251,
        134,
        363,
        324,
        406,
        279,
        79,
        276,
        178,
        192,
        100,
        255,
        318,
        243],
    [   419,
        0,
        277,
        482,
        271,
        384,
        366,
        114,
        312,
        147,
        227,
        523,
        274,
        348,
        273,
        314,
        386,
        57,
        366,
        333,
        163,
        388,
        312,
        463,
        351,
        250,
        391,
        223,
        575,
        462,
        236,
        388,
        297,
        299,
        495,
        242,
        406,
        181,
        413,
        134,
        451,
        226,
        303,
        212,
        112,
        330,
        229,
        371,
        333,
        474,
        380,
        236,
        193,
        419,
        489,
        490,
        415,
        297,
        296,
        238,
        169,
        179,
        350,
        143,
        597,
        230,
        349,
        164,
        120,
        204],
    [   143,
        277,
        0,
        229,
        20,
        257,
        180,
        165,
        84,
        248,
        159,
        246,
        66,
        181,
        63,
        210,
        290,
        319,
        121,
        125,
        127,
        125,
        41,
        186,
        124,
        197,
        223,
        95,
        301,
        230,
        181,
        122,
        164,
        245,
        225,
        243,
        296,
        228,
        150,
        233,
        247,
        226,
        38,
        179,
        181,
        130,
        146,
        95,
        146,
        294,
        251,
        217,
        108,
        147,
        306,
        215,
        231,
        66,
        293,
        208,
        272,
        142,
        89,
        133,
        322,
        66,
        82,
        116,
        185,
        107],
    [   117,
        482,
        229,
        0,
        245,
        429,
        147,
        382,
        268,
        477,
        383,
        156,
        280,
        172,
        278,
        409,
        260,
        532,
        116,
        153,
        353,
        103,
        187,
        149,
        277,
        416,
        162,
        323,
        127,
        54,
        403,
        108,
        364,
        288,
        65,
        332,
        467,
        456,
        79,
        461,
        356,
        328,
        192,
        302,
        404,
        159,
        370,
        150,
        321,
        412,
        213,
        312,
        337,
        98,
        418,
        181,
        368,
        185,
        346,
        430,
        501,
        371,
        140,
        349,
        151,
        253,
        213,
        319,
        367,
        336],
    [   154,
        271,
        20,
        245,
        0,
        238,
        200,
        157,
        69,
        233,
        140,
        252,
        46,
        201,
        43,
        191,
        308,
        311,
        140,
        145,
        116,
        142,
        58,
        192,
        111,
        178,
        243,
        77,
        312,
        248,
        162,
        137,
        144,
        261,
        238,
        255,
        277,
        211,
        166,
        218,
        234,
        238,
        57,
        190,
        171,
        149,
        127,
        105,
        128,
        279,
        270,
        229,
        93,
        159,
        292,
        218,
        215,
        86,
        307,
        189,
        256,
        127,
        106,
        127,
        332,
        76,
        79,
        116,
        187,
        90],
    [   312,
        384,
        257,
        429,
        238,
        0,
        433,
        293,
        177,
        252,
        161,
        342,
        192,
        438,
        195,
        70,
        547,
        390,
        358,
        378,
        248,
        341,
        282,
        299,
        153,
        134,
        476,
        201,
        431,
        454,
        148,
        332,
        101,
        496,
        389,
        480,
        39,
        211,
        357,
        256,
        118,
        460,
        287,
        413,
        279,
        384,
        163,
        284,
        114,
        104,
        508,
        455,
        224,
        331,
        118,
        292,
        78,
        323,
        537,
        147,
        248,
        215,
        319,
        287,
        440,
        306,
        221,
        307,
        369,
        211],
    [   178,
        366,
        180,
        147,
        200,
        433,
        0,
        285,
        256,
        398,
        334,
        274,
        246,
        24,
        244,
        391,
        132,
        421,
        86,
        55,
        273,
        120,
        151,
        238,
        286,
        375,
        43,
        268,
        273,
        106,
        357,
        130,
        344,
        141,
        196,
        185,
        473,
        389,
        127,
        380,
        398,
        183,
        146,
        164,
        312,
        50,
        322,
        167,
        319,
        452,
        84,
        167,
        269,
        159,
        462,
        276,
        394,
        113,
        199,
        384,
        426,
        303,
        120,
        254,
        297,
        162,
        220,
        218,
        245,
        273],
    [   309,
        114,
        165,
        382,
        157,
        293,
        285,
        0,
        198,
        120,
        132,
        410,
        160,
        273,
        158,
        223,
        340,
        154,
        266,
        242,
        50,
        283,
        203,
        350,
        238,
        167,
        319,
        110,
        466,
        370,
        148,
        282,
        196,
        262,
        388,
        221,
        321,
        128,
        309,
        100,
        344,
        201,
        195,
        165,
        29,
        241,
        129,
        260,
        224,
        373,
        322,
        203,
        80,
        310,
        388,
        375,
        311,
        197,
        282,
        162,
        150,
        77,
        245,
        33,
        487,
        130,
        234,
        67,
        84,
        93],
    [   157,
        312,
        84,
        268,
        69,
        177,
        256,
        198,
        0,
        240,
        126,
        232,
        38,
        261,
        40,
        142,
        373,
        344,
        182,
        201,
        149,
        170,
        104,
        173,
        43,
        152,
        299,
        90,
        306,
        284,
        142,
        162,
        96,
        330,
        243,
        324,
        216,
        209,
        190,
        230,
        165,
        307,
        111,
        259,
        203,
        208,
        114,
        117,
        63,
        210,
        332,
        298,
        119,
        171,
        222,
        188,
        146,
        146,
        376,
        168,
        257,
        141,
        144,
        174,
        323,
        145,
        57,
        174,
        246,
        109],
    [   385,
        147,
        248,
        477,
        233,
        252,
        398,
        120,
        240,
        0,
        119,
        472,
        210,
        388,
        210,
        185,
        461,
        139,
        365,
        350,
        125,
        373,
        289,
        412,
        267,
        121,
        434,
        157,
        542,
        473,
        114,
        370,
        185,
        383,
        470,
        338,
        268,
        40,
        399,
        19,
        340,
        318,
        285,
        285,
        91,
        351,
        128,
        337,
        234,
        351,
        441,
        322,
        139,
        392,
        366,
        429,
        299,
        298,
        398,
        105,
        29,
        106,
        337,
        145,
        560,
        236,
        292,
        183,
        198,
        142],
    [   280,
        227,
        159,
        383,
        140,
        161,
        334,
        132,
        126,
        119,
        0,
        358,
        103,
        330,
        104,
        91,
        425,
        242,
        280,
        280,
        91,
        280,
        198,
        299,
        148,
        42,
        375,
        66,
        432,
        389,
        23,
        274,
        71,
        361,
        366,
        333,
        189,
        83,
        303,
        113,
        227,
        313,
        198,
        269,
        118,
        283,
        12,
        235,
        115,
        247,
        394,
        311,
        73,
        291,
        262,
        313,
        189,
        222,
        393,
        49,
        132,
        55,
        246,
        130,
        449,
        178,
        181,
        156,
        211,
        64],
    [   110,
        523,
        246,
        156,
        252,
        342,
        274,
        410,
        232,
        472,
        358,
        0,
        262,
        295,
        262,
        347,
        402,
        564,
        199,
        250,
        367,
        163,
        214,
        60,
        215,
        378,
        302,
        316,
        90,
        208,
        372,
        156,
        312,
        410,
        90,
        439,
        376,
        441,
        148,
        461,
        241,
        429,
        225,
        391,
        423,
        258,
        346,
        154,
        259,
        294,
        354,
        415,
        341,
        121,
        295,
        50,
        267,
        245,
        468,
        396,
        489,
        370,
        189,
        379,
        98,
        301,
        180,
        362,
        427,
        334],
    [   177,
        274,
        66,
        280,
        46,
        192,
        246,
        160,
        38,
        210,
        103,
        262,
        0,
        248,
        3,
        144,
        355,
        307,
        182,
        191,
        111,
        178,
        99,
        202,
        80,
        137,
        289,
        54,
        332,
        289,
        123,
        171,
        97,
        305,
        263,
        294,
        230,
        182,
        200,
        198,
        199,
        276,
        102,
        228,
        165,
        196,
        90,
        131,
        85,
        240,
        317,
        269,
        81,
        187,
        253,
        222,
        175,
        133,
        349,
        150,
        229,
        107,
        146,
        135,
        350,
        115,
        82,
        137,
        208,
        72],
    [   196,
        348,
        181,
        172,
        201,
        438,
        24,
        273,
        261,
        388,
        330,
        295,
        248,
        0,
        245,
        392,
        116,
        404,
        103,
        61,
        265,
        138,
        157,
        257,
        294,
        372,
        46,
        264,
        297,
        130,
        354,
        148,
        345,
        117,
        220,
        161,
        477,
        382,
        147,
        369,
        409,
        159,
        150,
        143,
        300,
        53,
        319,
        181,
        325,
        462,
        71,
        143,
        263,
        178,
        472,
        296,
        402,
        115,
        175,
        380,
        417,
        296,
        132,
        243,
        321,
        155,
        230,
        206,
        227,
        268],
    [   176,
        273,
        63,
        278,
        43,
        195,
        244,
        158,
        40,
        210,
        104,
        262,
        3,
        245,
        0,
        147,
        352,
        306,
        179,
        188,
        110,
        176,
        97,
        202,
        82,
        139,
        286,
        54,
        331,
        286,
        125,
        170,
        100,
        302,
        262,
        291,
        233,
        183,
        199,
        198,
        201,
        273,
        99,
        225,
        164,
        193,
        92,
        130,
        88,
        243,
        314,
        266,
        81,
        186,
        256,
        222,
        178,
        130,
        346,
        152,
        230,
        107,
        143,
        134,
        349,
        112,
        82,
        134,
        206,
        72],
    [   294,
        314,
        210,
        409,
        191,
        70,
        391,
        223,
        142,
        185,
        91,
        347,
        144,
        392,
        147,
        0,
        496,
        321,
        323,
        335,
        181,
        312,
        242,
        295,
        135,
        65,
        434,
        139,
        432,
        426,
        78,
        304,
        47,
        439,
        378,
        418,
        98,
        145,
        332,
        188,
        159,
        398,
        245,
        352,
        209,
        340,
        95,
        259,
        89,
        165,
        461,
        394,
        158,
        311,
        180,
        297,
        117,
        277,
        476,
        80,
        185,
        146,
        285,
        220,
        444,
        250,
        195,
        242,
        301,
        146],
    [   310,
        386,
        290,
        260,
        308,
        547,
        132,
        340,
        373,
        461,
        425,
        402,
        355,
        116,
        352,
        496,
        0,
        443,
        218,
        177,
        347,
        252,
        271,
        369,
        408,
        468,
        99,
        361,
        387,
        207,
        449,
        262,
        451,
        86,
        319,
        147,
        585,
        463,
        258,
        441,
        525,
        160,
        263,
        178,
        370,
        169,
        414,
        298,
        435,
        577,
        48,
        149,
        353,
        290,
        587,
        408,
        516,
        226,
        117,
        473,
        491,
        382,
        249,
        317,
        410,
        247,
        346,
        280,
        272,
        361],
    [   463,
        57,
        319,
        532,
        311,
        390,
        421,
        154,
        344,
        139,
        242,
        564,
        307,
        404,
        306,
        321,
        443,
        0,
        416,
        386,
        197,
        435,
        357,
        503,
        379,
        256,
        448,
        253,
        621,
        515,
        245,
        435,
        313,
        357,
        542,
        299,
        407,
        178,
        461,
        133,
        469,
        283,
        348,
        269,
        141,
        383,
        247,
        414,
        355,
        486,
        438,
        294,
        225,
        464,
        501,
        527,
        431,
        347,
        352,
        242,
        152,
        203,
        398,
        186,
        641,
        279,
        386,
        213,
        177,
        234],
    [   94,
        366,
        121,
        116,
        140,
        358,
        86,
        266,
        182,
        365,
        280,
        199,
        182,
        103,
        179,
        323,
        218,
        416,
        0,
        50,
        240,
        36,
        82,
        155,
        206,
        318,
        126,
        216,
        219,
        108,
        302,
        45,
        276,
        211,
        138,
        240,
        397,
        348,
        53,
        348,
        313,
        231,
        82,
        197,
        289,
        59,
        268,
        81,
        244,
        368,
        171,
        216,
        226,
        78,
        377,
        194,
        312,
        69,
        269,
        330,
        390,
        261,
        38,
        233,
        243,
        137,
        139,
        203,
        253,
        227],
    [   144,
        333,
        125,
        153,
        145,
        378,
        55,
        242,
        201,
        350,
        280,
        250,
        191,
        61,
        188,
        335,
        177,
        386,
        50,
        0,
        224,
        87,
        97,
        205,
        233,
        320,
        98,
        214,
        267,
        129,
        303,
        95,
        288,
        161,
        186,
        189,
        418,
        339,
        103,
        332,
        348,
        181,
        90,
        149,
        267,
        8,
        268,
        122,
        265,
        400,
        133,
        166,
        217,
        129,
        411,
        243,
        341,
        58,
        219,
        330,
        378,
        251,
        73,
        210,
        291,
        114,
        169,
        176,
        215,
        221],
    [   270,
        163,
        127,
        353,
        116,
        248,
        273,
        50,
        149,
        125,
        91,
        367,
        111,
        265,
        110,
        181,
        347,
        197,
        240,
        224,
        0,
        251,
        168,
        307,
        188,
        130,
        311,
        60,
        428,
        347,
        111,
        249,
        149,
        276,
        353,
        244,
        279,
        117,
        277,
        108,
        294,
        224,
        162,
        181,
        55,
        225,
        85,
        221,
        174,
        324,
        322,
        223,
        30,
        274,
        339,
        330,
        262,
        172,
        304,
        130,
        153,
        37,
        214,
        38,
        448,
        111,
        189,
        68,
        120,
        42],
    [   58,
        388,
        125,
        103,
        142,
        341,
        120,
        283,
        170,
        373,
        280,
        163,
        178,
        138,
        176,
        312,
        252,
        435,
        36,
        87,
        251,
        0,
        84,
        119,
        187,
        315,
        157,
        219,
        190,
        113,
        301,
        10,
        266,
        248,
        108,
        275,
        380,
        353,
        25,
        358,
        287,
        266,
        89,
        230,
        303,
        95,
        267,
        56,
        229,
        342,
        205,
        251,
        234,
        42,
        351,
        158,
        289,
        91,
        305,
        328,
        397,
        268,
        37,
        250,
        213,
        157,
        120,
        223,
        278,
        232],
    [   107,
        312,
        41,
        187,
        58,
        282,
        151,
        203,
        104,
        289,
        198,
        214,
        99,
        157,
        97,
        242,
        271,
        357,
        82,
        97,
        168,
        84,
        0,
        156,
        136,
        235,
        194,
        136,
        263,
        190,
        220,
        81,
        195,
        238,
        185,
        246,
        321,
        269,
        109,
        274,
        254,
        232,
        11,
        188,
        221,
        103,
        185,
        60,
        168,
        306,
        229,
        220,
        149,
        107,
        316,
        189,
        245,
        46,
        291,
        247,
        313,
        184,
        48,
        170,
        285,
        86,
        76,
        148,
        212,
        148],
    [   60,
        463,
        186,
        149,
        192,
        299,
        238,
        350,
        173,
        412,
        299,
        60,
        202,
        257,
        202,
        295,
        369,
        503,
        155,
        205,
        307,
        119,
        156,
        0,
        160,
        322,
        272,
        256,
        136,
        193,
        314,
        110,
        257,
        366,
        94,
        390,
        335,
        382,
        111,
        401,
        210,
        379,
        168,
        338,
        362,
        214,
        288,
        96,
        206,
        266,
        321,
        365,
        280,
        78,
        270,
        39,
        229,
        191,
        424,
        339,
        430,
        309,
        138,
        319,
        150,
        243,
        120,
        302,
        369,
        274],
    [   161,
        351,
        124,
        277,
        111,
        153,
        286,
        238,
        43,
        267,
        148,
        215,
        80,
        294,
        82,
        135,
        408,
        379,
        206,
        233,
        188,
        187,
        136,
        160,
        0,
        163,
        329,
        127,
        297,
        300,
        159,
        178,
        97,
        369,
        242,
        366,
        192,
        232,
        203,
        259,
        122,
        349,
        144,
        302,
        240,
        240,
        138,
        131,
        46,
        170,
        365,
        340,
        157,
        179,
        182,
        167,
        108,
        182,
        417,
        181,
        280,
        175,
        168,
        215,
        311,
        187,
        67,
        217,
        289,
        146],
    [   309,
        250,
        197,
        416,
        178,
        134,
        375,
        167,
        152,
        121,
        42,
        378,
        137,
        372,
        139,
        65,
        468,
        256,
        318,
        320,
        130,
        315,
        235,
        322,
        163,
        0,
        416,
        107,
        457,
        425,
        19,
        308,
        69,
        403,
        395,
        374,
        157,
        80,
        337,
        122,
        219,
        354,
        236,
        310,
        148,
        324,
        53,
        266,
        122,
        230,
        437,
        352,
        115,
        322,
        245,
        331,
        178,
        262,
        434,
        18,
        124,
        93,
        282,
        169,
        473,
        220,
        209,
        198,
        249,
        106],
    [   214,
        391,
        223,
        162,
        243,
        476,
        43,
        319,
        299,
        434,
        375,
        302,
        289,
        46,
        286,
        434,
        99,
        448,
        126,
        98,
        311,
        157,
        194,
        272,
        329,
        416,
        0,
        309,
        289,
        111,
        398,
        168,
        387,
        134,
        219,
        188,
        516,
        428,
        160,
        416,
        440,
        191,
        189,
        182,
        346,
        93,
        363,
        208,
        363,
        494,
        52,
        175,
        308,
        193,
        503,
        310,
        437,
        156,
        188,
        425,
        463,
        342,
        162,
        289,
        313,
        200,
        263,
        252,
        270,
        313],
    [   227,
        223,
        95,
        323,
        77,
        201,
        268,
        110,
        90,
        157,
        66,
        316,
        54,
        264,
        54,
        139,
        361,
        253,
        216,
        214,
        60,
        219,
        136,
        256,
        127,
        107,
        309,
        0,
        384,
        325,
        89,
        215,
        99,
        300,
        313,
        279,
        235,
        133,
        244,
        145,
        235,
        259,
        134,
        213,
        112,
        217,
        54,
        180,
        115,
        268,
        329,
        255,
        29,
        235,
        283,
        276,
        205,
        156,
        337,
        115,
        179,
        53,
        184,
        92,
        402,
        113,
        136,
        106,
        172,
        18],
    [   158,
        575,
        301,
        127,
        312,
        431,
        273,
        466,
        306,
        542,
        432,
        90,
        332,
        297,
        331,
        432,
        387,
        621,
        219,
        267,
        428,
        190,
        263,
        136,
        297,
        457,
        289,
        384,
        0,
        180,
        449,
        188,
        394,
        414,
        81,
        454,
        465,
        514,
        166,
        529,
        332,
        448,
        272,
        416,
        483,
        274,
        420,
        207,
        343,
        384,
        341,
        432,
        405,
        156,
        385,
        140,
        357,
        281,
        472,
        474,
        562,
        437,
        225,
        434,
        24,
        346,
        251,
        411,
        469,
        400],
    [   149,
        462,
        230,
        54,
        248,
        454,
        106,
        370,
        284,
        473,
        389,
        208,
        289,
        130,
        286,
        426,
        207,
        515,
        108,
        129,
        347,
        113,
        190,
        193,
        300,
        425,
        111,
        325,
        180,
        0,
        411,
        122,
        380,
        242,
        118,
        291,
        493,
        457,
        97,
        456,
        392,
        289,
        191,
        269,
        394,
        132,
        376,
        169,
        342,
        448,
        162,
        273,
        335,
        127,
        455,
        228,
        399,
        175,
        299,
        438,
        499,
        370,
        143,
        337,
        203,
        240,
        233,
        304,
        343,
        336],
    [   298,
        236,
        181,
        403,
        162,
        148,
        357,
        148,
        142,
        114,
        23,
        372,
        123,
        354,
        125,
        78,
        449,
        245,
        302,
        303,
        111,
        301,
        220,
        314,
        159,
        19,
        398,
        89,
        449,
        411,
        0,
        295,
        70,
        384,
        384,
        355,
        173,
        75,
        324,
        113,
        225,
        335,
        220,
        291,
        131,
        307,
        35,
        254,
        121,
        240,
        418,
        333,
        96,
        310,
        255,
        326,
        185,
        245,
        415,
        27,
        122,
        74,
        268,
        150,
        465,
        202,
        199,
        178,
        230,
        87],
    [   49,
        388,
        122,
        108,
        137,
        332,
        130,
        282,
        162,
        370,
        274,
        156,
        171,
        148,
        170,
        304,
        262,
        435,
        45,
        95,
        249,
        10,
        81,
        110,
        178,
        308,
        168,
        215,
        188,
        122,
        295,
        0,
        259,
        256,
        107,
        282,
        371,
        348,
        28,
        355,
        277,
        272,
        87,
        235,
        301,
        103,
        262,
        47,
        220,
        332,
        215,
        258,
        230,
        35,
        340,
        149,
        279,
        93,
        314,
        322,
        393,
        264,
        37,
        249,
        210,
        158,
        111,
        223,
        281,
        228],
    [   251,
        297,
        164,
        364,
        144,
        101,
        344,
        196,
        96,
        185,
        71,
        312,
        97,
        345,
        100,
        47,
        451,
        313,
        276,
        288,
        149,
        266,
        195,
        257,
        97,
        69,
        387,
        99,
        394,
        380,
        70,
        259,
        0,
        396,
        336,
        378,
        137,
        146,
        286,
        182,
        156,
        358,
        198,
        311,
        187,
        293,
        68,
        213,
        53,
        177,
        414,
        353,
        123,
        267,
        192,
        264,
        118,
        230,
        435,
        88,
        192,
        120,
        238,
        187,
        408,
        206,
        151,
        205,
        269,
        110],
    [   306,
        299,
        245,
        288,
        261,
        496,
        141,
        262,
        330,
        383,
        361,
        410,
        305,
        117,
        302,
        439,
        86,
        357,
        211,
        161,
        276,
        248,
        238,
        366,
        369,
        403,
        134,
        300,
        414,
        242,
        384,
        256,
        396,
        0,
        337,
        62,
        533,
        388,
        261,
        363,
        491,
        74,
        228,
        97,
        291,
        152,
        351,
        280,
        390,
        540,
        96,
        63,
        287,
        290,
        552,
        405,
        476,
        192,
        58,
        406,
        412,
        313,
        232,
        242,
        438,
        190,
        315,
        208,
        189,
        297],
    [   86,
        495,
        225,
        65,
        238,
        389,
        196,
        388,
        243,
        470,
        366,
        90,
        263,
        220,
        262,
        378,
        319,
        542,
        138,
        186,
        353,
        108,
        185,
        94,
        242,
        395,
        219,
        313,
        81,
        118,
        384,
        107,
        336,
        337,
        0,
        374,
        426,
        445,
        85,
        456,
        304,
        367,
        193,
        335,
        407,
        193,
        354,
        133,
        288,
        360,
        271,
        352,
        332,
        78,
        364,
        120,
        321,
        200,
        395,
        410,
        492,
        364,
        145,
        356,
        105,
        265,
        186,
        331,
        387,
        328],
    [   330,
        242,
        243,
        332,
        255,
        480,
        185,
        221,
        324,
        338,
        333,
        439,
        294,
        161,
        291,
        418,
        147,
        299,
        240,
        189,
        244,
        275,
        246,
        390,
        366,
        374,
        188,
        279,
        454,
        291,
        355,
        282,
        378,
        62,
        374,
        0,
        515,
        349,
        293,
        319,
        489,
        20,
        235,
        66,
        249,
        181,
        325,
        297,
        380,
        534,
        156,
        26,
        260,
        317,
        547,
        427,
        470,
        202,
        60,
        375,
        368,
        281,
        252,
        207,
        478,
        179,
        320,
        176,
        140,
        272],
    [   350,
        406,
        296,
        467,
        277,
        39,
        473,
        321,
        216,
        268,
        189,
        376,
        230,
        477,
        233,
        98,
        585,
        407,
        397,
        418,
        279,
        380,
        321,
        335,
        192,
        157,
        516,
        235,
        465,
        493,
        173,
        371,
        137,
        533,
        426,
        515,
        0,
        228,
        396,
        274,
        142,
        495,
        327,
        449,
        305,
        424,
        194,
        324,
        153,
        112,
        547,
        491,
        256,
        369,
        124,
        325,
        108,
        362,
        573,
        167,
        259,
        244,
        359,
        318,
        474,
        343,
        260,
        340,
        400,
        244],
    [   359,
        181,
        228,
        456,
        211,
        211,
        389,
        128,
        209,
        40,
        83,
        441,
        182,
        382,
        183,
        145,
        463,
        178,
        348,
        339,
        117,
        353,
        269,
        382,
        232,
        80,
        428,
        133,
        514,
        457,
        75,
        348,
        146,
        388,
        445,
        349,
        228,
        0,
        377,
        46,
        300,
        329,
        266,
        291,
        101,
        340,
        94,
        312,
        196,
        310,
        439,
        331,
        122,
        368,
        325,
        397,
        259,
        283,
        410,
        64,
        48,
        87,
        317,
        146,
        531,
        227,
        263,
        182,
        211,
        121],
    [   55,
        413,
        150,
        79,
        166,
        357,
        127,
        309,
        190,
        399,
        303,
        148,
        200,
        147,
        199,
        332,
        258,
        461,
        53,
        103,
        277,
        25,
        109,
        111,
        203,
        337,
        160,
        244,
        166,
        97,
        324,
        28,
        286,
        261,
        85,
        293,
        396,
        377,
        0,
        383,
        295,
        285,
        115,
        250,
        329,
        111,
        290,
        73,
        246,
        352,
        210,
        270,
        259,
        33,
        359,
        150,
        301,
        116,
        320,
        351,
        422,
        293,
        63,
        275,
        190,
        182,
        137,
        248,
        303,
        257],
    [   371,
        134,
        233,
        461,
        218,
        256,
        380,
        100,
        230,
        19,
        113,
        461,
        198,
        369,
        198,
        188,
        441,
        133,
        348,
        332,
        108,
        358,
        274,
        401,
        259,
        122,
        416,
        145,
        529,
        456,
        113,
        355,
        182,
        363,
        456,
        319,
        274,
        46,
        383,
        0,
        338,
        299,
        269,
        265,
        71,
        333,
        121,
        323,
        229,
        352,
        421,
        303,
        124,
        378,
        368,
        419,
        299,
        281,
        379,
        108,
        49,
        92,
        321,
        126,
        548,
        218,
        281,
        164,
        179,
        128],
    [   242,
        451,
        247,
        356,
        234,
        118,
        398,
        344,
        165,
        340,
        227,
        241,
        199,
        409,
        201,
        159,
        525,
        469,
        313,
        348,
        294,
        287,
        254,
        210,
        122,
        219,
        440,
        235,
        332,
        392,
        225,
        277,
        156,
        491,
        304,
        489,
        142,
        300,
        295,
        338,
        0,
        472,
        264,
        424,
        339,
        355,
        223,
        232,
        120,
        56,
        481,
        463,
        264,
        264,
        63,
        193,
        42,
        301,
        540,
        237,
        343,
        271,
        278,
        327,
        338,
        310,
        179,
        335,
        405,
        251],
    [   319,
        226,
        226,
        328,
        238,
        460,
        183,
        201,
        307,
        318,
        313,
        429,
        276,
        159,
        273,
        398,
        160,
        283,
        231,
        181,
        224,
        266,
        232,
        379,
        349,
        354,
        191,
        259,
        448,
        289,
        335,
        272,
        358,
        74,
        367,
        20,
        495,
        329,
        285,
        299,
        472,
        0,
        220,
        47,
        229,
        174,
        305,
        285,
        361,
        516,
        164,
        16,
        240,
        308,
        529,
        416,
        451,
        189,
        81,
        354,
        348,
        261,
        241,
        186,
        472,
        162,
        305,
        156,
        120,
        252],
    [   117,
        303,
        38,
        192,
        57,
        287,
        146,
        195,
        111,
        285,
        198,
        225,
        102,
        150,
        99,
        245,
        263,
        348,
        82,
        90,
        162,
        89,
        11,
        168,
        144,
        236,
        189,
        134,
        272,
        191,
        220,
        87,
        198,
        228,
        193,
        235,
        327,
        266,
        115,
        269,
        264,
        220,
        0,
        176,
        214,
        97,
        185,
        71,
        174,
        314,
        221,
        209,
        145,
        116,
        326,
        201,
        253,
        37,
        280,
        247,
        309,
        180,
        51,
        162,
        294,
        76,
        87,
        138,
        201,
        145],
    [   280,
        212,
        179,
        302,
        190,
        413,
        164,
        165,
        259,
        285,
        269,
        391,
        228,
        143,
        225,
        352,
        178,
        269,
        197,
        149,
        181,
        230,
        188,
        338,
        302,
        310,
        182,
        213,
        416,
        269,
        291,
        235,
        311,
        97,
        335,
        66,
        449,
        291,
        250,
        265,
        424,
        47,
        176,
        0,
        194,
        143,
        260,
        243,
        314,
        468,
        168,
        42,
        195,
        270,
        481,
        374,
        404,
        147,
        124,
        312,
        315,
        219,
        201,
        146,
        440,
        114,
        259,
        113,
        94,
        206],
    [   325,
        112,
        181,
        404,
        171,
        279,
        312,
        29,
        203,
        91,
        118,
        423,
        165,
        300,
        164,
        209,
        370,
        141,
        289,
        267,
        55,
        303,
        221,
        362,
        240,
        148,
        346,
        112,
        483,
        394,
        131,
        301,
        187,
        291,
        407,
        249,
        305,
        101,
        329,
        71,
        339,
        229,
        214,
        194,
        0,
        267,
        118,
        276,
        221,
        364,
        350,
        232,
        83,
        328,
        379,
        386,
        304,
        219,
        310,
        141,
        121,
        67,
        265,
        57,
        503,
        154,
        244,
        94,
        110,
        94],
    [   153,
        330,
        130,
        159,
        149,
        384,
        50,
        241,
        208,
        351,
        283,
        258,
        196,
        53,
        193,
        340,
        169,
        383,
        59,
        8,
        225,
        95,
        103,
        214,
        240,
        324,
        93,
        217,
        274,
        132,
        307,
        103,
        293,
        152,
        193,
        181,
        424,
        340,
        111,
        333,
        355,
        174,
        97,
        143,
        267,
        0,
        271,
        130,
        271,
        408,
        125,
        158,
        219,
        137,
        418,
        252,
        348,
        63,
        210,
        333,
        379,
        253,
        81,
        209,
        298,
        114,
        176,
        174,
        211,
        223],
    [   267,
        229,
        146,
        370,
        127,
        163,
        322,
        129,
        114,
        128,
        12,
        346,
        90,
        319,
        92,
        95,
        414,
        247,
        268,
        268,
        85,
        267,
        185,
        288,
        138,
        53,
        363,
        54,
        420,
        376,
        35,
        262,
        68,
        351,
        354,
        325,
        194,
        94,
        290,
        121,
        223,
        305,
        185,
        260,
        118,
        271,
        0,
        222,
        108,
        245,
        383,
        302,
        64,
        278,
        261,
        302,
        186,
        209,
        385,
        62,
        142,
        52,
        233,
        124,
        437,
        167,
        169,
        148,
        206,
        54],
    [   48,
        371,
        95,
        150,
        105,
        284,
        167,
        260,
        117,
        337,
        235,
        154,
        131,
        181,
        130,
        259,
        298,
        414,
        81,
        122,
        221,
        56,
        60,
        96,
        131,
        266,
        208,
        180,
        207,
        169,
        254,
        47,
        213,
        280,
        133,
        297,
        324,
        312,
        73,
        323,
        232,
        285,
        71,
        243,
        276,
        130,
        222,
        0,
        173,
        287,
        252,
        272,
        199,
        55,
        296,
        131,
        233,
        95,
        336,
        281,
        359,
        231,
        49,
        228,
        227,
        147,
        64,
        208,
        272,
        195],
    [   206,
        333,
        146,
        321,
        128,
        114,
        319,
        224,
        63,
        234,
        115,
        259,
        85,
        325,
        88,
        89,
        435,
        355,
        244,
        265,
        174,
        229,
        168,
        206,
        46,
        122,
        363,
        115,
        343,
        342,
        121,
        220,
        53,
        390,
        288,
        380,
        153,
        196,
        246,
        229,
        120,
        361,
        174,
        314,
        221,
        271,
        108,
        173,
        0,
        155,
        396,
        354,
        144,
        223,
        169,
        211,
        91,
        210,
        434,
        140,
        243,
        153,
        206,
        207,
        356,
        201,
        109,
        217,
        286,
        131],
    [   299,
        474,
        294,
        412,
        279,
        104,
        452,
        373,
        210,
        351,
        247,
        294,
        240,
        462,
        243,
        165,
        577,
        486,
        368,
        400,
        324,
        342,
        306,
        266,
        170,
        230,
        494,
        268,
        384,
        448,
        240,
        332,
        177,
        540,
        360,
        534,
        112,
        310,
        352,
        352,
        56,
        516,
        314,
        468,
        364,
        408,
        245,
        287,
        155,
        0,
        534,
        508,
        296,
        320,
        15,
        246,
        64,
        352,
        587,
        245,
        349,
        297,
        332,
        360,
        388,
        354,
        231,
        372,
        441,
        283],
    [   262,
        380,
        251,
        213,
        270,
        508,
        84,
        322,
        332,
        441,
        394,
        354,
        317,
        71,
        314,
        461,
        48,
        438,
        171,
        133,
        322,
        205,
        229,
        321,
        365,
        437,
        52,
        329,
        341,
        162,
        418,
        215,
        414,
        96,
        271,
        156,
        547,
        439,
        210,
        421,
        481,
        164,
        221,
        168,
        350,
        125,
        383,
        252,
        396,
        534,
        0,
        149,
        324,
        242,
        544,
        360,
        474,
        185,
        144,
        443,
        470,
        355,
        203,
        295,
        365,
        216,
        302,
        258,
        262,
        331],
    [   305,
        236,
        217,
        312,
        229,
        455,
        167,
        203,
        298,
        322,
        311,
        415,
        269,
        143,
        266,
        394,
        149,
        294,
        216,
        166,
        223,
        251,
        220,
        365,
        340,
        352,
        175,
        255,
        432,
        273,
        333,
        258,
        353,
        63,
        352,
        26,
        491,
        331,
        270,
        303,
        463,
        16,
        209,
        42,
        232,
        158,
        302,
        272,
        354,
        508,
        149,
        0,
        238,
        293,
        521,
        402,
        444,
        176,
        82,
        354,
        352,
        260,
        227,
        186,
        456,
        153,
        294,
        154,
        126,
        249],
    [   247,
        193,
        108,
        337,
        93,
        224,
        269,
        80,
        119,
        139,
        73,
        341,
        81,
        263,
        81,
        158,
        353,
        225,
        226,
        217,
        30,
        234,
        149,
        280,
        157,
        115,
        308,
        29,
        405,
        335,
        96,
        230,
        123,
        287,
        332,
        260,
        256,
        122,
        259,
        124,
        264,
        240,
        145,
        195,
        83,
        219,
        64,
        199,
        144,
        296,
        324,
        238,
        0,
        253,
        311,
        302,
        233,
        161,
        320,
        119,
        164,
        34,
        197,
        64,
        425,
        108,
        161,
        84,
        146,
        13],
    [   21,
        419,
        147,
        98,
        159,
        331,
        159,
        310,
        171,
        392,
        291,
        121,
        187,
        178,
        186,
        311,
        290,
        464,
        78,
        129,
        274,
        42,
        107,
        78,
        179,
        322,
        193,
        235,
        156,
        127,
        310,
        35,
        267,
        290,
        78,
        317,
        369,
        368,
        33,
        378,
        264,
        308,
        116,
        270,
        328,
        137,
        278,
        55,
        223,
        320,
        242,
        293,
        253,
        0,
        327,
        117,
        272,
        127,
        347,
        336,
        414,
        286,
        71,
        278,
        178,
        189,
        115,
        254,
        314,
        250],
    [   305,
        489,
        306,
        418,
        292,
        118,
        462,
        388,
        222,
        366,
        262,
        295,
        253,
        472,
        256,
        180,
        587,
        501,
        377,
        411,
        339,
        351,
        316,
        270,
        182,
        245,
        503,
        283,
        385,
        455,
        255,
        340,
        192,
        552,
        364,
        547,
        124,
        325,
        359,
        368,
        63,
        529,
        326,
        481,
        379,
        418,
        261,
        296,
        169,
        15,
        544,
        521,
        311,
        327,
        0,
        248,
        78,
        363,
        599,
        260,
        364,
        312,
        341,
        375,
        388,
        367,
        241,
        386,
        455,
        297],
    [   99,
        490,
        215,
        181,
        218,
        292,
        276,
        375,
        188,
        429,
        313,
        50,
        222,
        296,
        222,
        297,
        408,
        527,
        194,
        243,
        330,
        158,
        189,
        39,
        167,
        331,
        310,
        276,
        140,
        228,
        326,
        149,
        264,
        405,
        120,
        427,
        325,
        397,
        150,
        419,
        193,
        416,
        201,
        374,
        386,
        252,
        302,
        131,
        211,
        246,
        360,
        402,
        302,
        117,
        248,
        0,
        217,
        227,
        462,
        349,
        445,
        329,
        175,
        346,
        148,
        276,
        141,
        332,
        400,
        294],
    [   251,
        415,
        231,
        368,
        215,
        78,
        394,
        311,
        146,
        299,
        189,
        267,
        175,
        402,
        178,
        117,
        516,
        431,
        312,
        341,
        262,
        289,
        245,
        229,
        108,
        178,
        437,
        205,
        357,
        399,
        185,
        279,
        118,
        476,
        321,
        470,
        108,
        259,
        301,
        299,
        42,
        451,
        253,
        404,
        304,
        348,
        186,
        233,
        91,
        64,
        474,
        444,
        233,
        272,
        78,
        217,
        0,
        290,
        523,
        195,
        302,
        236,
        275,
        297,
        365,
        290,
        173,
        308,
        377,
        220],
    [   134,
        297,
        66,
        185,
        86,
        323,
        113,
        197,
        146,
        298,
        222,
        245,
        133,
        115,
        130,
        277,
        226,
        347,
        69,
        58,
        172,
        91,
        46,
        191,
        182,
        262,
        156,
        156,
        281,
        175,
        245,
        93,
        230,
        192,
        200,
        202,
        362,
        283,
        116,
        281,
        301,
        189,
        37,
        147,
        219,
        63,
        209,
        95,
        210,
        352,
        185,
        176,
        161,
        127,
        363,
        227,
        290,
        0,
        244,
        272,
        324,
        196,
        56,
        163,
        304,
        67,
        123,
        133,
        187,
        164],
    [   363,
        296,
        293,
        346,
        307,
        537,
        199,
        282,
        376,
        398,
        393,
        468,
        349,
        175,
        346,
        476,
        117,
        352,
        269,
        219,
        304,
        305,
        291,
        424,
        417,
        434,
        188,
        337,
        472,
        299,
        415,
        314,
        435,
        58,
        395,
        60,
        573,
        410,
        320,
        379,
        540,
        81,
        280,
        124,
        310,
        210,
        385,
        336,
        434,
        587,
        144,
        82,
        320,
        347,
        599,
        462,
        523,
        244,
        0,
        435,
        428,
        342,
        288,
        267,
        496,
        233,
        367,
        236,
        200,
        331],
    [   324,
        238,
        208,
        430,
        189,
        147,
        384,
        162,
        168,
        105,
        49,
        396,
        150,
        380,
        152,
        80,
        473,
        242,
        330,
        330,
        130,
        328,
        247,
        339,
        181,
        18,
        425,
        115,
        474,
        438,
        27,
        322,
        88,
        406,
        410,
        375,
        167,
        64,
        351,
        108,
        237,
        354,
        247,
        312,
        141,
        333,
        62,
        281,
        140,
        245,
        443,
        354,
        119,
        336,
        260,
        349,
        195,
        272,
        435,
        0,
        106,
        93,
        295,
        168,
        490,
        227,
        224,
        199,
        245,
        112],
    [   406,
        169,
        272,
        501,
        256,
        248,
        426,
        150,
        257,
        29,
        132,
        489,
        229,
        417,
        230,
        185,
        491,
        152,
        390,
        378,
        153,
        397,
        313,
        430,
        280,
        124,
        463,
        179,
        562,
        499,
        122,
        393,
        192,
        412,
        492,
        368,
        259,
        48,
        422,
        49,
        343,
        348,
        309,
        315,
        121,
        379,
        142,
        359,
        243,
        349,
        470,
        352,
        164,
        414,
        364,
        445,
        302,
        324,
        428,
        106,
        0,
        129,
        361,
        175,
        579,
        264,
        311,
        212,
        228,
        165],
    [   279,
        179,
        142,
        371,
        127,
        215,
        303,
        77,
        141,
        106,
        55,
        370,
        107,
        296,
        107,
        146,
        382,
        203,
        261,
        251,
        37,
        268,
        184,
        309,
        175,
        93,
        342,
        53,
        437,
        370,
        74,
        264,
        120,
        313,
        364,
        281,
        244,
        87,
        293,
        92,
        271,
        261,
        180,
        219,
        67,
        253,
        52,
        231,
        153,
        297,
        355,
        260,
        34,
        286,
        312,
        329,
        236,
        196,
        342,
        93,
        129,
        0,
        231,
        75,
        455,
        141,
        189,
        105,
        156,
        36],
    [   79,
        350,
        89,
        140,
        106,
        319,
        120,
        245,
        144,
        337,
        246,
        189,
        146,
        132,
        143,
        285,
        249,
        398,
        38,
        73,
        214,
        37,
        48,
        138,
        168,
        282,
        162,
        184,
        225,
        143,
        268,
        37,
        238,
        232,
        145,
        252,
        359,
        317,
        63,
        321,
        278,
        241,
        51,
        201,
        265,
        81,
        233,
        49,
        206,
        332,
        203,
        227,
        197,
        71,
        341,
        175,
        275,
        56,
        288,
        295,
        361,
        231,
        0,
        212,
        248,
        120,
        101,
        186,
        243,
        196],
    [   276,
        143,
        133,
        349,
        127,
        287,
        254,
        33,
        174,
        145,
        130,
        379,
        135,
        243,
        134,
        220,
        317,
        186,
        233,
        210,
        38,
        250,
        170,
        319,
        215,
        169,
        289,
        92,
        434,
        337,
        150,
        249,
        187,
        242,
        356,
        207,
        318,
        146,
        275,
        126,
        327,
        186,
        162,
        146,
        57,
        209,
        124,
        228,
        207,
        360,
        295,
        186,
        64,
        278,
        375,
        346,
        297,
        163,
        267,
        168,
        175,
        75,
        212,
        0,
        455,
        97,
        205,
        37,
        82,
        77],
    [   178,
        597,
        322,
        151,
        332,
        440,
        297,
        487,
        323,
        560,
        449,
        98,
        350,
        321,
        349,
        444,
        410,
        641,
        243,
        291,
        448,
        213,
        285,
        150,
        311,
        473,
        313,
        402,
        24,
        203,
        465,
        210,
        408,
        438,
        105,
        478,
        474,
        531,
        190,
        548,
        338,
        472,
        294,
        440,
        503,
        298,
        437,
        227,
        356,
        388,
        365,
        456,
        425,
        178,
        388,
        148,
        365,
        304,
        496,
        490,
        579,
        455,
        248,
        455,
        0,
        368,
        268,
        432,
        491,
        419],
    [   192,
        230,
        66,
        253,
        76,
        306,
        162,
        130,
        145,
        236,
        178,
        301,
        115,
        155,
        112,
        250,
        247,
        279,
        137,
        114,
        111,
        157,
        86,
        243,
        187,
        220,
        200,
        113,
        346,
        240,
        202,
        158,
        206,
        190,
        265,
        179,
        343,
        227,
        182,
        218,
        310,
        162,
        76,
        114,
        154,
        114,
        167,
        147,
        201,
        354,
        216,
        153,
        108,
        189,
        367,
        276,
        290,
        67,
        233,
        227,
        264,
        141,
        120,
        97,
        368,
        0,
        148,
        66,
        125,
        115],
    [   100,
        349,
        82,
        213,
        79,
        221,
        220,
        234,
        57,
        292,
        181,
        180,
        82,
        230,
        82,
        195,
        346,
        386,
        139,
        169,
        189,
        120,
        76,
        120,
        67,
        209,
        263,
        136,
        251,
        233,
        199,
        111,
        151,
        315,
        186,
        320,
        260,
        263,
        137,
        281,
        179,
        305,
        87,
        259,
        244,
        176,
        169,
        64,
        109,
        231,
        302,
        294,
        161,
        115,
        241,
        141,
        173,
        123,
        367,
        224,
        311,
        189,
        101,
        205,
        268,
        148,
        0,
        195,
        266,
        154],
    [   255,
        164,
        116,
        319,
        116,
        307,
        218,
        67,
        174,
        183,
        156,
        362,
        137,
        206,
        134,
        242,
        280,
        213,
        203,
        176,
        68,
        223,
        148,
        302,
        217,
        198,
        252,
        106,
        411,
        304,
        178,
        223,
        205,
        208,
        331,
        176,
        340,
        182,
        248,
        164,
        335,
        156,
        138,
        113,
        94,
        174,
        148,
        208,
        217,
        372,
        258,
        154,
        84,
        254,
        386,
        332,
        308,
        133,
        236,
        199,
        212,
        105,
        186,
        37,
        432,
        66,
        195,
        0,
        71,
        96],
    [   318,
        120,
        185,
        367,
        187,
        369,
        245,
        84,
        246,
        198,
        211,
        427,
        208,
        227,
        206,
        301,
        272,
        177,
        253,
        215,
        120,
        278,
        212,
        369,
        289,
        249,
        270,
        172,
        469,
        343,
        230,
        281,
        269,
        189,
        387,
        140,
        400,
        211,
        303,
        179,
        405,
        120,
        201,
        94,
        110,
        211,
        206,
        272,
        286,
        441,
        262,
        126,
        146,
        314,
        455,
        400,
        377,
        187,
        200,
        245,
        228,
        156,
        243,
        82,
        491,
        125,
        266,
        71,
        0,
        159],
    [   243,
        204,
        107,
        336,
        90,
        211,
        273,
        93,
        109,
        142,
        64,
        334,
        72,
        268,
        72,
        146,
        361,
        234,
        227,
        221,
        42,
        232,
        148,
        274,
        146,
        106,
        313,
        18,
        400,
        336,
        87,
        228,
        110,
        297,
        328,
        272,
        244,
        121,
        257,
        128,
        251,
        252,
        145,
        206,
        94,
        223,
        54,
        195,
        131,
        283,
        331,
        249,
        13,
        250,
        297,
        294,
        220,
        164,
        331,
        112,
        165,
        36,
        196,
        77,
        419,
        115,
        154,
        96,
        159,
        0]]
;
task=[   125,
    32,
    0,
    118,
    673,
    40,
    92,
    5,
    292,
    210,
    8,
    151,
    49,
    245,
    74,
    87,
    110,
    18,
    410,
    12,
    82,
    465,
    279,
    331,
    259,
    121,
    80,
    110,
    44,
    152,
    150,
    137,
    57,
    71,
    172,
    147,
    9,
    110,
    71,
    93,
    31,
    225,
    466,
    357,
    320,
    419,
    188,
    511,
    46,
    50,
    210,
    131,
    47,
    280,
    13,
    121,
    25,
    507,
    30,
    38,
    51,
    420,
    298,
    378,
    1,
    76,
    15,
    302,
    47,
    85]
;
minW=[   131,
    46,
    0,
    27,
    5,
    162,
    50,
    32,
    30,
    2,
    95,
    20,
    17,
    27,
    26,
    93,
    105,
    233,
    2,
    58,
    82,
    50,
    1,
    63,
    29,
    164,
    154,
    68,
    69,
    60,
    136,
    70,
    42,
    239,
    156,
    59,
    224,
    34,
    72,
    1,
    134,
    184,
    36,
    93,
    88,
    31,
    21,
    68,
    57,
    261,
    112,
    134,
    7,
    98,
    181,
    49,
    216,
    11,
    271,
    87,
    54,
    107,
    34,
    87,
    219,
    45,
    67,
    107,
    81,
    93]
;
maxW=[   565,
    355,
    720,
    558,
    236,
    483,
    481,
    166,
    578,
    453,
    357,
    666,
    311,
    496,
    114,
    546,
    644,
    661,
    479,
    336,
    372,
    461,
    383,
    569,
    448,
    615,
    287,
    404,
    603,
    242,
    202,
    257,
    316,
    618,
    629,
    673,
    435,
    511,
    416,
    344,
    687,
    240,
    123,
    452,
    669,
    185,
    389,
    366,
    562,
    573,
    258,
    615,
    570,
    620,
    464,
    406,
    326,
    303,
    318,
    386,
    438,
    358,
    289,
    149,
    632,
    76,
    537,
    598,
    282,
    585]
;