// Generated by InstanceGenerator.py v0.1
// Juan Francisco Martinez Vera
// AMMM - MIRI, FIB UPC
//
// RAND_SEED=1484819005

bigM=100000;

nLocations=70;
startLocation=48;
distances=[   [   0,
        266,
        394,
        173,
        279,
        210,
        221,
        186,
        291,
        367,
        74,
        269,
        263,
        359,
        98,
        196,
        164,
        117,
        230,
        325,
        100,
        341,
        355,
        170,
        355,
        79,
        100,
        79,
        418,
        309,
        47,
        56,
        137,
        114,
        151,
        164,
        218,
        313,
        129,
        328,
        331,
        343,
        262,
        157,
        213,
        497,
        350,
        146,
        233,
        306,
        166,
        257,
        137,
        329,
        248,
        231,
        106,
        187,
        243,
        274,
        57,
        118,
        151,
        13,
        250,
        272,
        235,
        177,
        267,
        345],
    [   266,
        0,
        399,
        234,
        82,
        121,
        354,
        313,
        105,
        123,
        194,
        54,
        8,
        376,
        298,
        246,
        334,
        160,
        205,
        77,
        364,
        112,
        89,
        434,
        106,
        341,
        284,
        277,
        184,
        43,
        239,
        214,
        263,
        152,
        187,
        430,
        256,
        48,
        246,
        64,
        140,
        298,
        158,
        309,
        285,
        241,
        271,
        139,
        375,
        201,
        106,
        68,
        399,
        391,
        111,
        40,
        193,
        79,
        99,
        57,
        269,
        358,
        333,
        252,
        81,
        354,
        146,
        333,
        78,
        247],
    [   394,
        399,
        0,
        526,
        478,
        287,
        203,
        218,
        501,
        372,
        360,
        348,
        406,
        35,
        492,
        549,
        260,
        414,
        546,
        373,
        455,
        345,
        432,
        446,
        494,
        397,
        491,
        470,
        368,
        411,
        350,
        361,
        257,
        365,
        478,
        475,
        569,
        408,
        265,
        406,
        539,
        665,
        532,
        250,
        580,
        459,
        145,
        321,
        210,
        205,
        344,
        332,
        488,
        89,
        488,
        408,
        310,
        390,
        301,
        455,
        340,
        503,
        276,
        389,
        464,
        136,
        255,
        243,
        323,
        173],
    [   173,
        234,
        526,
        0,
        192,
        264,
        384,
        344,
        191,
        358,
        168,
        271,
        227,
        493,
        115,
        23,
        332,
        112,
        70,
        311,
        223,
        343,
        311,
        314,
        275,
        241,
        99,
        111,
        418,
        272,
        195,
        173,
        286,
        161,
        52,
        290,
        46,
        279,
        271,
        296,
        217,
        170,
        128,
        319,
        56,
        470,
        441,
        209,
        399,
        378,
        197,
        270,
        243,
        477,
        146,
        194,
        216,
        172,
        278,
        204,
        223,
        181,
        321,
        167,
        169,
        423,
        300,
        343,
        284,
        426],
    [   279,
        82,
        478,
        192,
        0,
        193,
        411,
        368,
        22,
        189,
        219,
        137,
        74,
        453,
        283,
        198,
        382,
        161,
        143,
        148,
        369,
        187,
        126,
        449,
        83,
        358,
        267,
        266,
        248,
        98,
        265,
        237,
        313,
        178,
        158,
        438,
        201,
        105,
        295,
        120,
        63,
        220,
        85,
        359,
        234,
        282,
        353,
        188,
        432,
        283,
        153,
        149,
        400,
        463,
        46,
        71,
        235,
        107,
        178,
        25,
        298,
        349,
        378,
        266,
        29,
        421,
        223,
        384,
        161,
        330],
    [   210,
        121,
        287,
        264,
        193,
        0,
        236,
        197,
        215,
        169,
        138,
        84,
        126,
        261,
        279,
        284,
        225,
        154,
        267,
        137,
        309,
        139,
        187,
        359,
        226,
        269,
        270,
        255,
        213,
        149,
        168,
        154,
        154,
        112,
        212,
        365,
        301,
        149,
        139,
        156,
        256,
        381,
        245,
        199,
        321,
        300,
        178,
        65,
        257,
        114,
        66,
        66,
        346,
        270,
        200,
        121,
        107,
        104,
        37,
        171,
        188,
        324,
        228,
        197,
        177,
        233,
        36,
        221,
        69,
        161],
    [   221,
        354,
        203,
        384,
        411,
        236,
        0,
        43,
        431,
        392,
        219,
        320,
        357,
        169,
        318,
        408,
        61,
        288,
        426,
        369,
        260,
        360,
        423,
        242,
        460,
        201,
        322,
        301,
        419,
        385,
        188,
        210,
        101,
        246,
        346,
        272,
        430,
        385,
        119,
        392,
        474,
        546,
        434,
        64,
        431,
        515,
        239,
        223,
        21,
        243,
        257,
        302,
        289,
        120,
        401,
        341,
        181,
        305,
        269,
        394,
        165,
        314,
        77,
        222,
        387,
        67,
        226,
        45,
        302,
        253],
    [   186,
        313,
        218,
        344,
        368,
        197,
        43,
        0,
        388,
        358,
        178,
        281,
        315,
        182,
        284,
        367,
        47,
        246,
        384,
        332,
        237,
        326,
        384,
        234,
        419,
        179,
        287,
        266,
        389,
        345,
        149,
        170,
        59,
        203,
        305,
        260,
        390,
        346,
        76,
        353,
        432,
        504,
        391,
        32,
        392,
        483,
        225,
        180,
        63,
        218,
        215,
        263,
        269,
        144,
        358,
        299,
        138,
        262,
        232,
        352,
        129,
        287,
        61,
        185,
        345,
        87,
        190,
        32,
        264,
        235],
    [   291,
        105,
        501,
        191,
        22,
        215,
        431,
        388,
        0,
        206,
        234,
        160,
        97,
        476,
        288,
        193,
        400,
        173,
        135,
        167,
        379,
        206,
        139,
        461,
        85,
        371,
        271,
        272,
        264,
        116,
        280,
        252,
        332,
        194,
        162,
        448,
        194,
        123,
        315,
        138,
        43,
        201,
        72,
        378,
        228,
        293,
        376,
        208,
        452,
        306,
        174,
        172,
        408,
        485,
        46,
        94,
        254,
        126,
        201,
        47,
        314,
        355,
        396,
        279,
        44,
        443,
        246,
        404,
        184,
        352],
    [   367,
        123,
        372,
        358,
        189,
        169,
        392,
        358,
        206,
        0,
        292,
        98,
        131,
        358,
        415,
        370,
        391,
        276,
        326,
        46,
        467,
        31,
        76,
        526,
        150,
        434,
        401,
        392,
        60,
        91,
        330,
        311,
        322,
        254,
        310,
        529,
        379,
        84,
        308,
        68,
        225,
        408,
        273,
        365,
        408,
        131,
        227,
        222,
        414,
        170,
        200,
        109,
        504,
        391,
        228,
        163,
        274,
        194,
        131,
        166,
        355,
        471,
        395,
        353,
        199,
        371,
        167,
        386,
        101,
        199],
    [   74,
        194,
        360,
        168,
        219,
        138,
        219,
        178,
        234,
        292,
        0,
        195,
        192,
        326,
        145,
        192,
        175,
        69,
        206,
        250,
        174,
        266,
        282,
        239,
        289,
        146,
        138,
        121,
        344,
        237,
        46,
        19,
        119,
        42,
        127,
        237,
        214,
        241,
        103,
        255,
        276,
        326,
        220,
        157,
        221,
        423,
        293,
        73,
        237,
        242,
        92,
        183,
        211,
        309,
        195,
        163,
        49,
        118,
        170,
        210,
        79,
        185,
        167,
        61,
        190,
        255,
        167,
        182,
        193,
        284],
    [   269,
        54,
        348,
        271,
        137,
        84,
        320,
        281,
        160,
        98,
        195,
        0,
        62,
        326,
        318,
        286,
        309,
        180,
        251,
        56,
        369,
        75,
        102,
        430,
        148,
        338,
        306,
        295,
        153,
        66,
        234,
        214,
        238,
        156,
        220,
        432,
        298,
        65,
        222,
        71,
        194,
        351,
        210,
        283,
        325,
        228,
        217,
        126,
        342,
        147,
        102,
        18,
        406,
        345,
        163,
        82,
        180,
        100,
        52,
        112,
        260,
        373,
        311,
        255,
        133,
        313,
        100,
        306,
        24,
        192],
    [   263,
        8,
        406,
        227,
        74,
        126,
        357,
        315,
        97,
        131,
        192,
        62,
        0,
        382,
        293,
        239,
        336,
        156,
        197,
        85,
        361,
        120,
        92,
        432,
        103,
        339,
        279,
        272,
        191,
        47,
        237,
        212,
        265,
        150,
        180,
        427,
        248,
        53,
        247,
        70,
        133,
        290,
        150,
        311,
        277,
        246,
        279,
        140,
        378,
        209,
        107,
        75,
        396,
        396,
        102,
        34,
        194,
        76,
        105,
        49,
        268,
        354,
        335,
        249,
        72,
        359,
        152,
        336,
        86,
        255],
    [   359,
        376,
        35,
        493,
        453,
        261,
        169,
        182,
        476,
        358,
        326,
        326,
        382,
        0,
        457,
        516,
        225,
        382,
        516,
        355,
        420,
        330,
        415,
        411,
        474,
        361,
        456,
        436,
        360,
        391,
        315,
        327,
        222,
        333,
        446,
        440,
        537,
        388,
        230,
        387,
        515,
        635,
        503,
        215,
        547,
        454,
        137,
        290,
        177,
        189,
        315,
        309,
        452,
        61,
        461,
        382,
        277,
        361,
        277,
        430,
        304,
        468,
        241,
        355,
        438,
        102,
        230,
        208,
        302,
        163],
    [   98,
        298,
        492,
        115,
        283,
        279,
        318,
        284,
        288,
        415,
        145,
        318,
        293,
        457,
        0,
        132,
        259,
        139,
        186,
        369,
        109,
        393,
        385,
        201,
        366,
        139,
        17,
        24,
        472,
        341,
        142,
        136,
        235,
        167,
        126,
        175,
        152,
        347,
        226,
        363,
        321,
        278,
        237,
        255,
        134,
        539,
        437,
        214,
        329,
        387,
        221,
        311,
        127,
        428,
        242,
        259,
        191,
        221,
        306,
        288,
        155,
        67,
        245,
        102,
        255,
        371,
        310,
        273,
        324,
        429],
    [   196,
        246,
        549,
        23,
        198,
        284,
        408,
        367,
        193,
        370,
        192,
        286,
        239,
        516,
        132,
        0,
        355,
        134,
        62,
        324,
        241,
        357,
        320,
        332,
        279,
        262,
        116,
        130,
        430,
        282,
        219,
        197,
        310,
        183,
        72,
        307,
        22,
        289,
        295,
        306,
        215,
        149,
        126,
        343,
        38,
        478,
        461,
        231,
        423,
        398,
        217,
        287,
        258,
        501,
        151,
        207,
        240,
        189,
        296,
        212,
        246,
        195,
        344,
        190,
        176,
        447,
        320,
        366,
        301,
        446],
    [   164,
        334,
        260,
        332,
        382,
        225,
        61,
        47,
        400,
        391,
        175,
        309,
        336,
        225,
        259,
        355,
        0,
        244,
        379,
        362,
        198,
        360,
        411,
        188,
        439,
        140,
        264,
        243,
        427,
        370,
        137,
        162,
        71,
        208,
        299,
        215,
        378,
        371,
        88,
        380,
        444,
        498,
        394,
        26,
        377,
        519,
        272,
        196,
        69,
        261,
        230,
        291,
        228,
        180,
        366,
        315,
        146,
        275,
        262,
        368,
        109,
        253,
        15,
        166,
        356,
        125,
        225,
        17,
        294,
        281],
    [   117,
        160,
        414,
        112,
        161,
        154,
        288,
        246,
        173,
        276,
        69,
        180,
        156,
        382,
        139,
        134,
        244,
        0,
        138,
        230,
        209,
        255,
        248,
        287,
        239,
        197,
        125,
        117,
        333,
        203,
        112,
        84,
        186,
        49,
        63,
        277,
        154,
        209,
        170,
        225,
        214,
        258,
        151,
        227,
        168,
        400,
        329,
        97,
        306,
        268,
        89,
        174,
        242,
        371,
        131,
        121,
        109,
        82,
        174,
        158,
        145,
        198,
        236,
        105,
        132,
        319,
        190,
        252,
        187,
        315],
    [   230,
        205,
        546,
        70,
        143,
        267,
        426,
        384,
        135,
        326,
        206,
        251,
        197,
        516,
        186,
        62,
        379,
        138,
        0,
        282,
        292,
        317,
        269,
        382,
        221,
        304,
        169,
        178,
        386,
        235,
        243,
        217,
        324,
        184,
        80,
        360,
        58,
        243,
        308,
        259,
        153,
        120,
        64,
        363,
        93,
        426,
        445,
        225,
        443,
        379,
        203,
        256,
        313,
        508,
        98,
        169,
        247,
        164,
        272,
        161,
        274,
        252,
        370,
        222,
        127,
        457,
        303,
        388,
        270,
        427],
    [   325,
        77,
        373,
        311,
        148,
        137,
        369,
        332,
        167,
        46,
        250,
        56,
        85,
        355,
        369,
        324,
        362,
        230,
        282,
        0,
        425,
        39,
        59,
        487,
        125,
        394,
        356,
        347,
        106,
        51,
        290,
        270,
        292,
        211,
        264,
        488,
        333,
        44,
        276,
        34,
        192,
        368,
        231,
        336,
        362,
        172,
        232,
        183,
        391,
        167,
        158,
        72,
        461,
        382,
        185,
        117,
        236,
        148,
        100,
        124,
        317,
        426,
        365,
        311,
        155,
        355,
        143,
        358,
        68,
        206],
    [   100,
        364,
        455,
        223,
        369,
        309,
        260,
        237,
        379,
        467,
        174,
        369,
        361,
        420,
        109,
        241,
        198,
        209,
        292,
        425,
        0,
        441,
        453,
        91,
        448,
        58,
        125,
        113,
        519,
        407,
        141,
        156,
        206,
        214,
        222,
        69,
        261,
        412,
        205,
        427,
        416,
        388,
        337,
        205,
        243,
        598,
        434,
        246,
        264,
        398,
        267,
        358,
        37,
        379,
        333,
        328,
        202,
        285,
        343,
        368,
        128,
        63,
        182,
        113,
        340,
        322,
        331,
        215,
        368,
        433],
    [   341,
        112,
        345,
        343,
        187,
        139,
        360,
        326,
        206,
        31,
        266,
        75,
        120,
        330,
        393,
        357,
        360,
        255,
        317,
        39,
        441,
        0,
        91,
        497,
        162,
        406,
        381,
        370,
        78,
        90,
        303,
        285,
        291,
        230,
        294,
        501,
        368,
        83,
        278,
        72,
        231,
        407,
        269,
        334,
        396,
        161,
        202,
        195,
        382,
        141,
        175,
        83,
        478,
        362,
        222,
        150,
        245,
        175,
        101,
        163,
        326,
        447,
        364,
        327,
        192,
        340,
        135,
        354,
        73,
        174],
    [   355,
        89,
        432,
        311,
        126,
        187,
        423,
        384,
        139,
        76,
        282,
        102,
        92,
        415,
        385,
        320,
        411,
        248,
        269,
        59,
        453,
        91,
        0,
        522,
        74,
        429,
        370,
        365,
        127,
        45,
        326,
        302,
        340,
        240,
        268,
        519,
        325,
        41,
        323,
        31,
        151,
        339,
        210,
        385,
        357,
        158,
        291,
        222,
        445,
        227,
        192,
        121,
        488,
        441,
        170,
        126,
        277,
        168,
        153,
        107,
        355,
        447,
        412,
        341,
        143,
        412,
        199,
        408,
        121,
        264],
    [   170,
        434,
        446,
        314,
        449,
        359,
        242,
        234,
        461,
        526,
        239,
        430,
        432,
        411,
        201,
        332,
        188,
        287,
        382,
        487,
        91,
        497,
        522,
        0,
        525,
        93,
        216,
        203,
        572,
        476,
        196,
        219,
        225,
        282,
        310,
        39,
        353,
        480,
        232,
        494,
        500,
        479,
        424,
        205,
        334,
        657,
        454,
        304,
        238,
        431,
        330,
        416,
        85,
        361,
        416,
        401,
        252,
        357,
        396,
        445,
        170,
        147,
        173,
        183,
        420,
        309,
        374,
        204,
        424,
        459],
    [   355,
        106,
        494,
        275,
        83,
        226,
        460,
        419,
        85,
        150,
        289,
        148,
        103,
        474,
        366,
        279,
        439,
        239,
        221,
        125,
        448,
        162,
        74,
        525,
        0,
        433,
        350,
        348,
        200,
        83,
        335,
        308,
        368,
        246,
        241,
        517,
        280,
        85,
        351,
        91,
        82,
        274,
        157,
        415,
        313,
        212,
        357,
        243,
        481,
        290,
        209,
        166,
        480,
        493,
        128,
        126,
        296,
        170,
        199,
        80,
        367,
        431,
        438,
        341,
        110,
        459,
        248,
        439,
        172,
        330],
    [   79,
        341,
        397,
        241,
        358,
        269,
        201,
        179,
        371,
        434,
        146,
        338,
        339,
        361,
        139,
        262,
        140,
        197,
        304,
        394,
        58,
        406,
        429,
        93,
        433,
        0,
        150,
        132,
        482,
        383,
        103,
        126,
        151,
        188,
        227,
        96,
        284,
        387,
        152,
        401,
        411,
        411,
        340,
        146,
        272,
        566,
        381,
        211,
        206,
        349,
        237,
        324,
        91,
        320,
        327,
        308,
        161,
        264,
        305,
        353,
        81,
        115,
        124,
        92,
        329,
        264,
        287,
        157,
        333,
        382],
    [   100,
        284,
        491,
        99,
        267,
        270,
        322,
        287,
        271,
        401,
        138,
        306,
        279,
        456,
        17,
        116,
        264,
        125,
        169,
        356,
        125,
        381,
        370,
        216,
        350,
        150,
        0,
        21,
        459,
        326,
        141,
        132,
        235,
        157,
        109,
        191,
        136,
        332,
        225,
        349,
        304,
        264,
        220,
        258,
        121,
        525,
        432,
        206,
        334,
        379,
        210,
        299,
        144,
        429,
        225,
        244,
        186,
        207,
        295,
        271,
        158,
        84,
        251,
        102,
        239,
        373,
        302,
        278,
        312,
        423],
    [   79,
        277,
        470,
        111,
        266,
        255,
        301,
        266,
        272,
        392,
        121,
        295,
        272,
        436,
        24,
        130,
        243,
        117,
        178,
        347,
        113,
        370,
        365,
        203,
        348,
        132,
        21,
        0,
        449,
        320,
        120,
        112,
        214,
        143,
        112,
        182,
        152,
        326,
        205,
        342,
        307,
        279,
        225,
        237,
        139,
        517,
        414,
        190,
        313,
        362,
        197,
        288,
        137,
        408,
        226,
        238,
        168,
        199,
        282,
        269,
        136,
        83,
        230,
        81,
        237,
        351,
        286,
        257,
        300,
        405],
    [   418,
        184,
        368,
        418,
        248,
        213,
        419,
        389,
        264,
        60,
        344,
        153,
        191,
        360,
        472,
        430,
        427,
        333,
        386,
        106,
        519,
        78,
        127,
        572,
        200,
        482,
        459,
        449,
        0,
        151,
        379,
        362,
        360,
        308,
        370,
        578,
        439,
        143,
        348,
        127,
        279,
        466,
        333,
        400,
        469,
        96,
        224,
        272,
        441,
        181,
        253,
        162,
        556,
        402,
        288,
        223,
        321,
        252,
        177,
        226,
        402,
        526,
        432,
        405,
        259,
        389,
        202,
        419,
        151,
        197],
    [   309,
        43,
        411,
        272,
        98,
        149,
        385,
        345,
        116,
        91,
        237,
        66,
        47,
        391,
        341,
        282,
        370,
        203,
        235,
        51,
        407,
        90,
        45,
        476,
        83,
        383,
        326,
        320,
        151,
        0,
        280,
        256,
        298,
        195,
        227,
        473,
        290,
        7,
        281,
        24,
        141,
        318,
        182,
        344,
        320,
        199,
        275,
        178,
        406,
        207,
        147,
        84,
        442,
        411,
        137,
        82,
        232,
        122,
        118,
        75,
        310,
        401,
        370,
        295,
        108,
        379,
        166,
        368,
        89,
        249],
    [   47,
        239,
        350,
        195,
        265,
        168,
        188,
        149,
        280,
        330,
        46,
        234,
        237,
        315,
        142,
        219,
        137,
        112,
        243,
        290,
        141,
        303,
        326,
        196,
        335,
        103,
        141,
        120,
        379,
        280,
        0,
        28,
        94,
        88,
        162,
        198,
        242,
        284,
        84,
        297,
        323,
        361,
        263,
        124,
        243,
        462,
        302,
        108,
        203,
        259,
        134,
        220,
        179,
        289,
        241,
        209,
        61,
        164,
        202,
        257,
        33,
        165,
        127,
        40,
        237,
        233,
        190,
        147,
        229,
        297],
    [   56,
        214,
        361,
        173,
        237,
        154,
        210,
        170,
        252,
        311,
        19,
        214,
        212,
        327,
        136,
        197,
        162,
        84,
        217,
        270,
        156,
        285,
        302,
        219,
        308,
        126,
        132,
        112,
        362,
        256,
        28,
        0,
        112,
        62,
        136,
        218,
        220,
        261,
        98,
        274,
        294,
        336,
        235,
        147,
        224,
        442,
        302,
        90,
        226,
        253,
        111,
        201,
        193,
        305,
        212,
        183,
        55,
        138,
        187,
        229,
        61,
        170,
        153,
        43,
        209,
        250,
        180,
        171,
        211,
        294],
    [   137,
        263,
        257,
        286,
        313,
        154,
        101,
        59,
        332,
        322,
        119,
        238,
        265,
        222,
        235,
        310,
        71,
        186,
        324,
        292,
        206,
        291,
        340,
        225,
        368,
        151,
        235,
        214,
        360,
        298,
        94,
        112,
        0,
        144,
        246,
        243,
        332,
        300,
        17,
        309,
        376,
        445,
        332,
        46,
        336,
        452,
        231,
        126,
        120,
        205,
        160,
        220,
        242,
        194,
        301,
        245,
        80,
        206,
        192,
        298,
        82,
        247,
        73,
        133,
        288,
        138,
        158,
        71,
        224,
        233],
    [   114,
        152,
        365,
        161,
        178,
        112,
        246,
        203,
        194,
        254,
        42,
        156,
        150,
        333,
        167,
        183,
        208,
        49,
        184,
        211,
        214,
        230,
        240,
        282,
        246,
        188,
        157,
        143,
        308,
        195,
        88,
        62,
        144,
        0,
        112,
        278,
        204,
        199,
        127,
        213,
        237,
        305,
        188,
        187,
        217,
        384,
        282,
        50,
        265,
        224,
        54,
        146,
        250,
        323,
        158,
        120,
        64,
        75,
        138,
        168,
        121,
        217,
        202,
        100,
        150,
        272,
        146,
        213,
        158,
        269],
    [   151,
        187,
        478,
        52,
        158,
        212,
        346,
        305,
        162,
        310,
        127,
        220,
        180,
        446,
        126,
        72,
        299,
        63,
        80,
        264,
        222,
        294,
        268,
        310,
        241,
        227,
        109,
        112,
        370,
        227,
        162,
        136,
        246,
        112,
        0,
        292,
        91,
        233,
        230,
        250,
        195,
        199,
        114,
        283,
        108,
        426,
        389,
        159,
        363,
        326,
        145,
        219,
        249,
        434,
        115,
        146,
        171,
        120,
        226,
        165,
        193,
        193,
        289,
        142,
        131,
        381,
        248,
        308,
        233,
        374],
    [   164,
        430,
        475,
        290,
        438,
        365,
        272,
        260,
        448,
        529,
        237,
        432,
        427,
        440,
        175,
        307,
        215,
        277,
        360,
        488,
        69,
        501,
        519,
        39,
        517,
        96,
        191,
        182,
        578,
        473,
        198,
        218,
        243,
        278,
        292,
        0,
        326,
        478,
        247,
        492,
        485,
        452,
        406,
        229,
        305,
        660,
        474,
        306,
        270,
        445,
        330,
        419,
        50,
        392,
        402,
        395,
        257,
        351,
        401,
        436,
        177,
        115,
        199,
        178,
        409,
        339,
        384,
        232,
        428,
        476],
    [   218,
        256,
        569,
        46,
        201,
        301,
        430,
        390,
        194,
        379,
        214,
        298,
        248,
        537,
        152,
        22,
        378,
        154,
        58,
        333,
        261,
        368,
        325,
        353,
        280,
        284,
        136,
        152,
        439,
        290,
        242,
        220,
        332,
        204,
        91,
        326,
        0,
        297,
        317,
        314,
        211,
        127,
        123,
        366,
        34,
        483,
        479,
        250,
        445,
        415,
        235,
        300,
        277,
        523,
        155,
        218,
        261,
        203,
        312,
        217,
        269,
        213,
        367,
        213,
        182,
        469,
        338,
        389,
        314,
        463],
    [   313,
        48,
        408,
        279,
        105,
        149,
        385,
        346,
        123,
        84,
        241,
        65,
        53,
        388,
        347,
        289,
        371,
        209,
        243,
        44,
        412,
        83,
        41,
        480,
        85,
        387,
        332,
        326,
        143,
        7,
        284,
        261,
        300,
        199,
        233,
        478,
        297,
        0,
        283,
        17,
        147,
        325,
        189,
        346,
        327,
        193,
        271,
        181,
        407,
        204,
        150,
        84,
        448,
        410,
        144,
        88,
        235,
        128,
        118,
        82,
        313,
        407,
        372,
        300,
        115,
        379,
        165,
        369,
        88,
        245],
    [   129,
        246,
        265,
        271,
        295,
        139,
        119,
        76,
        315,
        308,
        103,
        222,
        247,
        230,
        226,
        295,
        88,
        170,
        308,
        276,
        205,
        278,
        323,
        232,
        351,
        152,
        225,
        205,
        348,
        281,
        84,
        98,
        17,
        127,
        230,
        247,
        317,
        283,
        0,
        293,
        358,
        429,
        315,
        64,
        322,
        438,
        229,
        108,
        138,
        198,
        143,
        205,
        242,
        207,
        283,
        227,
        62,
        188,
        177,
        280,
        78,
        243,
        88,
        124,
        270,
        151,
        146,
        89,
        209,
        229],
    [   328,
        64,
        406,
        296,
        120,
        156,
        392,
        353,
        138,
        68,
        255,
        71,
        70,
        387,
        363,
        306,
        380,
        225,
        259,
        34,
        427,
        72,
        31,
        494,
        91,
        401,
        349,
        342,
        127,
        24,
        297,
        274,
        309,
        213,
        250,
        492,
        314,
        17,
        293,
        0,
        158,
        340,
        205,
        354,
        344,
        176,
        267,
        192,
        414,
        201,
        163,
        90,
        463,
        412,
        161,
        105,
        247,
        143,
        122,
        98,
        326,
        423,
        381,
        314,
        132,
        382,
        169,
        377,
        91,
        240],
    [   331,
        140,
        539,
        217,
        63,
        256,
        474,
        432,
        43,
        225,
        276,
        194,
        133,
        515,
        321,
        215,
        444,
        214,
        153,
        192,
        416,
        231,
        151,
        500,
        82,
        411,
        304,
        307,
        279,
        141,
        323,
        294,
        376,
        237,
        195,
        485,
        211,
        147,
        358,
        158,
        0,
        191,
        89,
        421,
        246,
        294,
        411,
        251,
        495,
        341,
        217,
        208,
        444,
        526,
        83,
        135,
        297,
        169,
        238,
        84,
        356,
        388,
        439,
        319,
        87,
        485,
        285,
        447,
        218,
        386],
    [   343,
        298,
        665,
        170,
        220,
        381,
        546,
        504,
        201,
        408,
        326,
        351,
        290,
        635,
        278,
        149,
        498,
        258,
        120,
        368,
        388,
        407,
        339,
        479,
        274,
        411,
        264,
        279,
        466,
        318,
        361,
        336,
        445,
        305,
        199,
        452,
        127,
        325,
        429,
        340,
        191,
        0,
        140,
        483,
        147,
        485,
        557,
        344,
        562,
        489,
        320,
        359,
        402,
        629,
        188,
        271,
        368,
        276,
        380,
        244,
        390,
        337,
        488,
        336,
        217,
        578,
        417,
        507,
        372,
        537],
    [   262,
        158,
        532,
        128,
        85,
        245,
        434,
        391,
        72,
        273,
        220,
        210,
        150,
        503,
        237,
        126,
        394,
        151,
        64,
        231,
        337,
        269,
        210,
        424,
        157,
        340,
        220,
        225,
        333,
        182,
        263,
        235,
        332,
        188,
        114,
        406,
        123,
        189,
        315,
        205,
        89,
        140,
        0,
        375,
        157,
        366,
        418,
        217,
        453,
        349,
        188,
        218,
        363,
        504,
        47,
        130,
        252,
        141,
        241,
        107,
        296,
        304,
        387,
        251,
        77,
        456,
        279,
        401,
        232,
        397],
    [   157,
        309,
        250,
        319,
        359,
        199,
        64,
        32,
        378,
        365,
        157,
        283,
        311,
        215,
        255,
        343,
        26,
        227,
        363,
        336,
        205,
        334,
        385,
        205,
        415,
        146,
        258,
        237,
        400,
        344,
        124,
        147,
        46,
        187,
        283,
        229,
        366,
        346,
        64,
        354,
        421,
        483,
        375,
        0,
        366,
        493,
        250,
        172,
        79,
        236,
        207,
        265,
        237,
        175,
        345,
        291,
        124,
        252,
        235,
        344,
        100,
        255,
        34,
        157,
        334,
        118,
        198,
        25,
        268,
        258],
    [   213,
        285,
        580,
        56,
        234,
        321,
        431,
        392,
        228,
        408,
        221,
        325,
        277,
        547,
        134,
        38,
        377,
        168,
        93,
        362,
        243,
        396,
        357,
        334,
        313,
        272,
        121,
        139,
        469,
        320,
        243,
        224,
        336,
        217,
        108,
        305,
        34,
        327,
        322,
        344,
        246,
        147,
        157,
        366,
        0,
        515,
        497,
        266,
        445,
        435,
        254,
        325,
        255,
        529,
        187,
        246,
        270,
        227,
        334,
        249,
        267,
        190,
        364,
        210,
        213,
        474,
        357,
        389,
        339,
        482],
    [   497,
        241,
        459,
        470,
        282,
        300,
        515,
        483,
        293,
        131,
        423,
        228,
        246,
        454,
        539,
        478,
        519,
        400,
        426,
        172,
        598,
        161,
        158,
        657,
        212,
        566,
        525,
        517,
        96,
        199,
        462,
        442,
        452,
        384,
        426,
        660,
        483,
        193,
        438,
        176,
        294,
        485,
        366,
        493,
        515,
        0,
        317,
        354,
        536,
        277,
        330,
        241,
        634,
        497,
        328,
        281,
        405,
        318,
        263,
        266,
        487,
        598,
        524,
        484,
        302,
        486,
        294,
        513,
        233,
        290],
    [   350,
        271,
        145,
        441,
        353,
        178,
        239,
        225,
        376,
        227,
        293,
        217,
        279,
        137,
        437,
        461,
        272,
        329,
        445,
        232,
        434,
        202,
        291,
        454,
        357,
        381,
        432,
        414,
        224,
        275,
        302,
        302,
        231,
        282,
        389,
        474,
        479,
        271,
        229,
        267,
        411,
        557,
        418,
        250,
        497,
        317,
        0,
        232,
        256,
        69,
        244,
        203,
        471,
        184,
        372,
        288,
        246,
        281,
        177,
        328,
        306,
        467,
        284,
        340,
        344,
        188,
        141,
        258,
        192,
        27],
    [   146,
        139,
        321,
        209,
        188,
        65,
        223,
        180,
        208,
        222,
        73,
        126,
        140,
        290,
        214,
        231,
        196,
        97,
        225,
        183,
        246,
        195,
        222,
        304,
        243,
        211,
        206,
        190,
        272,
        178,
        108,
        90,
        126,
        50,
        159,
        306,
        250,
        181,
        108,
        192,
        251,
        344,
        217,
        172,
        266,
        354,
        232,
        0,
        244,
        174,
        34,
        112,
        284,
        286,
        180,
        119,
        54,
        81,
        96,
        172,
        134,
        259,
        194,
        134,
        164,
        239,
        96,
        197,
        121,
        219],
    [   233,
        375,
        210,
        399,
        432,
        257,
        21,
        63,
        452,
        414,
        237,
        342,
        378,
        177,
        329,
        423,
        69,
        306,
        443,
        391,
        264,
        382,
        445,
        238,
        481,
        206,
        334,
        313,
        441,
        406,
        203,
        226,
        120,
        265,
        363,
        270,
        445,
        407,
        138,
        414,
        495,
        562,
        453,
        79,
        445,
        536,
        256,
        244,
        0,
        264,
        278,
        323,
        291,
        123,
        421,
        362,
        200,
        325,
        291,
        415,
        177,
        320,
        84,
        235,
        408,
        76,
        248,
        56,
        324,
        271],
    [   306,
        201,
        205,
        378,
        283,
        114,
        243,
        218,
        306,
        170,
        242,
        147,
        209,
        189,
        387,
        398,
        261,
        268,
        379,
        167,
        398,
        141,
        227,
        431,
        290,
        349,
        379,
        362,
        181,
        207,
        259,
        253,
        205,
        224,
        326,
        445,
        415,
        204,
        198,
        201,
        341,
        489,
        349,
        236,
        435,
        277,
        69,
        174,
        264,
        0,
        181,
        134,
        436,
        222,
        302,
        219,
        199,
        214,
        108,
        259,
        270,
        424,
        270,
        295,
        275,
        208,
        78,
        250,
        123,
        48],
    [   166,
        106,
        344,
        197,
        153,
        66,
        257,
        215,
        174,
        200,
        92,
        102,
        107,
        315,
        221,
        217,
        230,
        89,
        203,
        158,
        267,
        175,
        192,
        330,
        209,
        237,
        210,
        197,
        253,
        147,
        134,
        111,
        160,
        54,
        145,
        330,
        235,
        150,
        143,
        163,
        217,
        320,
        188,
        207,
        254,
        330,
        244,
        34,
        278,
        181,
        0,
        91,
        304,
        315,
        148,
        84,
        87,
        48,
        85,
        137,
        162,
        272,
        228,
        153,
        131,
        270,
        102,
        232,
        103,
        228],
    [   257,
        68,
        332,
        270,
        149,
        66,
        302,
        263,
        172,
        109,
        183,
        18,
        75,
        309,
        311,
        287,
        291,
        174,
        256,
        72,
        358,
        83,
        121,
        416,
        166,
        324,
        299,
        288,
        162,
        84,
        220,
        201,
        220,
        146,
        219,
        419,
        300,
        84,
        205,
        90,
        208,
        359,
        218,
        265,
        325,
        241,
        203,
        112,
        323,
        134,
        91,
        0,
        395,
        327,
        171,
        88,
        164,
        98,
        33,
        125,
        246,
        364,
        293,
        244,
        142,
        294,
        81,
        288,
        14,
        180],
    [   137,
        399,
        488,
        243,
        400,
        346,
        289,
        269,
        408,
        504,
        211,
        406,
        396,
        452,
        127,
        258,
        228,
        242,
        313,
        461,
        37,
        478,
        488,
        85,
        480,
        91,
        144,
        137,
        556,
        442,
        179,
        193,
        242,
        250,
        249,
        50,
        277,
        448,
        242,
        463,
        444,
        402,
        363,
        237,
        255,
        634,
        471,
        284,
        291,
        436,
        304,
        395,
        0,
        409,
        362,
        363,
        240,
        320,
        380,
        400,
        166,
        65,
        212,
        150,
        371,
        353,
        369,
        245,
        405,
        471],
    [   329,
        391,
        89,
        477,
        463,
        270,
        120,
        144,
        485,
        391,
        309,
        345,
        396,
        61,
        428,
        501,
        180,
        371,
        508,
        382,
        379,
        362,
        441,
        361,
        493,
        320,
        429,
        408,
        402,
        411,
        289,
        305,
        194,
        323,
        434,
        392,
        523,
        410,
        207,
        412,
        526,
        629,
        504,
        175,
        529,
        497,
        184,
        286,
        123,
        222,
        315,
        327,
        409,
        0,
        464,
        391,
        262,
        364,
        294,
        441,
        273,
        431,
        196,
        327,
        444,
        57,
        245,
        163,
        322,
        208],
    [   248,
        111,
        488,
        146,
        46,
        200,
        401,
        358,
        46,
        228,
        195,
        163,
        102,
        461,
        242,
        151,
        366,
        131,
        98,
        185,
        333,
        222,
        170,
        416,
        128,
        327,
        225,
        226,
        288,
        137,
        241,
        212,
        301,
        158,
        115,
        402,
        155,
        144,
        283,
        161,
        83,
        188,
        47,
        345,
        187,
        328,
        372,
        180,
        421,
        302,
        148,
        171,
        362,
        464,
        0,
        83,
        221,
        100,
        194,
        63,
        274,
        308,
        360,
        236,
        30,
        419,
        234,
        371,
        184,
        350],
    [   231,
        40,
        408,
        194,
        71,
        121,
        341,
        299,
        94,
        163,
        163,
        82,
        34,
        382,
        259,
        207,
        315,
        121,
        169,
        117,
        328,
        150,
        126,
        401,
        126,
        308,
        244,
        238,
        223,
        82,
        209,
        183,
        245,
        120,
        146,
        395,
        218,
        88,
        227,
        105,
        135,
        271,
        130,
        291,
        246,
        281,
        288,
        119,
        362,
        219,
        84,
        88,
        363,
        391,
        83,
        0,
        170,
        44,
        111,
        53,
        240,
        320,
        313,
        218,
        56,
        349,
        153,
        317,
        101,
        267],
    [   106,
        193,
        310,
        216,
        235,
        107,
        181,
        138,
        254,
        274,
        49,
        180,
        194,
        277,
        191,
        240,
        146,
        109,
        247,
        236,
        202,
        245,
        277,
        252,
        296,
        161,
        186,
        168,
        321,
        232,
        61,
        55,
        80,
        64,
        171,
        257,
        261,
        235,
        62,
        247,
        297,
        368,
        252,
        124,
        270,
        405,
        246,
        54,
        200,
        199,
        87,
        164,
        240,
        262,
        221,
        170,
        0,
        128,
        143,
        222,
        81,
        224,
        142,
        96,
        210,
        209,
        128,
        150,
        172,
        239],
    [   187,
        79,
        390,
        172,
        107,
        104,
        305,
        262,
        126,
        194,
        118,
        100,
        76,
        361,
        221,
        189,
        275,
        82,
        164,
        148,
        285,
        175,
        168,
        357,
        170,
        264,
        207,
        199,
        252,
        122,
        164,
        138,
        206,
        75,
        120,
        351,
        203,
        128,
        188,
        143,
        169,
        276,
        141,
        252,
        227,
        318,
        281,
        81,
        325,
        214,
        48,
        98,
        320,
        364,
        100,
        44,
        128,
        0,
        108,
        93,
        196,
        279,
        271,
        174,
        82,
        319,
        140,
        277,
        112,
        263],
    [   243,
        99,
        301,
        278,
        178,
        37,
        269,
        232,
        201,
        131,
        170,
        52,
        105,
        277,
        306,
        296,
        262,
        174,
        272,
        100,
        343,
        101,
        153,
        396,
        199,
        305,
        295,
        282,
        177,
        118,
        202,
        187,
        192,
        138,
        226,
        401,
        312,
        118,
        177,
        122,
        238,
        380,
        241,
        235,
        334,
        263,
        177,
        96,
        291,
        108,
        85,
        33,
        380,
        294,
        194,
        111,
        143,
        108,
        0,
        154,
        225,
        354,
        265,
        230,
        167,
        261,
        48,
        257,
        32,
        156],
    [   274,
        57,
        455,
        204,
        25,
        171,
        394,
        352,
        47,
        166,
        210,
        112,
        49,
        430,
        288,
        212,
        368,
        158,
        161,
        124,
        368,
        163,
        107,
        445,
        80,
        353,
        271,
        269,
        226,
        75,
        257,
        229,
        298,
        168,
        165,
        436,
        217,
        82,
        280,
        98,
        84,
        244,
        107,
        344,
        249,
        266,
        328,
        172,
        415,
        259,
        137,
        125,
        400,
        441,
        63,
        53,
        222,
        93,
        154,
        0,
        289,
        352,
        365,
        261,
        35,
        401,
        200,
        369,
        136,
        305],
    [   57,
        269,
        340,
        223,
        298,
        188,
        165,
        129,
        314,
        355,
        79,
        260,
        268,
        304,
        155,
        246,
        109,
        145,
        274,
        317,
        128,
        326,
        355,
        170,
        367,
        81,
        158,
        136,
        402,
        310,
        33,
        61,
        82,
        121,
        193,
        177,
        269,
        313,
        78,
        326,
        356,
        390,
        296,
        100,
        267,
        487,
        306,
        134,
        177,
        270,
        162,
        246,
        166,
        273,
        274,
        240,
        81,
        196,
        225,
        289,
        0,
        165,
        97,
        57,
        270,
        215,
        206,
        121,
        254,
        304],
    [   118,
        358,
        503,
        181,
        349,
        324,
        314,
        287,
        355,
        471,
        185,
        373,
        354,
        468,
        67,
        195,
        253,
        198,
        252,
        426,
        63,
        447,
        447,
        147,
        431,
        115,
        84,
        83,
        526,
        401,
        165,
        170,
        247,
        217,
        193,
        115,
        213,
        407,
        243,
        423,
        388,
        337,
        304,
        255,
        190,
        598,
        467,
        259,
        320,
        424,
        272,
        364,
        65,
        431,
        308,
        320,
        224,
        279,
        354,
        352,
        165,
        0,
        237,
        128,
        321,
        374,
        351,
        269,
        375,
        463],
    [   151,
        333,
        276,
        321,
        378,
        228,
        77,
        61,
        396,
        395,
        167,
        311,
        335,
        241,
        245,
        344,
        15,
        236,
        370,
        365,
        182,
        364,
        412,
        173,
        438,
        124,
        251,
        230,
        432,
        370,
        127,
        153,
        73,
        202,
        289,
        199,
        367,
        372,
        88,
        381,
        439,
        488,
        387,
        34,
        364,
        524,
        284,
        194,
        84,
        270,
        228,
        293,
        212,
        196,
        360,
        313,
        142,
        271,
        265,
        365,
        97,
        237,
        0,
        154,
        352,
        140,
        230,
        33,
        297,
        292],
    [   13,
        252,
        389,
        167,
        266,
        197,
        222,
        185,
        279,
        353,
        61,
        255,
        249,
        355,
        102,
        190,
        166,
        105,
        222,
        311,
        113,
        327,
        341,
        183,
        341,
        92,
        102,
        81,
        405,
        295,
        40,
        43,
        133,
        100,
        142,
        178,
        213,
        300,
        124,
        314,
        319,
        336,
        251,
        157,
        210,
        484,
        340,
        134,
        235,
        295,
        153,
        244,
        150,
        327,
        236,
        218,
        96,
        174,
        230,
        261,
        57,
        128,
        154,
        0,
        237,
        270,
        223,
        178,
        254,
        335],
    [   250,
        81,
        464,
        169,
        29,
        177,
        387,
        345,
        44,
        199,
        190,
        133,
        72,
        438,
        255,
        176,
        356,
        132,
        127,
        155,
        340,
        192,
        143,
        420,
        110,
        329,
        239,
        237,
        259,
        108,
        237,
        209,
        288,
        150,
        131,
        409,
        182,
        115,
        270,
        132,
        87,
        217,
        77,
        334,
        213,
        302,
        344,
        164,
        408,
        275,
        131,
        142,
        371,
        444,
        30,
        56,
        210,
        82,
        167,
        35,
        270,
        321,
        352,
        237,
        0,
        401,
        209,
        359,
        155,
        322],
    [   272,
        354,
        136,
        423,
        421,
        233,
        67,
        87,
        443,
        371,
        255,
        313,
        359,
        102,
        371,
        447,
        125,
        319,
        457,
        355,
        322,
        340,
        412,
        309,
        459,
        264,
        373,
        351,
        389,
        379,
        233,
        250,
        138,
        272,
        381,
        339,
        469,
        379,
        151,
        382,
        485,
        578,
        456,
        118,
        474,
        486,
        188,
        239,
        76,
        208,
        270,
        294,
        353,
        57,
        419,
        349,
        209,
        319,
        261,
        401,
        215,
        374,
        140,
        270,
        401,
        0,
        213,
        107,
        291,
        206],
    [   235,
        146,
        255,
        300,
        223,
        36,
        226,
        190,
        246,
        167,
        167,
        100,
        152,
        230,
        310,
        320,
        225,
        190,
        303,
        143,
        331,
        135,
        199,
        374,
        248,
        287,
        302,
        286,
        202,
        166,
        190,
        180,
        158,
        146,
        248,
        384,
        338,
        165,
        146,
        169,
        285,
        417,
        279,
        198,
        357,
        294,
        141,
        96,
        248,
        78,
        102,
        81,
        369,
        245,
        234,
        153,
        128,
        140,
        48,
        200,
        206,
        351,
        230,
        223,
        209,
        213,
        0,
        219,
        78,
        125],
    [   177,
        333,
        243,
        343,
        384,
        221,
        45,
        32,
        404,
        386,
        182,
        306,
        336,
        208,
        273,
        366,
        17,
        252,
        388,
        358,
        215,
        354,
        408,
        204,
        439,
        157,
        278,
        257,
        419,
        368,
        147,
        171,
        71,
        213,
        308,
        232,
        389,
        369,
        89,
        377,
        447,
        507,
        401,
        25,
        389,
        513,
        258,
        197,
        56,
        250,
        232,
        288,
        245,
        163,
        371,
        317,
        150,
        277,
        257,
        369,
        121,
        269,
        33,
        178,
        359,
        107,
        219,
        0,
        290,
        268],
    [   267,
        78,
        323,
        284,
        161,
        69,
        302,
        264,
        184,
        101,
        193,
        24,
        86,
        302,
        324,
        301,
        294,
        187,
        270,
        68,
        368,
        73,
        121,
        424,
        172,
        333,
        312,
        300,
        151,
        89,
        229,
        211,
        224,
        158,
        233,
        428,
        314,
        88,
        209,
        91,
        218,
        372,
        232,
        268,
        339,
        233,
        192,
        121,
        324,
        123,
        103,
        14,
        405,
        322,
        184,
        101,
        172,
        112,
        32,
        136,
        254,
        375,
        297,
        254,
        155,
        291,
        78,
        290,
        0,
        168],
    [   345,
        247,
        173,
        426,
        330,
        161,
        253,
        235,
        352,
        199,
        284,
        192,
        255,
        163,
        429,
        446,
        281,
        315,
        427,
        206,
        433,
        174,
        264,
        459,
        330,
        382,
        423,
        405,
        197,
        249,
        297,
        294,
        233,
        269,
        374,
        476,
        463,
        245,
        229,
        240,
        386,
        537,
        397,
        258,
        482,
        290,
        27,
        219,
        271,
        48,
        228,
        180,
        471,
        208,
        350,
        267,
        239,
        263,
        156,
        305,
        304,
        463,
        292,
        335,
        322,
        206,
        125,
        268,
        168,
        0]]
;
task=[   357,
    195,
    60,
    3,
    311,
    370,
    144,
    35,
    216,
    153,
    17,
    142,
    317,
    100,
    99,
    17,
    82,
    19,
    13,
    274,
    67,
    71,
    121,
    15,
    126,
    262,
    230,
    74,
    79,
    263,
    300,
    488,
    383,
    356,
    186,
    73,
    216,
    316,
    43,
    95,
    215,
    31,
    259,
    188,
    15,
    10,
    242,
    0,
    212,
    117,
    116,
    317,
    65,
    139,
    266,
    412,
    504,
    435,
    174,
    275,
    283,
    158,
    4,
    337,
    347,
    213,
    57,
    295,
    180,
    124]
;
minW=[   103,
    135,
    69,
    15,
    95,
    58,
    140,
    19,
    102,
    67,
    36,
    90,
    72,
    184,
    123,
    219,
    105,
    67,
    118,
    142,
    37,
    82,
    4,
    161,
    166,
    50,
    76,
    133,
    199,
    58,
    95,
    82,
    56,
    11,
    45,
    15,
    145,
    122,
    26,
    160,
    9,
    198,
    79,
    68,
    211,
    176,
    187,
    0,
    195,
    132,
    21,
    46,
    217,
    145,
    173,
    80,
    9,
    36,
    49,
    48,
    17,
    107,
    58,
    94,
    60,
    78,
    89,
    58,
    9,
    203]
;
maxW=[   614,
    442,
    558,
    446,
    283,
    339,
    678,
    669,
    594,
    677,
    444,
    606,
    488,
    651,
    336,
    351,
    400,
    349,
    339,
    581,
    293,
    219,
    531,
    506,
    587,
    598,
    228,
    559,
    463,
    272,
    558,
    269,
    485,
    56,
    471,
    454,
    252,
    398,
    224,
    410,
    303,
    422,
    392,
    220,
    419,
    574,
    637,
    720,
    295,
    387,
    265,
    554,
    540,
    308,
    389,
    473,
    454,
    248,
    554,
    197,
    601,
    437,
    329,
    562,
    579,
    625,
    124,
    565,
    251,
    318]
;