// Generated by InstanceGenerator.py v0.1
// Juan Francisco Martinez Vera
// AMMM - MIRI, FIB UPC
//
// RAND_SEED=1484822138

bigM=100000;

nLocations=40;
startLocation=30;
distances=[   [   0,
        242,
        271,
        73,
        42,
        300,
        99,
        174,
        304,
        205,
        357,
        314,
        294,
        253,
        232,
        197,
        95,
        267,
        205,
        231,
        48,
        366,
        97,
        265,
        233,
        239,
        112,
        287,
        134,
        110,
        178,
        265,
        421,
        202,
        354,
        393,
        39,
        216,
        371,
        122],
    [   242,
        0,
        128,
        306,
        241,
        140,
        313,
        334,
        129,
        352,
        434,
        353,
        264,
        412,
        16,
        358,
        250,
        150,
        443,
        432,
        220,
        534,
        339,
        262,
        96,
        158,
        264,
        60,
        376,
        218,
        199,
        470,
        308,
        206,
        187,
        539,
        219,
        326,
        515,
        363],
    [   271,
        128,
        0,
        344,
        250,
        28,
        304,
        289,
        256,
        295,
        334,
        248,
        147,
        352,
        115,
        308,
        230,
        26,
        442,
        396,
        230,
        467,
        358,
        155,
        221,
        55,
        236,
        178,
        399,
        193,
        135,
        432,
        183,
        126,
        83,
        461,
        267,
        257,
        437,
        389],
    [   73,
        306,
        344,
        0,
        104,
        373,
        118,
        207,
        350,
        239,
        400,
        369,
        362,
        275,
        299,
        226,
        152,
        340,
        165,
        230,
        119,
        374,
        56,
        331,
        281,
        312,
        165,
        346,
        77,
        176,
        248,
        258,
        493,
        272,
        427,
        410,
        87,
        262,
        391,
        60],
    [   42,
        241,
        250,
        104,
        0,
        279,
        75,
        136,
        319,
        166,
        316,
        272,
        257,
        217,
        229,
        160,
        53,
        242,
        202,
        206,
        20,
        334,
        108,
        227,
        248,
        212,
        70,
        292,
        149,
        71,
        143,
        242,
        389,
        167,
        331,
        357,
        74,
        174,
        335,
        140],
    [   300,
        140,
        28,
        373,
        279,
        0,
        333,
        315,
        263,
        320,
        348,
        261,
        156,
        376,
        129,
        333,
        259,
        45,
        471,
        422,
        259,
        489,
        387,
        170,
        236,
        79,
        264,
        182,
        428,
        222,
        161,
        458,
        168,
        151,
        55,
        480,
        294,
        280,
        456,
        418],
    [   99,
        313,
        304,
        118,
        75,
        333,
        0,
        89,
        395,
        121,
        284,
        262,
        276,
        158,
        301,
        108,
        74,
        291,
        137,
        132,
        94,
        267,
        82,
        242,
        324,
        258,
        73,
        367,
        116,
        110,
        178,
        167,
        419,
        198,
        381,
        297,
        139,
        149,
        276,
        116],
    [   174,
        334,
        289,
        207,
        136,
        315,
        89,
        0,
        436,
        32,
        194,
        180,
        219,
        82,
        319,
        25,
        92,
        269,
        186,
        107,
        145,
        204,
        170,
        184,
        368,
        235,
        74,
        393,
        198,
        116,
        153,
        143,
        365,
        165,
        354,
        222,
        210,
        66,
        199,
        202],
    [   304,
        129,
        256,
        350,
        319,
        263,
        395,
        436,
        0,
        459,
        558,
        480,
        393,
        518,
        145,
        462,
        345,
        279,
        508,
        524,
        301,
        640,
        397,
        390,
        71,
        288,
        362,
        81,
        427,
        321,
        319,
        561,
        429,
        330,
        302,
        652,
        269,
        441,
        628,
        410],
    [   205,
        352,
        295,
        239,
        166,
        320,
        121,
        32,
        459,
        0,
        163,
        157,
        210,
        59,
        336,
        19,
        120,
        274,
        207,
        110,
        174,
        181,
        201,
        176,
        392,
        241,
        101,
        412,
        228,
        138,
        162,
        142,
        355,
        169,
        356,
        194,
        241,
        48,
        171,
        233],
    [   357,
        434,
        334,
        400,
        316,
        348,
        284,
        194,
        558,
        163,
        0,
        87,
        193,
        154,
        417,
        180,
        262,
        308,
        357,
        238,
        317,
        191,
        364,
        178,
        500,
        283,
        245,
        494,
        391,
        263,
        239,
        252,
        300,
        228,
        361,
        155,
        389,
        141,
        136,
        396],
    [   314,
        353,
        248,
        369,
        272,
        261,
        262,
        180,
        480,
        157,
        87,
        0,
        105,
        180,
        337,
        177,
        219,
        221,
        364,
        259,
        269,
        257,
        344,
        93,
        425,
        198,
        204,
        412,
        377,
        208,
        167,
        284,
        224,
        151,
        273,
        232,
        340,
        114,
        211,
        378],
    [   294,
        264,
        147,
        362,
        257,
        156,
        276,
        219,
        393,
        210,
        193,
        105,
        0,
        253,
        248,
        228,
        212,
        120,
        402,
        320,
        245,
        352,
        352,
        34,
        346,
        105,
        205,
        320,
        390,
        185,
        117,
        351,
        146,
        93,
        168,
        334,
        309,
        162,
        311,
        387],
    [   253,
        412,
        352,
        275,
        217,
        376,
        158,
        82,
        518,
        59,
        154,
        180,
        253,
        0,
        396,
        57,
        175,
        330,
        203,
        83,
        228,
        122,
        228,
        222,
        450,
        297,
        157,
        471,
        247,
        197,
        220,
        104,
        395,
        225,
        408,
        140,
        290,
        96,
        118,
        256],
    [   232,
        16,
        115,
        299,
        229,
        129,
        301,
        319,
        145,
        336,
        417,
        337,
        248,
        396,
        0,
        343,
        236,
        135,
        432,
        418,
        208,
        518,
        330,
        245,
        107,
        142,
        249,
        77,
        367,
        203,
        182,
        456,
        297,
        189,
        178,
        523,
        212,
        310,
        498,
        354],
    [   197,
        358,
        308,
        226,
        160,
        333,
        108,
        25,
        462,
        19,
        180,
        177,
        228,
        57,
        343,
        0,
        118,
        287,
        187,
        92,
        170,
        178,
        185,
        194,
        393,
        254,
        100,
        417,
        211,
        141,
        173,
        126,
        373,
        182,
        370,
        197,
        234,
        67,
        175,
        216],
    [   95,
        250,
        230,
        152,
        53,
        259,
        74,
        92,
        345,
        120,
        262,
        219,
        212,
        175,
        236,
        118,
        0,
        217,
        211,
        182,
        55,
        296,
        141,
        180,
        276,
        185,
        19,
        306,
        180,
        36,
        106,
        220,
        350,
        127,
        307,
        314,
        126,
        121,
        291,
        175],
    [   267,
        150,
        26,
        340,
        242,
        45,
        291,
        269,
        279,
        274,
        308,
        221,
        120,
        330,
        135,
        287,
        217,
        0,
        429,
        377,
        223,
        443,
        350,
        129,
        240,
        34,
        221,
        202,
        390,
        181,
        117,
        413,
        170,
        105,
        89,
        435,
        266,
        234,
        412,
        382],
    [   205,
        443,
        442,
        165,
        202,
        471,
        137,
        186,
        508,
        207,
        357,
        364,
        402,
        203,
        432,
        187,
        211,
        429,
        0,
        123,
        223,
        256,
        112,
        368,
        437,
        396,
        208,
        492,
        92,
        248,
        314,
        129,
        548,
        333,
        518,
        304,
        238,
        251,
        292,
        110],
    [   231,
        432,
        396,
        230,
        206,
        422,
        132,
        107,
        524,
        110,
        238,
        259,
        320,
        83,
        418,
        92,
        182,
        377,
        123,
        0,
        222,
        144,
        176,
        286,
        453,
        343,
        168,
        489,
        184,
        214,
        260,
        37,
        465,
        272,
        461,
        186,
        270,
        158,
        172,
        197],
    [   48,
        220,
        230,
        119,
        20,
        259,
        94,
        145,
        301,
        174,
        317,
        269,
        245,
        228,
        208,
        170,
        55,
        223,
        223,
        222,
        0,
        347,
        128,
        217,
        230,
        194,
        74,
        272,
        168,
        62,
        130,
        259,
        374,
        154,
        312,
        368,
        71,
        177,
        345,
        158],
    [   366,
        534,
        467,
        374,
        334,
        489,
        267,
        204,
        640,
        181,
        191,
        257,
        352,
        122,
        518,
        178,
        296,
        443,
        256,
        144,
        347,
        0,
        321,
        325,
        572,
        412,
        278,
        594,
        329,
        319,
        340,
        126,
        482,
        342,
        516,
        55,
        405,
        211,
        58,
        342],
    [   97,
        339,
        358,
        56,
        108,
        387,
        82,
        170,
        397,
        201,
        364,
        344,
        352,
        228,
        330,
        185,
        141,
        350,
        112,
        176,
        128,
        321,
        0,
        319,
        326,
        319,
        147,
        385,
        40,
        173,
        246,
        202,
        491,
        268,
        439,
        359,
        127,
        231,
        341,
        35],
    [   265,
        262,
        155,
        331,
        227,
        170,
        242,
        184,
        390,
        176,
        178,
        93,
        34,
        222,
        245,
        194,
        180,
        129,
        368,
        286,
        217,
        325,
        319,
        0,
        338,
        105,
        172,
        320,
        357,
        155,
        92,
        318,
        180,
        70,
        191,
        311,
        283,
        129,
        287,
        354],
    [   233,
        96,
        221,
        281,
        248,
        236,
        324,
        368,
        71,
        392,
        500,
        425,
        346,
        450,
        107,
        393,
        276,
        240,
        437,
        453,
        230,
        572,
        326,
        338,
        0,
        242,
        293,
        85,
        357,
        253,
        260,
        490,
        404,
        274,
        283,
        586,
        199,
        376,
        562,
        341],
    [   239,
        158,
        55,
        312,
        212,
        79,
        258,
        235,
        288,
        241,
        283,
        198,
        105,
        297,
        142,
        254,
        185,
        34,
        396,
        343,
        194,
        412,
        319,
        105,
        242,
        0,
        187,
        215,
        360,
        148,
        83,
        379,
        187,
        71,
        122,
        406,
        242,
        201,
        382,
        352],
    [   112,
        264,
        236,
        165,
        70,
        264,
        73,
        74,
        362,
        101,
        245,
        204,
        205,
        157,
        249,
        100,
        19,
        221,
        208,
        168,
        74,
        278,
        147,
        172,
        293,
        187,
        0,
        321,
        185,
        46,
        106,
        206,
        346,
        125,
        310,
        295,
        144,
        103,
        272,
        182],
    [   287,
        60,
        178,
        346,
        292,
        182,
        367,
        393,
        81,
        412,
        494,
        412,
        320,
        471,
        77,
        417,
        306,
        202,
        492,
        489,
        272,
        594,
        385,
        320,
        85,
        215,
        321,
        0,
        420,
        276,
        260,
        527,
        348,
        267,
        220,
        599,
        260,
        387,
        575,
        405],
    [   134,
        376,
        399,
        77,
        149,
        428,
        116,
        198,
        427,
        228,
        391,
        377,
        390,
        247,
        367,
        211,
        180,
        390,
        92,
        184,
        168,
        329,
        40,
        357,
        357,
        360,
        185,
        420,
        0,
        213,
        285,
        204,
        530,
        307,
        480,
        371,
        160,
        263,
        355,
        17],
    [   110,
        218,
        193,
        176,
        71,
        222,
        110,
        116,
        321,
        138,
        263,
        208,
        185,
        197,
        203,
        141,
        36,
        181,
        248,
        214,
        62,
        319,
        173,
        155,
        253,
        148,
        46,
        276,
        213,
        0,
        72,
        252,
        318,
        95,
        270,
        332,
        131,
        127,
        308,
        207],
    [   178,
        199,
        135,
        248,
        143,
        161,
        178,
        153,
        319,
        162,
        239,
        167,
        117,
        220,
        182,
        173,
        106,
        117,
        314,
        260,
        130,
        340,
        246,
        92,
        260,
        83,
        106,
        260,
        285,
        72,
        0,
        297,
        245,
        24,
        204,
        340,
        192,
        129,
        316,
        279],
    [   265,
        470,
        432,
        258,
        242,
        458,
        167,
        143,
        561,
        142,
        252,
        284,
        351,
        104,
        456,
        126,
        220,
        413,
        129,
        37,
        259,
        126,
        202,
        318,
        490,
        379,
        206,
        527,
        204,
        252,
        297,
        0,
        495,
        308,
        497,
        176,
        304,
        189,
        165,
        219],
    [   421,
        308,
        183,
        493,
        389,
        168,
        419,
        365,
        429,
        355,
        300,
        224,
        146,
        395,
        297,
        373,
        350,
        170,
        548,
        465,
        374,
        482,
        491,
        180,
        404,
        187,
        346,
        348,
        530,
        318,
        245,
        495,
        0,
        223,
        129,
        454,
        428,
        307,
        434,
        525],
    [   202,
        206,
        126,
        272,
        167,
        151,
        198,
        165,
        330,
        169,
        228,
        151,
        93,
        225,
        189,
        182,
        127,
        105,
        333,
        272,
        154,
        342,
        268,
        70,
        274,
        71,
        125,
        267,
        307,
        95,
        24,
        308,
        223,
        0,
        189,
        338,
        216,
        130,
        314,
        302],
    [   354,
        187,
        83,
        427,
        331,
        55,
        381,
        354,
        302,
        356,
        361,
        273,
        168,
        408,
        178,
        370,
        307,
        89,
        518,
        461,
        312,
        516,
        439,
        191,
        283,
        122,
        310,
        220,
        480,
        270,
        204,
        497,
        129,
        189,
        0,
        501,
        350,
        312,
        478,
        471],
    [   393,
        539,
        461,
        410,
        357,
        480,
        297,
        222,
        652,
        194,
        155,
        232,
        334,
        140,
        523,
        197,
        314,
        435,
        304,
        186,
        368,
        55,
        359,
        311,
        586,
        406,
        295,
        599,
        371,
        332,
        340,
        176,
        454,
        338,
        501,
        0,
        431,
        212,
        24,
        383],
    [   39,
        219,
        267,
        87,
        74,
        294,
        139,
        210,
        269,
        241,
        389,
        340,
        309,
        290,
        212,
        234,
        126,
        266,
        238,
        270,
        71,
        405,
        127,
        283,
        199,
        242,
        144,
        260,
        160,
        131,
        192,
        304,
        428,
        216,
        350,
        431,
        0,
        248,
        409,
        145],
    [   216,
        326,
        257,
        262,
        174,
        280,
        149,
        66,
        441,
        48,
        141,
        114,
        162,
        96,
        310,
        67,
        121,
        234,
        251,
        158,
        177,
        211,
        231,
        129,
        376,
        201,
        103,
        387,
        263,
        127,
        129,
        189,
        307,
        130,
        312,
        212,
        248,
        0,
        188,
        265],
    [   371,
        515,
        437,
        391,
        335,
        456,
        276,
        199,
        628,
        171,
        136,
        211,
        311,
        118,
        498,
        175,
        291,
        412,
        292,
        172,
        345,
        58,
        341,
        287,
        562,
        382,
        272,
        575,
        355,
        308,
        316,
        165,
        434,
        314,
        478,
        24,
        409,
        188,
        0,
        366],
    [   122,
        363,
        389,
        60,
        140,
        418,
        116,
        202,
        410,
        233,
        396,
        378,
        387,
        256,
        354,
        216,
        175,
        382,
        110,
        197,
        158,
        342,
        35,
        354,
        341,
        352,
        182,
        405,
        17,
        207,
        279,
        219,
        525,
        302,
        471,
        383,
        145,
        265,
        366,
        0]]
;
task=[   220,
    138,
    66,
    86,
    93,
    71,
    382,
    435,
    8,
    377,
    30,
    274,
    2,
    55,
    96,
    313,
    419,
    331,
    88,
    260,
    286,
    30,
    288,
    164,
    92,
    257,
    406,
    41,
    234,
    0,
    299,
    29,
    71,
    16,
    107,
    9,
    42,
    32,
    99,
    27]
;
minW=[   91,
    46,
    54,
    162,
    48,
    120,
    64,
    66,
    227,
    41,
    0,
    9,
    37,
    165,
    68,
    76,
    30,
    134,
    204,
    21,
    33,
    300,
    69,
    120,
    128,
    51,
    32,
    114,
    38,
    0,
    42,
    206,
    21,
    15,
    246,
    316,
    15,
    21,
    107,
    29]
;
maxW=[   240,
    520,
    346,
    386,
    578,
    507,
    455,
    524,
    405,
    308,
    397,
    561,
    530,
    507,
    449,
    163,
    325,
    226,
    661,
    231,
    221,
    712,
    480,
    704,
    588,
    538,
    575,
    409,
    386,
    720,
    598,
    378,
    374,
    631,
    578,
    423,
    404,
    170,
    602,
    281]
;