// Generated by InstanceGenerator.py v0.1
// Juan Francisco Martinez Vera
// AMMM - MIRI, FIB UPC
//
// RAND_SEED=1484818995

bigM=100000;

nLocations=30;
startLocation=4;
distances=[   [   0,
        166,
        228,
        178,
        126,
        224,
        123,
        319,
        232,
        365,
        382,
        322,
        323,
        399,
        54,
        376,
        186,
        211,
        414,
        163,
        97,
        220,
        332,
        306,
        402,
        393,
        265,
        357,
        40,
        173],
    [   166,
        0,
        292,
        88,
        89,
        68,
        110,
        408,
        149,
        219,
        225,
        187,
        330,
        292,
        127,
        217,
        271,
        64,
        247,
        11,
        242,
        312,
        171,
        151,
        303,
        227,
        337,
        238,
        126,
        86],
    [   228,
        292,
        0,
        222,
        319,
        360,
        328,
        118,
        210,
        508,
        408,
        318,
        123,
        324,
        267,
        407,
        411,
        284,
        489,
        281,
        304,
        49,
        449,
        438,
        314,
        473,
        44,
        314,
        231,
        221],
    [   178,
        88,
        222,
        0,
        161,
        145,
        180,
        341,
        65,
        288,
        213,
        144,
        244,
        226,
        164,
        209,
        330,
        61,
        273,
        76,
        272,
        252,
        226,
        217,
        233,
        255,
        267,
        180,
        142,
        5],
    [   126,
        89,
        319,
        161,
        0,
        114,
        21,
        426,
        227,
        241,
        309,
        277,
        384,
        379,
        72,
        301,
        182,
        153,
        313,
        95,
        171,
        326,
        220,
        189,
        389,
        292,
        362,
        327,
        97,
        157],
    [   224,
        68,
        360,
        145,
        114,
        0,
        132,
        476,
        197,
        150,
        206,
        198,
        389,
        313,
        176,
        196,
        288,
        95,
        198,
        78,
        285,
        381,
        108,
        84,
        327,
        177,
        405,
        255,
        185,
        145],
    [   123,
        110,
        328,
        180,
        21,
        132,
        0,
        432,
        246,
        252,
        330,
        298,
        398,
        400,
        69,
        322,
        161,
        174,
        330,
        117,
        156,
        332,
        235,
        203,
        410,
        310,
        370,
        348,
        100,
        176],
    [   319,
        408,
        118,
        341,
        426,
        476,
        432,
        0,
        325,
        626,
        521,
        430,
        181,
        418,
        366,
        521,
        490,
        402,
        607,
        398,
        375,
        100,
        567,
        556,
        405,
        590,
        74,
        418,
        332,
        339],
    [   232,
        149,
        210,
        65,
        227,
        197,
        246,
        325,
        0,
        327,
        198,
        111,
        199,
        167,
        226,
        197,
        394,
        101,
        281,
        138,
        328,
        249,
        257,
        257,
        171,
        266,
        251,
        128,
        200,
        69],
    [   365,
        219,
        508,
        288,
        241,
        150,
        252,
        626,
        327,
        0,
        235,
        281,
        525,
        394,
        313,
        225,
        375,
        229,
        150,
        228,
        408,
        531,
        75,
        70,
        413,
        139,
        553,
        338,
        329,
        289],
    [   382,
        225,
        408,
        213,
        309,
        206,
        330,
        521,
        198,
        235,
        0,
        91,
        371,
        172,
        351,
        9,
        491,
        170,
        111,
        223,
        466,
        448,
        163,
        191,
        193,
        107,
        447,
        126,
        342,
        218],
    [   322,
        187,
        318,
        144,
        277,
        198,
        298,
        430,
        111,
        281,
        91,
        0,
        280,
        116,
        302,
        92,
        458,
        123,
        192,
        181,
        414,
        360,
        206,
        221,
        133,
        182,
        357,
        59,
        285,
        149],
    [   323,
        330,
        123,
        244,
        384,
        389,
        398,
        181,
        199,
        525,
        371,
        280,
        0,
        243,
        349,
        373,
        510,
        297,
        470,
        318,
        411,
        169,
        456,
        455,
        228,
        457,
        128,
        254,
        313,
        245],
    [   399,
        292,
        324,
        226,
        379,
        313,
        400,
        418,
        167,
        394,
        172,
        116,
        243,
        0,
        391,
        179,
        556,
        229,
        283,
        284,
        496,
        372,
        318,
        337,
        21,
        279,
        352,
        57,
        367,
        231],
    [   54,
        127,
        267,
        164,
        72,
        176,
        69,
        366,
        226,
        313,
        351,
        302,
        349,
        391,
        0,
        344,
        169,
        182,
        371,
        127,
        114,
        266,
        285,
        257,
        397,
        351,
        307,
        343,
        36,
        159],
    [   376,
        217,
        407,
        209,
        301,
        196,
        322,
        521,
        197,
        225,
        9,
        92,
        373,
        179,
        344,
        0,
        482,
        164,
        105,
        216,
        459,
        446,
        154,
        181,
        199,
        99,
        447,
        131,
        336,
        214],
    [   186,
        271,
        411,
        330,
        182,
        288,
        161,
        490,
        394,
        375,
        491,
        458,
        510,
        556,
        169,
        482,
        0,
        334,
        481,
        276,
        115,
        396,
        380,
        345,
        563,
        461,
        445,
        506,
        201,
        325],
    [   211,
        64,
        284,
        61,
        153,
        95,
        174,
        402,
        101,
        229,
        170,
        123,
        297,
        229,
        182,
        164,
        334,
        0,
        215,
        57,
        297,
        313,
        165,
        158,
        241,
        196,
        328,
        174,
        171,
        63],
    [   414,
        247,
        489,
        273,
        313,
        198,
        330,
        607,
        281,
        150,
        111,
        192,
        470,
        283,
        371,
        105,
        481,
        215,
        0,
        251,
        483,
        524,
        103,
        139,
        304,
        20,
        532,
        236,
        373,
        277],
    [   163,
        11,
        281,
        76,
        95,
        78,
        117,
        398,
        138,
        228,
        223,
        181,
        318,
        284,
        127,
        216,
        276,
        57,
        251,
        0,
        242,
        302,
        178,
        160,
        294,
        230,
        326,
        231,
        123,
        74],
    [   97,
        242,
        304,
        272,
        171,
        285,
        156,
        375,
        328,
        408,
        466,
        414,
        411,
        496,
        114,
        459,
        115,
        297,
        483,
        242,
        0,
        284,
        391,
        360,
        499,
        462,
        334,
        452,
        129,
        266],
    [   220,
        312,
        49,
        252,
        326,
        381,
        332,
        100,
        249,
        531,
        448,
        360,
        169,
        372,
        266,
        446,
        396,
        313,
        524,
        302,
        284,
        0,
        476,
        462,
        363,
        507,
        52,
        359,
        232,
        249],
    [   332,
        171,
        449,
        226,
        220,
        108,
        235,
        567,
        257,
        75,
        163,
        206,
        456,
        318,
        285,
        154,
        380,
        165,
        103,
        178,
        391,
        476,
        0,
        36,
        337,
        85,
        493,
        263,
        294,
        228],
    [   306,
        151,
        438,
        217,
        189,
        84,
        203,
        556,
        257,
        70,
        191,
        221,
        455,
        337,
        257,
        181,
        345,
        158,
        139,
        160,
        360,
        462,
        36,
        0,
        354,
        121,
        483,
        280,
        269,
        219],
    [   402,
        303,
        314,
        233,
        389,
        327,
        410,
        405,
        171,
        413,
        193,
        133,
        228,
        21,
        397,
        199,
        563,
        241,
        304,
        294,
        499,
        363,
        337,
        354,
        0,
        299,
        341,
        74,
        371,
        238],
    [   393,
        227,
        473,
        255,
        292,
        177,
        310,
        590,
        266,
        139,
        107,
        182,
        457,
        279,
        351,
        99,
        461,
        196,
        20,
        230,
        462,
        507,
        85,
        121,
        299,
        0,
        516,
        229,
        353,
        259],
    [   265,
        337,
        44,
        267,
        362,
        405,
        370,
        74,
        251,
        553,
        447,
        357,
        128,
        352,
        307,
        447,
        445,
        328,
        532,
        326,
        334,
        52,
        493,
        483,
        341,
        516,
        0,
        348,
        272,
        265],
    [   357,
        238,
        314,
        180,
        327,
        255,
        348,
        418,
        128,
        338,
        126,
        59,
        254,
        57,
        343,
        131,
        506,
        174,
        236,
        231,
        452,
        359,
        263,
        280,
        74,
        229,
        348,
        0,
        322,
        185],
    [   40,
        126,
        231,
        142,
        97,
        185,
        100,
        332,
        200,
        329,
        342,
        285,
        313,
        367,
        36,
        336,
        201,
        171,
        373,
        123,
        129,
        232,
        294,
        269,
        371,
        353,
        272,
        322,
        0,
        137],
    [   173,
        86,
        221,
        5,
        157,
        145,
        176,
        339,
        69,
        289,
        218,
        149,
        245,
        231,
        159,
        214,
        325,
        63,
        277,
        74,
        266,
        249,
        228,
        219,
        238,
        259,
        265,
        185,
        137,
        0]]
;
task=[   134,
    132,
    131,
    0,
    3,
    199,
    271,
    36,
    198,
    138,
    203,
    44,
    161,
    32,
    218,
    272,
    50,
    374,
    25,
    34,
    88,
    51,
    73,
    118,
    148,
    5,
    76,
    328,
    327,
    52]
;
minW=[   39,
    4,
    37,
    0,
    113,
    59,
    162,
    318,
    9,
    115,
    54,
    100,
    227,
    196,
    8,
    82,
    262,
    54,
    222,
    12,
    238,
    152,
    175,
    26,
    35,
    123,
    189,
    41,
    116,
    2]
;
maxW=[   257,
    425,
    517,
    720,
    257,
    232,
    555,
    564,
    114,
    362,
    435,
    640,
    326,
    571,
    392,
    230,
    520,
    220,
    370,
    326,
    393,
    711,
    471,
    675,
    356,
    403,
    642,
    227,
    156,
    208]
;