// Generated by InstanceGenerator.py v0.1
// Juan Francisco Martinez Vera
// AMMM - MIRI, FIB UPC
//
// RAND_SEED=1484819006

bigM=100000;

nLocations=80;
startLocation=10;
distances=[   [   0,
        179,
        155,
        313,
        194,
        255,
        235,
        307,
        226,
        160,
        249,
        309,
        235,
        263,
        274,
        40,
        341,
        187,
        416,
        129,
        179,
        343,
        454,
        221,
        326,
        133,
        264,
        148,
        292,
        248,
        427,
        65,
        81,
        415,
        342,
        169,
        426,
        244,
        206,
        150,
        194,
        116,
        380,
        256,
        213,
        134,
        269,
        412,
        317,
        244,
        46,
        308,
        207,
        248,
        320,
        177,
        446,
        230,
        120,
        167,
        236,
        82,
        131,
        299,
        98,
        180,
        295,
        417,
        286,
        178,
        159,
        271,
        69,
        269,
        316,
        96,
        165,
        363,
        318,
        278],
    [   179,
        0,
        312,
        224,
        98,
        247,
        254,
        267,
        142,
        21,
        201,
        328,
        159,
        306,
        200,
        219,
        192,
        200,
        237,
        224,
        5,
        285,
        278,
        84,
        178,
        251,
        185,
        263,
        159,
        145,
        248,
        220,
        239,
        236,
        196,
        275,
        259,
        257,
        68,
        231,
        17,
        68,
        204,
        83,
        239,
        183,
        202,
        303,
        180,
        220,
        198,
        259,
        120,
        243,
        143,
        191,
        276,
        286,
        78,
        17,
        67,
        248,
        90,
        130,
        124,
        111,
        195,
        238,
        204,
        228,
        210,
        210,
        238,
        209,
        137,
        215,
        42,
        184,
        227,
        175],
    [   155,
        312,
        0,
        468,
        348,
        402,
        375,
        314,
        294,
        291,
        282,
        442,
        391,
        391,
        429,
        126,
        429,
        202,
        541,
        114,
        311,
        357,
        590,
        370,
        476,
        244,
        420,
        82,
        445,
        321,
        551,
        94,
        75,
        537,
        493,
        95,
        570,
        228,
        313,
        280,
        324,
        262,
        496,
        375,
        354,
        163,
        424,
        456,
        470,
        394,
        117,
        460,
        285,
        395,
        438,
        325,
        588,
        356,
        271,
        297,
        377,
        164,
        233,
        409,
        254,
        261,
        450,
        539,
        333,
        164,
        161,
        306,
        86,
        304,
        445,
        102,
        311,
        494,
        474,
        433],
    [   313,
        224,
        468,
        0,
        134,
        121,
        159,
        491,
        366,
        238,
        426,
        186,
        78,
        205,
        39,
        344,
        370,
        418,
        297,
        416,
        230,
        506,
        273,
        141,
        115,
        275,
        48,
        449,
        90,
        364,
        307,
        377,
        394,
        307,
        112,
        466,
        213,
        478,
        288,
        229,
        231,
        226,
        309,
        260,
        166,
        389,
        47,
        503,
        93,
        102,
        355,
        66,
        344,
        124,
        275,
        159,
        235,
        213,
        209,
        239,
        181,
        332,
        304,
        295,
        214,
        336,
        31,
        308,
        424,
        439,
        419,
        434,
        382,
        433,
        234,
        394,
        192,
        243,
        6,
        50],
    [   194,
        98,
        348,
        134,
        0,
        151,
        165,
        364,
        240,
        107,
        298,
        234,
        61,
        220,
        104,
        231,
        277,
        285,
        268,
        285,
        104,
        383,
        282,
        42,
        134,
        207,
        89,
        319,
        98,
        243,
        280,
        254,
        272,
        273,
        149,
        335,
        242,
        345,
        166,
        172,
        110,
        93,
        254,
        160,
        154,
        255,
        104,
        398,
        123,
        123,
        231,
        161,
        217,
        148,
        202,
        112,
        263,
        207,
        78,
        110,
        87,
        236,
        170,
        205,
        100,
        206,
        108,
        274,
        303,
        305,
        285,
        308,
        263,
        307,
        174,
        265,
        59,
        208,
        138,
        88],
    [   255,
        247,
        402,
        121,
        151,
        0,
        39,
        503,
        384,
        250,
        436,
        83,
        103,
        85,
        92,
        276,
        428,
        407,
        395,
        379,
        252,
        527,
        384,
        186,
        220,
        175,
        100,
        403,
        184,
        391,
        406,
        321,
        335,
        403,
        224,
        424,
        328,
        469,
        315,
        129,
        260,
        213,
        394,
        312,
        53,
        365,
        83,
        550,
        198,
        28,
        302,
        69,
        360,
        7,
        347,
        78,
        351,
        93,
        193,
        255,
        234,
        247,
        299,
        355,
        171,
        344,
        131,
        403,
        449,
        416,
        395,
        450,
        318,
        449,
        313,
        349,
        204,
        336,
        127,
        134],
    [   235,
        254,
        375,
        159,
        165,
        39,
        0,
        500,
        385,
        254,
        434,
        78,
        128,
        55,
        127,
        251,
        441,
        398,
        422,
        361,
        259,
        527,
        416,
        204,
        252,
        140,
        132,
        383,
        214,
        395,
        433,
        299,
        311,
        429,
        257,
        404,
        362,
        460,
        321,
        96,
        269,
        211,
        416,
        325,
        21,
        352,
        117,
        558,
        231,
        58,
        281,
        109,
        361,
        34,
        366,
        66,
        385,
        54,
        190,
        260,
        252,
        215,
        294,
        371,
        160,
        343,
        166,
        429,
        451,
        402,
        382,
        450,
        293,
        448,
        335,
        330,
        211,
        362,
        165,
        166],
    [   307,
        267,
        314,
        491,
        364,
        503,
        500,
        0,
        125,
        257,
        66,
        578,
        426,
        545,
        467,
        327,
        203,
        122,
        371,
        208,
        261,
        43,
        447,
        350,
        424,
        438,
        452,
        231,
        417,
        132,
        376,
        280,
        288,
        359,
        442,
        220,
        462,
        87,
        204,
        442,
        260,
        290,
        314,
        249,
        481,
        176,
        469,
        153,
        433,
        479,
        278,
        525,
        147,
        498,
        281,
        434,
        470,
        517,
        310,
        254,
        316,
        385,
        205,
        243,
        341,
        159,
        461,
        362,
        79,
        151,
        160,
        58,
        306,
        59,
        317,
        239,
        305,
        356,
        494,
        441],
    [   226,
        142,
        294,
        366,
        240,
        384,
        385,
        125,
        0,
        134,
        62,
        463,
        302,
        433,
        343,
        257,
        136,
        104,
        277,
        180,
        136,
        143,
        345,
        225,
        301,
        344,
        327,
        218,
        292,
        27,
        285,
        226,
        240,
        269,
        319,
        218,
        350,
        137,
        78,
        339,
        134,
        175,
        223,
        130,
        368,
        131,
        344,
        186,
        309,
        359,
        214,
        401,
        23,
        379,
        176,
        320,
        362,
        408,
        195,
        130,
        191,
        309,
        99,
        139,
        232,
        47,
        336,
        271,
        66,
        147,
        139,
        67,
        252,
        67,
        204,
        195,
        182,
        248,
        368,
        316],
    [   160,
        21,
        291,
        238,
        107,
        250,
        254,
        257,
        134,
        0,
        190,
        330,
        169,
        304,
        211,
        200,
        200,
        183,
        256,
        203,
        20,
        277,
        299,
        100,
        198,
        240,
        196,
        242,
        176,
        141,
        267,
        199,
        218,
        255,
        216,
        254,
        280,
        241,
        67,
        223,
        34,
        54,
        221,
        98,
        238,
        163,
        212,
        304,
        198,
        224,
        178,
        268,
        111,
        246,
        160,
        190,
        298,
        283,
        69,
        7,
        87,
        232,
        71,
        143,
        114,
        98,
        209,
        257,
        199,
        209,
        191,
        201,
        217,
        200,
        157,
        194,
        47,
        204,
        241,
        189],
    [   249,
        201,
        282,
        426,
        298,
        436,
        434,
        66,
        62,
        190,
        0,
        512,
        359,
        479,
        401,
        273,
        173,
        79,
        330,
        169,
        196,
        95,
        402,
        285,
        364,
        377,
        386,
        200,
        354,
        77,
        337,
        232,
        242,
        320,
        382,
        194,
        410,
        84,
        140,
        379,
        195,
        223,
        274,
        192,
        415,
        127,
        402,
        174,
        371,
        413,
        226,
        459,
        81,
        431,
        233,
        368,
        421,
        452,
        244,
        188,
        253,
        330,
        140,
        195,
        276,
        92,
        396,
        323,
        52,
        120,
        121,
        24,
        258,
        22,
        264,
        193,
        238,
        307,
        429,
        376],
    [   309,
        328,
        442,
        186,
        234,
        83,
        78,
        578,
        463,
        330,
        512,
        0,
        186,
        54,
        168,
        321,
        512,
        476,
        474,
        437,
        334,
        604,
        458,
        269,
        296,
        199,
        179,
        457,
        262,
        471,
        485,
        372,
        383,
        483,
        297,
        478,
        399,
        538,
        396,
        162,
        342,
        289,
        476,
        395,
        98,
        430,
        159,
        632,
        273,
        112,
        356,
        120,
        439,
        86,
        431,
        144,
        421,
        88,
        268,
        335,
        318,
        279,
        373,
        439,
        239,
        420,
        205,
        484,
        528,
        480,
        460,
        527,
        364,
        526,
        396,
        405,
        285,
        416,
        191,
        212],
    [   235,
        159,
        391,
        78,
        61,
        103,
        128,
        426,
        302,
        169,
        359,
        186,
        0,
        183,
        43,
        268,
        329,
        345,
        293,
        339,
        165,
        444,
        290,
        85,
        126,
        213,
        29,
        371,
        87,
        304,
        304,
        299,
        317,
        300,
        135,
        388,
        239,
        406,
        227,
        169,
        169,
        150,
        290,
        213,
        125,
        313,
        42,
        455,
        107,
        74,
        277,
        99,
        279,
        102,
        244,
        98,
        262,
        179,
        132,
        172,
        133,
        260,
        231,
        254,
        137,
        267,
        60,
        301,
        364,
        363,
        343,
        370,
        305,
        369,
        209,
        316,
        121,
        233,
        83,
        47],
    [   263,
        306,
        391,
        205,
        220,
        85,
        55,
        545,
        433,
        304,
        479,
        54,
        183,
        0,
        178,
        272,
        495,
        437,
        477,
        392,
        311,
        573,
        469,
        259,
        305,
        146,
        185,
        409,
        268,
        444,
        488,
        323,
        334,
        484,
        309,
        431,
        414,
        499,
        372,
        113,
        322,
        258,
        472,
        379,
        67,
        389,
        168,
        609,
        283,
        111,
        309,
        146,
        409,
        83,
        422,
        114,
        436,
        34,
        238,
        311,
        307,
        227,
        339,
        425,
        203,
        389,
        217,
        485,
        500,
        437,
        418,
        496,
        314,
        494,
        391,
        359,
        263,
        417,
        211,
        219],
    [   274,
        200,
        429,
        39,
        104,
        92,
        127,
        467,
        343,
        211,
        401,
        168,
        43,
        178,
        0,
        305,
        361,
        388,
        306,
        381,
        206,
        485,
        292,
        121,
        128,
        236,
        15,
        412,
        94,
        343,
        317,
        339,
        356,
        315,
        131,
        430,
        236,
        449,
        266,
        190,
        209,
        193,
        311,
        246,
        131,
        356,
        9,
        490,
        106,
        68,
        317,
        62,
        320,
        94,
        271,
        120,
        258,
        182,
        175,
        213,
        166,
        292,
        274,
        285,
        176,
        309,
        39,
        316,
        403,
        406,
        386,
        411,
        343,
        410,
        232,
        357,
        163,
        249,
        46,
        43],
    [   40,
        219,
        126,
        344,
        231,
        276,
        251,
        327,
        257,
        200,
        273,
        321,
        268,
        272,
        305,
        0,
        378,
        205,
        457,
        131,
        220,
        366,
        495,
        260,
        364,
        130,
        296,
        139,
        330,
        281,
        468,
        54,
        62,
        455,
        380,
        161,
        466,
        257,
        245,
        159,
        235,
        156,
        420,
        296,
        229,
        150,
        299,
        442,
        355,
        268,
        49,
        334,
        240,
        269,
        360,
        199,
        486,
        237,
        159,
        207,
        276,
        59,
        166,
        338,
        132,
        213,
        328,
        457,
        315,
        187,
        171,
        297,
        42,
        295,
        357,
        96,
        205,
        403,
        350,
        312],
    [   341,
        192,
        429,
        370,
        277,
        428,
        441,
        203,
        136,
        200,
        173,
        512,
        329,
        495,
        361,
        378,
        0,
        238,
        170,
        316,
        187,
        188,
        249,
        243,
        272,
        439,
        346,
        354,
        281,
        108,
        174,
        355,
        371,
        157,
        287,
        354,
        275,
        257,
        136,
        422,
        175,
        254,
        113,
        116,
        428,
        266,
        366,
        137,
        289,
        400,
        340,
        423,
        144,
        425,
        101,
        382,
        279,
        477,
        269,
        192,
        195,
        421,
        211,
        75,
        314,
        169,
        339,
        160,
        127,
        282,
        275,
        157,
        379,
        158,
        144,
        328,
        233,
        168,
        370,
        322],
    [   187,
        200,
        202,
        418,
        285,
        407,
        398,
        122,
        104,
        183,
        79,
        476,
        345,
        437,
        388,
        205,
        238,
        0,
        379,
        90,
        195,
        163,
        444,
        283,
        377,
        320,
        374,
        121,
        359,
        130,
        387,
        158,
        166,
        372,
        395,
        117,
        442,
        62,
        159,
        329,
        201,
        196,
        327,
        222,
        377,
        54,
        387,
        253,
        380,
        386,
        155,
        440,
        106,
        401,
        276,
        332,
        456,
        407,
        216,
        183,
        263,
        263,
        114,
        240,
        237,
        95,
        391,
        374,
        130,
        43,
        41,
        103,
        183,
        101,
        299,
        117,
        226,
        346,
        422,
        371],
    [   416,
        237,
        541,
        297,
        268,
        395,
        422,
        371,
        277,
        256,
        330,
        474,
        293,
        477,
        306,
        457,
        170,
        379,
        0,
        439,
        236,
        358,
        80,
        226,
        181,
        473,
        295,
        479,
        212,
        254,
        11,
        453,
        471,
        15,
        186,
        485,
        123,
        413,
        229,
        440,
        222,
        303,
        57,
        166,
        416,
        390,
        315,
        292,
        204,
        367,
        433,
        362,
        273,
        395,
        104,
        379,
        118,
        470,
        307,
        249,
        188,
        484,
        308,
        139,
        350,
        289,
        272,
        13,
        292,
        421,
        408,
        319,
        473,
        320,
        100,
        439,
        259,
        60,
        294,
        262],
    [   129,
        224,
        114,
        416,
        285,
        379,
        361,
        208,
        180,
        203,
        169,
        437,
        339,
        392,
        381,
        131,
        316,
        90,
        439,
        0,
        221,
        251,
        495,
        297,
        400,
        259,
        368,
        40,
        374,
        208,
        448,
        78,
        80,
        433,
        418,
        51,
        482,
        129,
        209,
        279,
        232,
        191,
        391,
        273,
        340,
        50,
        378,
        344,
        398,
        363,
        85,
        424,
        173,
        372,
        335,
        300,
        499,
        359,
        207,
        207,
        291,
        190,
        135,
        303,
        210,
        151,
        393,
        435,
        219,
        58,
        49,
        194,
        100,
        192,
        348,
        35,
        235,
        396,
        421,
        374],
    [   179,
        5,
        311,
        230,
        104,
        252,
        259,
        261,
        136,
        20,
        196,
        334,
        165,
        311,
        206,
        220,
        187,
        195,
        236,
        221,
        0,
        279,
        279,
        90,
        182,
        255,
        190,
        260,
        163,
        139,
        247,
        219,
        238,
        235,
        200,
        272,
        261,
        252,
        62,
        235,
        15,
        70,
        202,
        80,
        244,
        180,
        208,
        298,
        184,
        226,
        198,
        265,
        114,
        248,
        141,
        197,
        278,
        291,
        82,
        14,
        70,
        250,
        87,
        127,
        128,
        106,
        201,
        237,
        198,
        224,
        206,
        204,
        237,
        203,
        137,
        213,
        48,
        184,
        233,
        180],
    [   343,
        285,
        357,
        506,
        383,
        527,
        527,
        43,
        143,
        277,
        95,
        604,
        444,
        573,
        485,
        366,
        188,
        163,
        358,
        251,
        279,
        0,
        436,
        365,
        430,
        472,
        469,
        275,
        427,
        141,
        362,
        321,
        329,
        346,
        448,
        263,
        457,
        130,
        218,
        474,
        275,
        315,
        301,
        254,
        508,
        216,
        487,
        114,
        442,
        502,
        317,
        544,
        166,
        522,
        276,
        461,
        464,
        546,
        336,
        273,
        327,
        423,
        234,
        240,
        370,
        184,
        475,
        348,
        81,
        194,
        202,
        77,
        346,
        78,
        315,
        280,
        325,
        350,
        508,
        455],
    [   454,
        278,
        590,
        273,
        282,
        384,
        416,
        447,
        345,
        299,
        402,
        458,
        290,
        469,
        292,
        495,
        249,
        444,
        80,
        495,
        279,
        436,
        0,
        243,
        164,
        490,
        284,
        535,
        202,
        324,
        80,
        499,
        518,
        94,
        161,
        543,
        63,
        483,
        287,
        452,
        266,
        338,
        135,
        222,
        415,
        448,
        301,
        373,
        186,
        358,
        477,
        339,
        338,
        386,
        169,
        385,
        48,
        469,
        337,
        293,
        218,
        513,
        360,
        207,
        376,
        350,
        253,
        92,
        367,
        483,
        469,
        393,
        516,
        394,
        147,
        491,
        289,
        98,
        268,
        250],
    [   221,
        84,
        370,
        141,
        42,
        186,
        204,
        350,
        225,
        100,
        285,
        269,
        85,
        259,
        121,
        260,
        243,
        283,
        226,
        297,
        90,
        365,
        243,
        0,
        105,
        248,
        105,
        333,
        77,
        223,
        238,
        276,
        295,
        231,
        122,
        348,
        207,
        341,
        147,
        214,
        90,
        109,
        213,
        127,
        194,
        261,
        125,
        370,
        100,
        157,
        253,
        182,
        203,
        184,
        162,
        154,
        227,
        248,
        101,
        100,
        48,
        271,
        171,
        169,
        133,
        196,
        111,
        232,
        283,
        309,
        290,
        292,
        288,
        292,
        132,
        281,
        61,
        166,
        143,
        90],
    [   326,
        178,
        476,
        115,
        134,
        220,
        252,
        424,
        301,
        198,
        364,
        296,
        126,
        305,
        128,
        364,
        272,
        377,
        181,
        400,
        182,
        430,
        164,
        105,
        0,
        335,
        119,
        437,
        39,
        292,
        192,
        381,
        400,
        192,
        18,
        451,
        112,
        430,
        224,
        294,
        175,
        214,
        196,
        176,
        251,
        361,
        137,
        409,
        22,
        194,
        359,
        181,
        283,
        221,
        172,
        224,
        135,
        305,
        206,
        195,
        113,
        370,
        269,
        199,
        234,
        284,
        91,
        192,
        349,
        407,
        389,
        365,
        394,
        365,
        128,
        386,
        166,
        128,
        112,
        86],
    [   133,
        251,
        244,
        275,
        207,
        175,
        140,
        438,
        344,
        240,
        377,
        199,
        213,
        146,
        236,
        130,
        439,
        320,
        473,
        259,
        255,
        472,
        490,
        248,
        335,
        0,
        234,
        270,
        296,
        362,
        484,
        184,
        192,
        476,
        346,
        292,
        447,
        378,
        304,
        47,
        269,
        185,
        450,
        335,
        122,
        267,
        228,
        530,
        319,
        179,
        174,
        243,
        322,
        168,
        392,
        116,
        469,
        112,
        173,
        248,
        284,
        80,
        245,
        382,
        126,
        297,
        270,
        477,
        409,
        311,
        293,
        398,
        171,
        396,
        374,
        224,
        217,
        413,
        282,
        261],
    [   264,
        185,
        420,
        48,
        89,
        100,
        132,
        452,
        327,
        196,
        386,
        179,
        29,
        185,
        15,
        296,
        346,
        374,
        295,
        368,
        190,
        469,
        284,
        105,
        119,
        234,
        0,
        400,
        83,
        328,
        306,
        328,
        346,
        304,
        124,
        418,
        230,
        434,
        251,
        188,
        193,
        179,
        298,
        231,
        134,
        342,
        20,
        475,
        98,
        74,
        307,
        77,
        305,
        101,
        257,
        117,
        252,
        186,
        162,
        198,
        151,
        286,
        259,
        270,
        166,
        294,
        36,
        304,
        388,
        393,
        372,
        395,
        333,
        394,
        219,
        346,
        148,
        237,
        54,
        33],
    [   148,
        263,
        82,
        449,
        319,
        403,
        383,
        231,
        218,
        242,
        200,
        457,
        371,
        409,
        412,
        139,
        354,
        121,
        479,
        40,
        260,
        275,
        535,
        333,
        437,
        270,
        400,
        0,
        411,
        245,
        488,
        85,
        78,
        473,
        455,
        22,
        521,
        147,
        250,
        296,
        271,
        226,
        431,
        314,
        361,
        89,
        409,
        374,
        434,
        390,
        101,
        452,
        212,
        396,
        375,
        324,
        538,
        375,
        240,
        246,
        330,
        195,
        175,
        343,
        238,
        191,
        426,
        475,
        252,
        81,
        80,
        225,
        100,
        222,
        388,
        54,
        272,
        437,
        454,
        407],
    [   292,
        159,
        445,
        90,
        98,
        184,
        214,
        417,
        292,
        176,
        354,
        262,
        87,
        268,
        94,
        330,
        281,
        359,
        212,
        374,
        163,
        427,
        202,
        77,
        39,
        296,
        83,
        411,
        0,
        286,
        223,
        351,
        369,
        221,
        51,
        425,
        152,
        415,
        213,
        255,
        160,
        185,
        219,
        175,
        213,
        339,
        103,
        416,
        24,
        157,
        328,
        151,
        272,
        185,
        185,
        185,
        174,
        266,
        174,
        175,
        101,
        334,
        248,
        206,
        198,
        269,
        61,
        221,
        345,
        386,
        367,
        358,
        361,
        358,
        143,
        358,
        139,
        155,
        89,
        50],
    [   248,
        145,
        321,
        364,
        243,
        391,
        395,
        132,
        27,
        141,
        77,
        471,
        304,
        444,
        343,
        281,
        108,
        130,
        254,
        208,
        139,
        141,
        324,
        223,
        292,
        362,
        328,
        245,
        286,
        0,
        261,
        252,
        266,
        245,
        309,
        246,
        333,
        159,
        77,
        354,
        134,
        186,
        199,
        116,
        378,
        158,
        346,
        168,
        301,
        365,
        239,
        404,
        41,
        387,
        155,
        330,
        343,
        421,
        206,
        135,
        185,
        331,
        118,
        117,
        246,
        68,
        333,
        247,
        60,
        174,
        166,
        74,
        277,
        74,
        187,
        222,
        186,
        229,
        366,
        313],
    [   427,
        248,
        551,
        307,
        280,
        406,
        433,
        376,
        285,
        267,
        337,
        485,
        304,
        488,
        317,
        468,
        174,
        387,
        11,
        448,
        247,
        362,
        80,
        238,
        192,
        484,
        306,
        488,
        223,
        261,
        0,
        463,
        482,
        16,
        196,
        494,
        128,
        420,
        238,
        452,
        232,
        314,
        62,
        176,
        428,
        399,
        326,
        293,
        214,
        378,
        443,
        373,
        281,
        406,
        113,
        391,
        122,
        482,
        318,
        260,
        200,
        495,
        317,
        147,
        362,
        298,
        282,
        14,
        297,
        429,
        417,
        325,
        484,
        326,
        112,
        449,
        270,
        71,
        304,
        273],
    [   65,
        220,
        94,
        377,
        254,
        321,
        299,
        280,
        226,
        199,
        232,
        372,
        299,
        323,
        339,
        54,
        355,
        158,
        453,
        78,
        219,
        321,
        499,
        276,
        381,
        184,
        328,
        85,
        351,
        252,
        463,
        0,
        19,
        450,
        398,
        107,
        476,
        206,
        229,
        210,
        233,
        167,
        411,
        288,
        277,
        105,
        334,
        405,
        375,
        310,
        22,
        374,
        212,
        314,
        352,
        242,
        495,
        289,
        176,
        205,
        283,
        112,
        148,
        325,
        162,
        186,
        358,
        452,
        278,
        135,
        121,
        256,
        25,
        254,
        355,
        43,
        216,
        403,
        382,
        340],
    [   81,
        239,
        75,
        394,
        272,
        335,
        311,
        288,
        240,
        218,
        242,
        383,
        317,
        334,
        356,
        62,
        371,
        166,
        471,
        80,
        238,
        329,
        518,
        295,
        400,
        192,
        346,
        78,
        369,
        266,
        482,
        19,
        0,
        468,
        417,
        100,
        495,
        210,
        247,
        221,
        251,
        186,
        429,
        306,
        290,
        115,
        351,
        416,
        394,
        325,
        41,
        390,
        227,
        328,
        370,
        257,
        514,
        299,
        195,
        224,
        302,
        116,
        165,
        343,
        179,
        201,
        375,
        470,
        289,
        139,
        127,
        267,
        21,
        265,
        374,
        49,
        235,
        422,
        400,
        358],
    [   415,
        236,
        537,
        307,
        273,
        403,
        429,
        359,
        269,
        255,
        320,
        483,
        300,
        484,
        315,
        455,
        157,
        372,
        15,
        433,
        235,
        346,
        94,
        231,
        192,
        476,
        304,
        473,
        221,
        245,
        16,
        450,
        468,
        0,
        198,
        479,
        137,
        404,
        224,
        444,
        220,
        303,
        46,
        162,
        422,
        384,
        324,
        278,
        214,
        374,
        430,
        372,
        265,
        403,
        98,
        385,
        133,
        477,
        308,
        248,
        191,
        484,
        303,
        131,
        352,
        283,
        281,
        2,
        281,
        413,
        401,
        309,
        470,
        310,
        101,
        435,
        260,
        66,
        305,
        271],
    [   342,
        196,
        493,
        112,
        149,
        224,
        257,
        442,
        319,
        216,
        382,
        297,
        135,
        309,
        131,
        380,
        287,
        395,
        186,
        418,
        200,
        448,
        161,
        122,
        18,
        346,
        124,
        455,
        51,
        309,
        196,
        398,
        417,
        198,
        0,
        469,
        105,
        449,
        242,
        304,
        194,
        231,
        206,
        193,
        258,
        379,
        141,
        424,
        27,
        198,
        376,
        179,
        302,
        226,
        186,
        234,
        127,
        311,
        222,
        213,
        132,
        385,
        287,
        214,
        249,
        302,
        92,
        198,
        367,
        425,
        407,
        383,
        410,
        383,
        142,
        404,
        183,
        136,
        109,
        91],
    [   169,
        275,
        95,
        466,
        335,
        424,
        404,
        220,
        218,
        254,
        194,
        478,
        388,
        431,
        430,
        161,
        354,
        117,
        485,
        51,
        272,
        263,
        543,
        348,
        451,
        292,
        418,
        22,
        425,
        246,
        494,
        107,
        100,
        479,
        469,
        0,
        532,
        133,
        257,
        317,
        282,
        242,
        435,
        321,
        382,
        95,
        427,
        366,
        449,
        410,
        122,
        472,
        215,
        417,
        381,
        345,
        548,
        397,
        257,
        258,
        342,
        217,
        185,
        348,
        257,
        196,
        443,
        481,
        247,
        74,
        79,
        218,
        122,
        216,
        396,
        74,
        286,
        445,
        471,
        424],
    [   426,
        259,
        570,
        213,
        242,
        328,
        362,
        462,
        350,
        280,
        410,
        399,
        239,
        414,
        236,
        466,
        275,
        442,
        123,
        482,
        261,
        457,
        63,
        207,
        112,
        447,
        230,
        521,
        152,
        333,
        128,
        476,
        495,
        137,
        105,
        532,
        0,
        487,
        282,
        407,
        250,
        310,
        168,
        220,
        363,
        438,
        246,
        407,
        132,
        304,
        454,
        280,
        338,
        331,
        181,
        337,
        22,
        416,
        306,
        275,
        193,
        478,
        347,
        218,
        340,
        347,
        197,
        136,
        382,
        478,
        462,
        405,
        492,
        406,
        146,
        474,
        261,
        107,
        208,
        196],
    [   244,
        257,
        228,
        478,
        345,
        469,
        460,
        87,
        137,
        241,
        84,
        538,
        406,
        499,
        449,
        257,
        257,
        62,
        413,
        129,
        252,
        130,
        483,
        341,
        430,
        378,
        434,
        147,
        415,
        159,
        420,
        206,
        210,
        404,
        449,
        133,
        487,
        0,
        208,
        390,
        255,
        258,
        358,
        267,
        439,
        110,
        448,
        238,
        435,
        448,
        208,
        502,
        149,
        463,
        314,
        394,
        499,
        468,
        278,
        241,
        317,
        316,
        175,
        276,
        300,
        146,
        450,
        406,
        133,
        71,
        85,
        102,
        230,
        100,
        342,
        163,
        286,
        386,
        482,
        430],
    [   206,
        68,
        313,
        288,
        166,
        315,
        321,
        204,
        78,
        67,
        140,
        396,
        227,
        372,
        266,
        245,
        136,
        159,
        229,
        209,
        62,
        218,
        287,
        147,
        224,
        304,
        251,
        250,
        213,
        77,
        238,
        229,
        247,
        224,
        242,
        257,
        282,
        208,
        0,
        289,
        57,
        119,
        182,
        64,
        305,
        161,
        269,
        236,
        231,
        289,
        211,
        327,
        59,
        311,
        125,
        257,
        296,
        351,
        136,
        61,
        112,
        285,
        81,
        96,
        180,
        64,
        258,
        226,
        137,
        196,
        182,
        145,
        252,
        145,
        140,
        211,
        111,
        188,
        290,
        237],
    [   150,
        231,
        280,
        229,
        172,
        129,
        96,
        442,
        339,
        223,
        379,
        162,
        169,
        113,
        190,
        159,
        422,
        329,
        440,
        279,
        235,
        474,
        452,
        214,
        294,
        47,
        188,
        296,
        255,
        354,
        452,
        210,
        221,
        444,
        304,
        317,
        407,
        390,
        289,
        0,
        248,
        170,
        422,
        312,
        76,
        279,
        182,
        523,
        276,
        132,
        195,
        196,
        316,
        122,
        366,
        71,
        429,
        79,
        153,
        230,
        254,
        119,
        241,
        360,
        109,
        293,
        225,
        446,
        405,
        326,
        307,
        398,
        201,
        396,
        344,
        246,
        192,
        380,
        236,
        217],
    [   194,
        17,
        324,
        231,
        110,
        260,
        269,
        260,
        134,
        34,
        195,
        342,
        169,
        322,
        209,
        235,
        175,
        201,
        222,
        232,
        15,
        275,
        266,
        90,
        175,
        269,
        193,
        271,
        160,
        134,
        232,
        233,
        251,
        220,
        194,
        282,
        250,
        255,
        57,
        248,
        0,
        85,
        187,
        65,
        254,
        189,
        211,
        289,
        179,
        233,
        212,
        269,
        113,
        257,
        126,
        207,
        266,
        302,
        96,
        27,
        62,
        265,
        97,
        113,
        142,
        109,
        201,
        222,
        194,
        232,
        215,
        202,
        252,
        202,
        122,
        225,
        58,
        170,
        233,
        181],
    [   116,
        68,
        262,
        226,
        93,
        213,
        211,
        290,
        175,
        54,
        223,
        289,
        150,
        258,
        193,
        156,
        254,
        196,
        303,
        191,
        70,
        315,
        338,
        109,
        214,
        185,
        179,
        226,
        185,
        186,
        314,
        167,
        186,
        303,
        231,
        242,
        310,
        258,
        119,
        170,
        85,
        0,
        272,
        151,
        193,
        162,
        191,
        354,
        209,
        191,
        145,
        243,
        151,
        208,
        211,
        145,
        330,
        234,
        20,
        62,
        119,
        181,
        85,
        197,
        60,
        131,
        202,
        305,
        241,
        213,
        193,
        238,
        181,
        237,
        202,
        173,
        49,
        248,
        231,
        182],
    [   380,
        204,
        496,
        309,
        254,
        394,
        416,
        314,
        223,
        221,
        274,
        476,
        290,
        472,
        311,
        420,
        113,
        327,
        57,
        391,
        202,
        301,
        135,
        213,
        196,
        450,
        298,
        431,
        219,
        199,
        62,
        411,
        429,
        46,
        206,
        435,
        168,
        358,
        182,
        422,
        187,
        272,
        0,
        124,
        408,
        341,
        318,
        239,
        217,
        365,
        392,
        371,
        221,
        393,
        60,
        367,
        169,
        461,
        279,
        213,
        168,
        452,
        263,
        87,
        324,
        239,
        281,
        48,
        235,
        369,
        357,
        263,
        433,
        264,
        80,
        394,
        233,
        70,
        307,
        268],
    [   256,
        83,
        375,
        260,
        160,
        312,
        325,
        249,
        130,
        98,
        192,
        395,
        213,
        379,
        246,
        296,
        116,
        222,
        166,
        273,
        80,
        254,
        222,
        127,
        176,
        335,
        231,
        314,
        175,
        116,
        176,
        288,
        306,
        162,
        193,
        321,
        220,
        267,
        64,
        312,
        65,
        151,
        124,
        0,
        313,
        226,
        251,
        243,
        188,
        283,
        268,
        309,
        118,
        309,
        64,
        267,
        233,
        363,
        161,
        90,
        80,
        330,
        141,
        47,
        208,
        128,
        229,
        164,
        173,
        261,
        246,
        191,
        309,
        191,
        76,
        273,
        120,
        124,
        261,
        210],
    [   213,
        239,
        354,
        166,
        154,
        53,
        21,
        481,
        368,
        238,
        415,
        98,
        125,
        67,
        131,
        229,
        428,
        377,
        416,
        340,
        244,
        508,
        415,
        194,
        251,
        122,
        134,
        361,
        213,
        378,
        428,
        277,
        290,
        422,
        258,
        382,
        363,
        439,
        305,
        76,
        254,
        193,
        408,
        313,
        0,
        331,
        121,
        542,
        231,
        64,
        260,
        123,
        344,
        47,
        356,
        48,
        385,
        54,
        172,
        244,
        241,
        195,
        275,
        359,
        140,
        324,
        169,
        423,
        434,
        381,
        361,
        431,
        271,
        430,
        327,
        308,
        196,
        356,
        172,
        167],
    [   134,
        183,
        163,
        389,
        255,
        365,
        352,
        176,
        131,
        163,
        127,
        430,
        313,
        389,
        356,
        150,
        266,
        54,
        390,
        50,
        180,
        216,
        448,
        261,
        361,
        267,
        342,
        89,
        339,
        158,
        399,
        105,
        115,
        384,
        379,
        95,
        438,
        110,
        161,
        279,
        189,
        162,
        341,
        226,
        331,
        0,
        354,
        301,
        361,
        346,
        101,
        404,
        123,
        359,
        286,
        288,
        454,
        358,
        181,
        166,
        250,
        209,
        92,
        253,
        194,
        101,
        363,
        386,
        174,
        51,
        30,
        151,
        131,
        149,
        301,
        67,
        201,
        349,
        393,
        343],
    [   269,
        202,
        424,
        47,
        104,
        83,
        117,
        469,
        344,
        212,
        402,
        159,
        42,
        168,
        9,
        299,
        366,
        387,
        315,
        378,
        208,
        487,
        301,
        125,
        137,
        228,
        20,
        409,
        103,
        346,
        326,
        334,
        351,
        324,
        141,
        427,
        246,
        448,
        269,
        182,
        211,
        191,
        318,
        251,
        121,
        354,
        0,
        495,
        115,
        58,
        313,
        57,
        322,
        85,
        277,
        111,
        268,
        172,
        173,
        214,
        171,
        285,
        273,
        291,
        172,
        310,
        49,
        324,
        406,
        404,
        384,
        412,
        338,
        411,
        239,
        354,
        164,
        257,
        54,
        52],
    [   412,
        303,
        456,
        503,
        398,
        550,
        558,
        153,
        186,
        304,
        174,
        632,
        455,
        609,
        490,
        442,
        137,
        253,
        292,
        344,
        298,
        114,
        373,
        370,
        409,
        530,
        475,
        374,
        416,
        168,
        293,
        405,
        416,
        278,
        424,
        366,
        407,
        238,
        236,
        523,
        289,
        354,
        239,
        243,
        542,
        301,
        495,
        0,
        425,
        522,
        396,
        552,
        208,
        546,
        238,
        494,
        408,
        587,
        372,
        298,
        324,
        495,
        286,
        210,
        414,
        233,
        472,
        280,
        127,
        292,
        295,
        150,
        431,
        152,
        282,
        368,
        346,
        303,
        504,
        454],
    [   317,
        180,
        470,
        93,
        123,
        198,
        231,
        433,
        309,
        198,
        371,
        273,
        107,
        283,
        106,
        355,
        289,
        380,
        204,
        398,
        184,
        442,
        186,
        100,
        22,
        319,
        98,
        434,
        24,
        301,
        214,
        375,
        394,
        214,
        27,
        449,
        132,
        435,
        231,
        276,
        179,
        209,
        217,
        188,
        231,
        361,
        115,
        425,
        0,
        172,
        353,
        158,
        290,
        200,
        190,
        206,
        154,
        284,
        198,
        196,
        118,
        358,
        269,
        214,
        223,
        288,
        68,
        214,
        360,
        408,
        389,
        375,
        386,
        374,
        146,
        382,
        162,
        150,
        90,
        64],
    [   244,
        220,
        394,
        102,
        123,
        28,
        58,
        479,
        359,
        224,
        413,
        112,
        74,
        111,
        68,
        268,
        400,
        386,
        367,
        363,
        226,
        502,
        358,
        157,
        194,
        179,
        74,
        390,
        157,
        365,
        378,
        310,
        325,
        374,
        198,
        410,
        304,
        448,
        289,
        132,
        233,
        191,
        365,
        283,
        64,
        346,
        58,
        522,
        172,
        0,
        290,
        66,
        335,
        28,
        318,
        69,
        326,
        113,
        170,
        229,
        205,
        244,
        276,
        327,
        153,
        320,
        107,
        375,
        423,
        397,
        377,
        426,
        309,
        424,
        284,
        335,
        178,
        307,
        108,
        108],
    [   46,
        198,
        117,
        355,
        231,
        302,
        281,
        278,
        214,
        178,
        226,
        356,
        277,
        309,
        317,
        49,
        340,
        155,
        433,
        85,
        198,
        317,
        477,
        253,
        359,
        174,
        307,
        101,
        328,
        239,
        443,
        22,
        41,
        430,
        376,
        122,
        454,
        208,
        211,
        195,
        212,
        145,
        392,
        268,
        260,
        101,
        313,
        396,
        353,
        290,
        0,
        354,
        198,
        295,
        332,
        223,
        473,
        275,
        154,
        184,
        261,
        108,
        130,
        307,
        141,
        172,
        336,
        432,
        269,
        138,
        122,
        249,
        40,
        247,
        334,
        50,
        194,
        383,
        361,
        318],
    [   308,
        259,
        460,
        66,
        161,
        69,
        109,
        525,
        401,
        268,
        459,
        120,
        99,
        146,
        62,
        334,
        423,
        440,
        362,
        424,
        265,
        544,
        339,
        182,
        181,
        243,
        77,
        452,
        151,
        404,
        373,
        374,
        390,
        372,
        179,
        472,
        280,
        502,
        327,
        196,
        269,
        243,
        371,
        309,
        123,
        404,
        57,
        552,
        158,
        66,
        354,
        0,
        379,
        76,
        332,
        135,
        301,
        161,
        224,
        271,
        228,
        310,
        327,
        348,
        214,
        366,
        90,
        372,
        463,
        455,
        434,
        469,
        374,
        468,
        293,
        398,
        220,
        306,
        71,
        103],
    [   207,
        120,
        285,
        344,
        217,
        360,
        361,
        147,
        23,
        111,
        81,
        439,
        279,
        409,
        320,
        240,
        144,
        106,
        273,
        173,
        114,
        166,
        338,
        203,
        283,
        322,
        305,
        212,
        272,
        41,
        281,
        212,
        227,
        265,
        302,
        215,
        338,
        149,
        59,
        316,
        113,
        151,
        221,
        118,
        344,
        123,
        322,
        208,
        290,
        335,
        198,
        379,
        0,
        356,
        170,
        296,
        351,
        385,
        171,
        107,
        172,
        289,
        77,
        134,
        209,
        26,
        314,
        268,
        90,
        147,
        136,
        90,
        237,
        89,
        193,
        184,
        158,
        240,
        347,
        294],
    [   248,
        243,
        395,
        124,
        148,
        7,
        34,
        498,
        379,
        246,
        431,
        86,
        102,
        83,
        94,
        269,
        425,
        401,
        395,
        372,
        248,
        522,
        386,
        184,
        221,
        168,
        101,
        396,
        185,
        387,
        406,
        314,
        328,
        403,
        226,
        417,
        331,
        463,
        311,
        122,
        257,
        208,
        393,
        309,
        47,
        359,
        85,
        546,
        200,
        28,
        295,
        76,
        356,
        0,
        346,
        72,
        353,
        89,
        187,
        251,
        232,
        239,
        293,
        353,
        164,
        339,
        134,
        403,
        445,
        409,
        389,
        445,
        311,
        444,
        312,
        343,
        200,
        336,
        131,
        135],
    [   320,
        143,
        438,
        275,
        202,
        347,
        366,
        281,
        176,
        160,
        233,
        431,
        244,
        422,
        271,
        360,
        101,
        276,
        104,
        335,
        141,
        276,
        169,
        162,
        172,
        392,
        257,
        375,
        185,
        155,
        113,
        352,
        370,
        98,
        186,
        381,
        181,
        314,
        125,
        366,
        126,
        211,
        60,
        64,
        356,
        286,
        277,
        238,
        190,
        318,
        332,
        332,
        170,
        346,
        0,
        314,
        189,
        409,
        220,
        152,
        115,
        392,
        205,
        38,
        265,
        185,
        245,
        101,
        201,
        317,
        304,
        226,
        373,
        226,
        43,
        336,
        174,
        74,
        275,
        229],
    [   177,
        191,
        325,
        159,
        112,
        78,
        66,
        434,
        320,
        190,
        368,
        144,
        98,
        114,
        120,
        199,
        382,
        332,
        379,
        300,
        197,
        461,
        385,
        154,
        224,
        116,
        117,
        324,
        185,
        330,
        391,
        242,
        257,
        385,
        234,
        345,
        337,
        394,
        257,
        71,
        207,
        145,
        367,
        267,
        48,
        288,
        111,
        494,
        206,
        69,
        223,
        135,
        296,
        72,
        314,
        0,
        360,
        95,
        124,
        196,
        199,
        176,
        228,
        314,
        94,
        276,
        154,
        386,
        386,
        338,
        318,
        383,
        241,
        382,
        287,
        270,
        149,
        319,
        165,
        145],
    [   446,
        276,
        588,
        235,
        263,
        351,
        385,
        470,
        362,
        298,
        421,
        421,
        262,
        436,
        258,
        486,
        279,
        456,
        118,
        499,
        278,
        464,
        48,
        227,
        135,
        469,
        252,
        538,
        174,
        343,
        122,
        495,
        514,
        133,
        127,
        548,
        22,
        499,
        296,
        429,
        266,
        330,
        169,
        233,
        385,
        454,
        268,
        408,
        154,
        326,
        473,
        301,
        351,
        353,
        189,
        360,
        0,
        438,
        326,
        292,
        211,
        499,
        363,
        227,
        361,
        361,
        219,
        132,
        391,
        493,
        477,
        415,
        511,
        415,
        157,
        491,
        280,
        114,
        230,
        218],
    [   230,
        286,
        356,
        213,
        207,
        93,
        54,
        517,
        408,
        283,
        452,
        88,
        179,
        34,
        182,
        237,
        477,
        407,
        470,
        359,
        291,
        546,
        469,
        248,
        305,
        112,
        186,
        375,
        266,
        421,
        482,
        289,
        299,
        477,
        311,
        397,
        416,
        468,
        351,
        79,
        302,
        234,
        461,
        363,
        54,
        358,
        172,
        587,
        284,
        113,
        275,
        161,
        385,
        89,
        409,
        95,
        438,
        0,
        215,
        289,
        294,
        192,
        312,
        410,
        176,
        363,
        221,
        477,
        475,
        406,
        386,
        469,
        279,
        468,
        380,
        326,
        244,
        410,
        220,
        219],
    [   120,
        78,
        271,
        209,
        78,
        193,
        190,
        310,
        195,
        69,
        244,
        268,
        132,
        238,
        175,
        159,
        269,
        216,
        307,
        207,
        82,
        336,
        337,
        101,
        206,
        173,
        162,
        240,
        174,
        206,
        318,
        176,
        195,
        308,
        222,
        257,
        306,
        278,
        136,
        153,
        96,
        20,
        279,
        161,
        172,
        181,
        173,
        372,
        198,
        170,
        154,
        224,
        171,
        187,
        220,
        124,
        326,
        215,
        0,
        76,
        120,
        177,
        106,
        209,
        46,
        152,
        186,
        309,
        261,
        231,
        211,
        259,
        188,
        257,
        206,
        186,
        48,
        250,
        214,
        167],
    [   167,
        17,
        297,
        239,
        110,
        255,
        260,
        254,
        130,
        7,
        188,
        335,
        172,
        311,
        213,
        207,
        192,
        183,
        249,
        207,
        14,
        273,
        293,
        100,
        195,
        248,
        198,
        246,
        175,
        135,
        260,
        205,
        224,
        248,
        213,
        258,
        275,
        241,
        61,
        230,
        27,
        62,
        213,
        90,
        244,
        166,
        214,
        298,
        196,
        229,
        184,
        271,
        107,
        251,
        152,
        196,
        292,
        289,
        76,
        0,
        84,
        240,
        73,
        135,
        122,
        96,
        210,
        249,
        194,
        211,
        193,
        198,
        224,
        197,
        150,
        199,
        51,
        198,
        242,
        189],
    [   236,
        67,
        377,
        181,
        87,
        234,
        252,
        316,
        191,
        87,
        253,
        318,
        133,
        307,
        166,
        276,
        195,
        263,
        188,
        291,
        70,
        327,
        218,
        48,
        113,
        284,
        151,
        330,
        101,
        185,
        200,
        283,
        302,
        191,
        132,
        342,
        193,
        317,
        112,
        254,
        62,
        119,
        168,
        80,
        241,
        250,
        171,
        324,
        118,
        205,
        261,
        228,
        172,
        232,
        115,
        199,
        211,
        294,
        120,
        84,
        0,
        297,
        157,
        121,
        161,
        170,
        150,
        192,
        245,
        294,
        276,
        257,
        299,
        257,
        90,
        281,
        72,
        130,
        182,
        130],
    [   82,
        248,
        164,
        332,
        236,
        247,
        215,
        385,
        309,
        232,
        330,
        279,
        260,
        227,
        292,
        59,
        421,
        263,
        484,
        190,
        250,
        423,
        513,
        271,
        370,
        80,
        286,
        195,
        334,
        331,
        495,
        112,
        116,
        484,
        385,
        217,
        478,
        316,
        285,
        119,
        265,
        181,
        452,
        330,
        195,
        209,
        285,
        495,
        358,
        244,
        108,
        310,
        289,
        239,
        392,
        176,
        499,
        192,
        177,
        240,
        297,
        0,
        213,
        375,
        138,
        263,
        321,
        486,
        369,
        246,
        231,
        353,
        94,
        351,
        383,
        155,
        225,
        427,
        338,
        307],
    [   131,
        90,
        233,
        304,
        170,
        299,
        294,
        205,
        99,
        71,
        140,
        373,
        231,
        339,
        274,
        166,
        211,
        114,
        308,
        135,
        87,
        234,
        360,
        171,
        269,
        245,
        259,
        175,
        248,
        118,
        317,
        148,
        165,
        303,
        287,
        185,
        347,
        175,
        81,
        241,
        97,
        85,
        263,
        141,
        275,
        92,
        273,
        286,
        269,
        276,
        130,
        327,
        77,
        293,
        205,
        228,
        363,
        312,
        106,
        73,
        157,
        213,
        0,
        177,
        136,
        52,
        277,
        306,
        164,
        138,
        119,
        157,
        171,
        155,
        213,
        132,
        112,
        262,
        308,
        256],
    [   299,
        130,
        409,
        295,
        205,
        355,
        371,
        243,
        139,
        143,
        195,
        439,
        254,
        425,
        285,
        338,
        75,
        240,
        139,
        303,
        127,
        240,
        207,
        169,
        199,
        382,
        270,
        343,
        206,
        117,
        147,
        325,
        343,
        131,
        214,
        348,
        218,
        276,
        96,
        360,
        113,
        197,
        87,
        47,
        359,
        253,
        291,
        210,
        214,
        327,
        307,
        348,
        134,
        353,
        38,
        314,
        227,
        410,
        209,
        135,
        121,
        375,
        177,
        0,
        255,
        152,
        264,
        133,
        164,
        282,
        270,
        187,
        348,
        188,
        75,
        307,
        167,
        112,
        295,
        246],
    [   98,
        124,
        254,
        214,
        100,
        171,
        160,
        341,
        232,
        114,
        276,
        239,
        137,
        203,
        176,
        132,
        314,
        237,
        350,
        210,
        128,
        370,
        376,
        133,
        234,
        126,
        166,
        238,
        198,
        246,
        362,
        162,
        179,
        352,
        249,
        257,
        340,
        300,
        180,
        109,
        142,
        60,
        324,
        208,
        140,
        194,
        172,
        414,
        223,
        153,
        141,
        214,
        209,
        164,
        265,
        94,
        361,
        176,
        46,
        122,
        161,
        138,
        136,
        255,
        0,
        187,
        196,
        353,
        298,
        244,
        224,
        293,
        168,
        292,
        250,
        183,
        91,
        292,
        220,
        180],
    [   180,
        111,
        261,
        336,
        206,
        344,
        343,
        159,
        47,
        98,
        92,
        420,
        267,
        389,
        309,
        213,
        169,
        95,
        289,
        151,
        106,
        184,
        350,
        196,
        284,
        297,
        294,
        191,
        269,
        68,
        298,
        186,
        201,
        283,
        302,
        196,
        347,
        146,
        64,
        293,
        109,
        131,
        239,
        128,
        324,
        101,
        310,
        233,
        288,
        320,
        172,
        366,
        26,
        339,
        185,
        276,
        361,
        363,
        152,
        96,
        170,
        263,
        52,
        152,
        187,
        0,
        307,
        285,
        112,
        132,
        119,
        106,
        211,
        105,
        204,
        159,
        146,
        252,
        339,
        286],
    [   295,
        195,
        450,
        31,
        108,
        131,
        166,
        461,
        336,
        209,
        396,
        205,
        60,
        217,
        39,
        328,
        339,
        391,
        272,
        393,
        201,
        475,
        253,
        111,
        91,
        270,
        36,
        426,
        61,
        333,
        282,
        358,
        375,
        281,
        92,
        443,
        197,
        450,
        258,
        225,
        201,
        202,
        281,
        229,
        169,
        363,
        49,
        472,
        68,
        107,
        336,
        90,
        314,
        134,
        245,
        154,
        219,
        221,
        186,
        210,
        150,
        321,
        277,
        264,
        196,
        307,
        0,
        282,
        394,
        413,
        393,
        403,
        364,
        403,
        204,
        372,
        164,
        216,
        32,
        20],
    [   417,
        238,
        539,
        308,
        274,
        403,
        429,
        362,
        271,
        257,
        323,
        484,
        301,
        485,
        316,
        457,
        160,
        374,
        13,
        435,
        237,
        348,
        92,
        232,
        192,
        477,
        304,
        475,
        221,
        247,
        14,
        452,
        470,
        2,
        198,
        481,
        136,
        406,
        226,
        446,
        222,
        305,
        48,
        164,
        423,
        386,
        324,
        280,
        214,
        375,
        432,
        372,
        268,
        403,
        101,
        386,
        132,
        477,
        309,
        249,
        192,
        486,
        306,
        133,
        353,
        285,
        282,
        0,
        283,
        416,
        404,
        311,
        472,
        312,
        103,
        437,
        262,
        67,
        305,
        272],
    [   286,
        204,
        333,
        424,
        303,
        449,
        451,
        79,
        66,
        199,
        52,
        528,
        364,
        500,
        403,
        315,
        127,
        130,
        292,
        219,
        198,
        81,
        367,
        283,
        349,
        409,
        388,
        252,
        345,
        60,
        297,
        278,
        289,
        281,
        367,
        247,
        382,
        133,
        137,
        405,
        194,
        241,
        235,
        173,
        434,
        174,
        406,
        127,
        360,
        423,
        269,
        463,
        90,
        445,
        201,
        386,
        391,
        475,
        261,
        194,
        245,
        369,
        164,
        164,
        298,
        112,
        394,
        283,
        0,
        172,
        172,
        31,
        303,
        32,
        238,
        241,
        245,
        276,
        426,
        374],
    [   178,
        228,
        164,
        439,
        305,
        416,
        402,
        151,
        147,
        209,
        120,
        480,
        363,
        437,
        406,
        187,
        282,
        43,
        421,
        58,
        224,
        194,
        483,
        309,
        407,
        311,
        393,
        81,
        386,
        174,
        429,
        135,
        139,
        413,
        425,
        74,
        478,
        71,
        196,
        326,
        232,
        213,
        369,
        261,
        381,
        51,
        404,
        292,
        408,
        397,
        138,
        455,
        147,
        409,
        317,
        338,
        493,
        406,
        231,
        211,
        294,
        246,
        138,
        282,
        244,
        132,
        413,
        416,
        172,
        0,
        20,
        144,
        159,
        142,
        337,
        92,
        250,
        385,
        443,
        393],
    [   159,
        210,
        161,
        419,
        285,
        395,
        382,
        160,
        139,
        191,
        121,
        460,
        343,
        418,
        386,
        171,
        275,
        41,
        408,
        49,
        206,
        202,
        469,
        290,
        389,
        293,
        372,
        80,
        367,
        166,
        417,
        121,
        127,
        401,
        407,
        79,
        462,
        85,
        182,
        307,
        215,
        193,
        357,
        246,
        361,
        30,
        384,
        295,
        389,
        377,
        122,
        434,
        136,
        389,
        304,
        318,
        477,
        386,
        211,
        193,
        276,
        231,
        119,
        270,
        224,
        119,
        393,
        404,
        172,
        20,
        0,
        145,
        146,
        143,
        322,
        78,
        230,
        370,
        423,
        373],
    [   271,
        210,
        306,
        434,
        308,
        450,
        450,
        58,
        67,
        201,
        24,
        527,
        370,
        496,
        411,
        297,
        157,
        103,
        319,
        194,
        204,
        77,
        393,
        292,
        365,
        398,
        395,
        225,
        358,
        74,
        325,
        256,
        267,
        309,
        383,
        218,
        405,
        102,
        145,
        398,
        202,
        238,
        263,
        191,
        431,
        151,
        412,
        150,
        375,
        426,
        249,
        469,
        90,
        445,
        226,
        383,
        415,
        469,
        259,
        198,
        257,
        353,
        157,
        187,
        293,
        106,
        403,
        311,
        31,
        144,
        145,
        0,
        282,
        2,
        260,
        218,
        249,
        300,
        436,
        383],
    [   69,
        238,
        86,
        382,
        263,
        318,
        293,
        306,
        252,
        217,
        258,
        364,
        305,
        314,
        343,
        42,
        379,
        183,
        473,
        100,
        237,
        346,
        516,
        288,
        394,
        171,
        333,
        100,
        361,
        277,
        484,
        25,
        21,
        470,
        410,
        122,
        492,
        230,
        252,
        201,
        252,
        181,
        433,
        309,
        271,
        131,
        338,
        431,
        386,
        309,
        40,
        374,
        237,
        311,
        373,
        241,
        511,
        279,
        188,
        224,
        299,
        94,
        171,
        348,
        168,
        211,
        364,
        472,
        303,
        159,
        146,
        282,
        0,
        280,
        374,
        67,
        230,
        422,
        388,
        347],
    [   269,
        209,
        304,
        433,
        307,
        449,
        448,
        59,
        67,
        200,
        22,
        526,
        369,
        494,
        410,
        295,
        158,
        101,
        320,
        192,
        203,
        78,
        394,
        292,
        365,
        396,
        394,
        222,
        358,
        74,
        326,
        254,
        265,
        310,
        383,
        216,
        406,
        100,
        145,
        396,
        202,
        237,
        264,
        191,
        430,
        149,
        411,
        152,
        374,
        424,
        247,
        468,
        89,
        444,
        226,
        382,
        415,
        468,
        257,
        197,
        257,
        351,
        155,
        188,
        292,
        105,
        403,
        312,
        32,
        142,
        143,
        2,
        280,
        0,
        260,
        216,
        248,
        301,
        435,
        383],
    [   316,
        137,
        445,
        234,
        174,
        313,
        335,
        317,
        204,
        157,
        264,
        396,
        209,
        391,
        232,
        357,
        144,
        299,
        100,
        348,
        137,
        315,
        147,
        132,
        128,
        374,
        219,
        388,
        143,
        187,
        112,
        355,
        374,
        101,
        142,
        396,
        146,
        342,
        140,
        344,
        122,
        202,
        80,
        76,
        327,
        301,
        239,
        282,
        146,
        284,
        334,
        293,
        193,
        312,
        43,
        287,
        157,
        380,
        206,
        150,
        90,
        383,
        213,
        75,
        250,
        204,
        204,
        103,
        238,
        337,
        322,
        260,
        374,
        260,
        0,
        345,
        158,
        48,
        233,
        190],
    [   96,
        215,
        102,
        394,
        265,
        349,
        330,
        239,
        195,
        194,
        193,
        405,
        316,
        359,
        357,
        96,
        328,
        117,
        439,
        35,
        213,
        280,
        491,
        281,
        386,
        224,
        346,
        54,
        358,
        222,
        449,
        43,
        49,
        435,
        404,
        74,
        474,
        163,
        211,
        246,
        225,
        173,
        394,
        273,
        308,
        67,
        354,
        368,
        382,
        335,
        50,
        398,
        184,
        343,
        336,
        270,
        491,
        326,
        186,
        199,
        281,
        155,
        132,
        307,
        183,
        159,
        372,
        437,
        241,
        92,
        78,
        218,
        67,
        216,
        345,
        0,
        220,
        394,
        399,
        353],
    [   165,
        42,
        311,
        192,
        59,
        204,
        211,
        305,
        182,
        47,
        238,
        285,
        121,
        263,
        163,
        205,
        233,
        226,
        259,
        235,
        48,
        325,
        289,
        61,
        166,
        217,
        148,
        272,
        139,
        186,
        270,
        216,
        235,
        260,
        183,
        286,
        261,
        286,
        111,
        192,
        58,
        49,
        233,
        120,
        196,
        201,
        164,
        346,
        162,
        178,
        194,
        220,
        158,
        200,
        174,
        149,
        280,
        244,
        48,
        51,
        72,
        225,
        112,
        167,
        91,
        146,
        164,
        262,
        245,
        250,
        230,
        249,
        230,
        248,
        158,
        220,
        0,
        202,
        195,
        144],
    [   363,
        184,
        494,
        243,
        208,
        336,
        362,
        356,
        248,
        204,
        307,
        416,
        233,
        417,
        249,
        403,
        168,
        346,
        60,
        396,
        184,
        350,
        98,
        166,
        128,
        413,
        237,
        437,
        155,
        229,
        71,
        403,
        422,
        66,
        136,
        445,
        107,
        386,
        188,
        380,
        170,
        248,
        70,
        124,
        356,
        349,
        257,
        303,
        150,
        307,
        383,
        306,
        240,
        336,
        74,
        319,
        114,
        410,
        250,
        198,
        130,
        427,
        262,
        112,
        292,
        252,
        216,
        67,
        276,
        385,
        370,
        300,
        422,
        301,
        48,
        394,
        202,
        0,
        240,
        205],
    [   318,
        227,
        474,
        6,
        138,
        127,
        165,
        494,
        368,
        241,
        429,
        191,
        83,
        211,
        46,
        350,
        370,
        422,
        294,
        421,
        233,
        508,
        268,
        143,
        112,
        282,
        54,
        454,
        89,
        366,
        304,
        382,
        400,
        305,
        109,
        471,
        208,
        482,
        290,
        236,
        233,
        231,
        307,
        261,
        172,
        393,
        54,
        504,
        90,
        108,
        361,
        71,
        347,
        131,
        275,
        165,
        230,
        220,
        214,
        242,
        182,
        338,
        308,
        295,
        220,
        339,
        32,
        305,
        426,
        443,
        423,
        436,
        388,
        435,
        233,
        399,
        195,
        240,
        0,
        52],
    [   278,
        175,
        433,
        50,
        88,
        134,
        166,
        441,
        316,
        189,
        376,
        212,
        47,
        219,
        43,
        312,
        322,
        371,
        262,
        374,
        180,
        455,
        250,
        90,
        86,
        261,
        33,
        407,
        50,
        313,
        273,
        340,
        358,
        271,
        91,
        424,
        196,
        430,
        237,
        217,
        181,
        182,
        268,
        210,
        167,
        343,
        52,
        454,
        64,
        108,
        318,
        103,
        294,
        135,
        229,
        145,
        218,
        219,
        167,
        189,
        130,
        307,
        256,
        246,
        180,
        286,
        20,
        272,
        374,
        393,
        373,
        383,
        347,
        383,
        190,
        353,
        144,
        205,
        52,
        0]]
;
task=[   92,
    156,
    119,
    159,
    22,
    180,
    192,
    165,
    111,
    0,
    265,
    21,
    381,
    5,
    75,
    266,
    62,
    285,
    200,
    46,
    132,
    59,
    56,
    339,
    219,
    225,
    174,
    151,
    104,
    256,
    125,
    234,
    62,
    10,
    231,
    177,
    9,
    190,
    456,
    264,
    21,
    263,
    42,
    81,
    65,
    393,
    71,
    84,
    16,
    253,
    8,
    39,
    325,
    58,
    196,
    44,
    22,
    78,
    333,
    267,
    364,
    15,
    437,
    121,
    209,
    81,
    194,
    115,
    126,
    26,
    51,
    310,
    52,
    133,
    92,
    288,
    128,
    201,
    37,
    125]
;
minW=[   129,
    7,
    84,
    0,
    85,
    141,
    218,
    93,
    77,
    0,
    77,
    88,
    142,
    236,
    198,
    55,
    110,
    125,
    243,
    128,
    8,
    63,
    60,
    20,
    118,
    127,
    120,
    167,
    38,
    80,
    184,
    12,
    215,
    7,
    121,
    60,
    208,
    164,
    36,
    55,
    14,
    24,
    152,
    75,
    105,
    96,
    36,
    46,
    111,
    2,
    150,
    109,
    32,
    137,
    53,
    106,
    278,
    104,
    3,
    1,
    49,
    160,
    40,
    92,
    93,
    16,
    12,
    79,
    103,
    79,
    122,
    99,
    147,
    44,
    79,
    10,
    8,
    0,
    227,
    82]
;
maxW=[   526,
    445,
    488,
    394,
    336,
    631,
    502,
    645,
    576,
    720,
    565,
    420,
    503,
    552,
    635,
    285,
    263,
    443,
    616,
    324,
    51,
    712,
    483,
    254,
    683,
    584,
    402,
    432,
    421,
    427,
    666,
    544,
    685,
    520,
    580,
    448,
    304,
    273,
    361,
    545,
    305,
    268,
    520,
    560,
    262,
    429,
    645,
    439,
    433,
    306,
    207,
    466,
    349,
    429,
    387,
    353,
    502,
    294,
    458,
    122,
    458,
    684,
    291,
    499,
    596,
    160,
    438,
    556,
    316,
    408,
    422,
    305,
    518,
    534,
    277,
    454,
    90,
    533,
    369,
    578]
;