// Generated by InstanceGenerator.py v0.1
// Juan Francisco Martinez Vera
// AMMM - MIRI, FIB UPC
//
// RAND_SEED=1484822142

bigM=100000;

nLocations=50;
startLocation=9;
distances=[   [   0,
        302,
        248,
        37,
        201,
        225,
        260,
        182,
        14,
        129,
        200,
        310,
        273,
        100,
        47,
        202,
        67,
        100,
        102,
        272,
        130,
        139,
        281,
        245,
        186,
        68,
        55,
        241,
        27,
        260,
        170,
        237,
        207,
        93,
        192,
        294,
        223,
        212,
        253,
        141,
        170,
        100,
        244,
        296,
        289,
        128,
        116,
        229,
        185,
        274],
    [   302,
        0,
        123,
        267,
        446,
        518,
        555,
        215,
        288,
        384,
        473,
        99,
        573,
        201,
        302,
        262,
        253,
        382,
        326,
        116,
        428,
        203,
        407,
        95,
        431,
        334,
        294,
        214,
        291,
        499,
        323,
        237,
        94,
        225,
        194,
        15,
        511,
        140,
        236,
        167,
        133,
        402,
        169,
        590,
        147,
        176,
        394,
        479,
        292,
        34],
    [   248,
        123,
        0,
        211,
        432,
        473,
        475,
        103,
        236,
        293,
        382,
        209,
        500,
        159,
        268,
        299,
        185,
        304,
        235,
        205,
        358,
        211,
        440,
        168,
        416,
        256,
        264,
        275,
        249,
        490,
        336,
        114,
        105,
        156,
        81,
        108,
        472,
        191,
        299,
        160,
        130,
        344,
        45,
        508,
        239,
        157,
        312,
        463,
        316,
        128],
    [   37,
        267,
        211,
        0,
        233,
        262,
        290,
        148,
        26,
        140,
        220,
        283,
        306,
        65,
        68,
        199,
        33,
        121,
        98,
        247,
        161,
        122,
        296,
        217,
        217,
        78,
        71,
        229,
        45,
        292,
        183,
        205,
        173,
        56,
        157,
        258,
        261,
        188,
        244,
        112,
        138,
        136,
        208,
        326,
        267,
        98,
        136,
        262,
        189,
        241],
    [   201,
        446,
        432,
        233,
        0,
        131,
        285,
        382,
        207,
        283,
        298,
        411,
        266,
        272,
        166,
        216,
        266,
        238,
        289,
        368,
        206,
        243,
        164,
        361,
        16,
        245,
        167,
        283,
        188,
        59,
        137,
        438,
        358,
        287,
        389,
        444,
        110,
        315,
        277,
        283,
        319,
        161,
        437,
        314,
        366,
        279,
        249,
        32,
        178,
        412],
    [   225,
        518,
        473,
        262,
        131,
        0,
        167,
        398,
        237,
        240,
        215,
        505,
        140,
        321,
        216,
        328,
        289,
        200,
        272,
        462,
        146,
        325,
        295,
        446,
        135,
        233,
        224,
        392,
        228,
        146,
        252,
        447,
        424,
        317,
        412,
        513,
        23,
        404,
        391,
        351,
        385,
        132,
        466,
        191,
        468,
        342,
        204,
        121,
        292,
        488],
    [   260,
        555,
        475,
        290,
        285,
        167,
        0,
        379,
        274,
        183,
        103,
        571,
        42,
        356,
        282,
        435,
        301,
        173,
        240,
        533,
        130,
        396,
        444,
        506,
        282,
        221,
        293,
        489,
        280,
        312,
        371,
        410,
        462,
        330,
        398,
        545,
        189,
        473,
        496,
        402,
        429,
        172,
        453,
        36,
        548,
        388,
        162,
        284,
        405,
        531],
    [   182,
        215,
        103,
        148,
        382,
        398,
        379,
        0,
        174,
        195,
        282,
        281,
        407,
        127,
        216,
        303,
        115,
        212,
        139,
        264,
        269,
        208,
        428,
        224,
        366,
        168,
        217,
        301,
        193,
        441,
        315,
        58,
        154,
        96,
        22,
        200,
        400,
        227,
        323,
        162,
        151,
        266,
        73,
        410,
        295,
        150,
        218,
        411,
        308,
        208],
    [   14,
        288,
        236,
        26,
        207,
        237,
        274,
        174,
        0,
        139,
        212,
        296,
        287,
        86,
        46,
        193,
        58,
        112,
        107,
        258,
        145,
        126,
        278,
        231,
        192,
        76,
        52,
        230,
        23,
        267,
        167,
        230,
        193,
        82,
        183,
        280,
        235,
        199,
        243,
        127,
        156,
        114,
        234,
        310,
        276,
        114,
        128,
        236,
        178,
        260],
    [   129,
        384,
        293,
        140,
        283,
        240,
        183,
        195,
        139,
        0,
        89,
        417,
        213,
        197,
        173,
        332,
        136,
        45,
        58,
        384,
        94,
        262,
        399,
        351,
        271,
        62,
        183,
        368,
        157,
        336,
        295,
        227,
        296,
        161,
        215,
        372,
        251,
        327,
        382,
        249,
        268,
        123,
        269,
        214,
        406,
        233,
        36,
        302,
        314,
        364],
    [   200,
        473,
        382,
        220,
        298,
        215,
        103,
        282,
        212,
        89,
        0,
        502,
        141,
        282,
        235,
        397,
        222,
        99,
        148,
        467,
        93,
        338,
        439,
        436,
        290,
        143,
        246,
        441,
        225,
        341,
        347,
        309,
        384,
        249,
        303,
        462,
        233,
        409,
        452,
        333,
        355,
        144,
        356,
        129,
        487,
        317,
        84,
        308,
        373,
        453],
    [   310,
        99,
        209,
        283,
        411,
        505,
        571,
        281,
        296,
        417,
        502,
        0,
        582,
        220,
        295,
        203,
        280,
        404,
        363,
        43,
        441,
        181,
        340,
        65,
        398,
        359,
        285,
        141,
        292,
        458,
        277,
        317,
        128,
        257,
        263,
        113,
        494,
        101,
        160,
        170,
        148,
        405,
        253,
        607,
        56,
        185,
        419,
        443,
        239,
        80],
    [   273,
        573,
        500,
        306,
        266,
        140,
        42,
        407,
        287,
        213,
        141,
        582,
        0,
        372,
        288,
        434,
        321,
        196,
        267,
        543,
        144,
        404,
        429,
        518,
        266,
        243,
        299,
        492,
        290,
        287,
        366,
        441,
        479,
        351,
        426,
        564,
        163,
        482,
        496,
        415,
        444,
        177,
        480,
        52,
        555,
        402,
        188,
        261,
        402,
        548],
    [   100,
        201,
        159,
        65,
        272,
        321,
        356,
        127,
        86,
        197,
        282,
        220,
        372,
        0,
        109,
        177,
        61,
        185,
        145,
        186,
        227,
        84,
        300,
        154,
        256,
        139,
        105,
        188,
        93,
        331,
        188,
        185,
        107,
        44,
        127,
        193,
        317,
        131,
        207,
        53,
        73,
        200,
        167,
        391,
        210,
        36,
        199,
        304,
        180,
        175],
    [   47,
        302,
        268,
        68,
        166,
        216,
        282,
        216,
        46,
        173,
        235,
        295,
        288,
        109,
        0,
        161,
        102,
        138,
        150,
        255,
        154,
        115,
        233,
        234,
        150,
        114,
        11,
        208,
        23,
        225,
        123,
        273,
        208,
        121,
        223,
        297,
        209,
        194,
        217,
        135,
        169,
        111,
        271,
        318,
        267,
        126,
        155,
        196,
        140,
        272],
    [   202,
        262,
        299,
        199,
        216,
        328,
        435,
        303,
        193,
        332,
        397,
        203,
        434,
        177,
        161,
        0,
        221,
        300,
        297,
        161,
        312,
        95,
        145,
        167,
        204,
        270,
        150,
        67,
        174,
        257,
        79,
        359,
        197,
        219,
        298,
        266,
        313,
        122,
        63,
        143,
        169,
        264,
        325,
        471,
        153,
        153,
        316,
        246,
        38,
        227],
    [   67,
        253,
        185,
        33,
        266,
        289,
        301,
        115,
        58,
        136,
        222,
        280,
        321,
        61,
        102,
        221,
        0,
        128,
        84,
        248,
        177,
        136,
        326,
        215,
        250,
        80,
        104,
        243,
        78,
        325,
        212,
        172,
        162,
        29,
        125,
        243,
        289,
        192,
        261,
        114,
        132,
        159,
        178,
        336,
        271,
        98,
        141,
        295,
        216,
        231],
    [   100,
        382,
        304,
        121,
        238,
        200,
        173,
        212,
        112,
        45,
        99,
        404,
        196,
        185,
        138,
        300,
        128,
        0,
        75,
        368,
        58,
        238,
        358,
        339,
        226,
        48,
        149,
        342,
        126,
        290,
        256,
        253,
        290,
        157,
        230,
        372,
        209,
        310,
        353,
        234,
        258,
        78,
        285,
        208,
        387,
        219,
        16,
        257,
        278,
        359],
    [   102,
        326,
        235,
        98,
        289,
        272,
        240,
        139,
        107,
        58,
        148,
        363,
        267,
        145,
        150,
        297,
        84,
        75,
        0,
        332,
        133,
        218,
        384,
        298,
        275,
        43,
        158,
        326,
        129,
        346,
        273,
        177,
        240,
        106,
        158,
        314,
        279,
        277,
        342,
        199,
        214,
        142,
        213,
        272,
        356,
        182,
        79,
        313,
        285,
        307],
    [   272,
        116,
        205,
        247,
        368,
        462,
        533,
        264,
        258,
        384,
        467,
        43,
        543,
        186,
        255,
        161,
        248,
        368,
        332,
        0,
        403,
        139,
        301,
        39,
        354,
        324,
        244,
        102,
        252,
        415,
        234,
        305,
        109,
        227,
        248,
        126,
        451,
        60,
        123,
        134,
        119,
        365,
        247,
        569,
        34,
        150,
        383,
        400,
        197,
        87],
    [   130,
        428,
        358,
        161,
        206,
        146,
        130,
        269,
        145,
        94,
        93,
        441,
        144,
        227,
        154,
        312,
        177,
        58,
        133,
        403,
        0,
        266,
        346,
        376,
        198,
        101,
        166,
        363,
        150,
        253,
        256,
        311,
        335,
        206,
        287,
        419,
        158,
        343,
        371,
        272,
        300,
        51,
        342,
        166,
        418,
        258,
        58,
        220,
        285,
        403],
    [   139,
        203,
        211,
        122,
        243,
        325,
        396,
        208,
        126,
        262,
        338,
        181,
        404,
        84,
        115,
        95,
        136,
        238,
        218,
        139,
        266,
        0,
        229,
        122,
        227,
        199,
        105,
        107,
        116,
        296,
        126,
        264,
        118,
        128,
        203,
        201,
        315,
        79,
        124,
        50,
        82,
        226,
        233,
        432,
        151,
        58,
        254,
        275,
        105,
        169],
    [   281,
        407,
        440,
        296,
        164,
        295,
        444,
        428,
        278,
        399,
        439,
        340,
        429,
        300,
        233,
        145,
        326,
        358,
        384,
        301,
        346,
        229,
        0,
        312,
        162,
        345,
        226,
        199,
        255,
        170,
        113,
        486,
        342,
        334,
        427,
        411,
        274,
        268,
        181,
        280,
        310,
        294,
        462,
        475,
        285,
        286,
        373,
        179,
        123,
        373],
    [   245,
        95,
        168,
        217,
        361,
        446,
        506,
        224,
        231,
        351,
        436,
        65,
        518,
        154,
        234,
        167,
        215,
        339,
        298,
        39,
        376,
        122,
        312,
        0,
        347,
        293,
        224,
        119,
        228,
        412,
        233,
        266,
        70,
        192,
        208,
        100,
        437,
        47,
        143,
        104,
        83,
        342,
        208,
        542,
        72,
        119,
        353,
        394,
        199,
        60],
    [   186,
        431,
        416,
        217,
        16,
        135,
        282,
        366,
        192,
        271,
        290,
        398,
        266,
        256,
        150,
        204,
        250,
        226,
        275,
        354,
        198,
        227,
        162,
        347,
        0,
        232,
        151,
        271,
        172,
        75,
        125,
        422,
        342,
        271,
        374,
        428,
        115,
        300,
        266,
        267,
        303,
        151,
        421,
        313,
        353,
        263,
        238,
        48,
        166,
        397],
    [   68,
        334,
        256,
        78,
        245,
        233,
        221,
        168,
        76,
        62,
        143,
        359,
        243,
        139,
        114,
        270,
        80,
        48,
        43,
        324,
        101,
        199,
        345,
        293,
        232,
        0,
        123,
        305,
        95,
        302,
        237,
        213,
        243,
        109,
        185,
        323,
        238,
        267,
        319,
        190,
        211,
        101,
        240,
        256,
        345,
        174,
        60,
        269,
        253,
        311],
    [   55,
        294,
        264,
        71,
        167,
        224,
        293,
        217,
        52,
        183,
        246,
        285,
        299,
        105,
        11,
        150,
        104,
        149,
        158,
        244,
        166,
        105,
        226,
        224,
        151,
        123,
        0,
        197,
        29,
        226,
        115,
        275,
        201,
        121,
        223,
        289,
        216,
        184,
        206,
        126,
        162,
        122,
        270,
        329,
        256,
        118,
        166,
        199,
        130,
        264],
    [   241,
        214,
        275,
        229,
        283,
        392,
        489,
        301,
        230,
        368,
        441,
        141,
        492,
        188,
        208,
        67,
        243,
        342,
        326,
        102,
        363,
        107,
        199,
        119,
        271,
        305,
        197,
        0,
        215,
        324,
        146,
        353,
        169,
        233,
        292,
        220,
        378,
        83,
        24,
        140,
        152,
        317,
        308,
        525,
        87,
        155,
        358,
        313,
        105,
        180],
    [   27,
        291,
        249,
        45,
        188,
        228,
        280,
        193,
        23,
        157,
        225,
        292,
        290,
        93,
        23,
        174,
        78,
        126,
        129,
        252,
        150,
        116,
        255,
        228,
        172,
        95,
        29,
        215,
        0,
        247,
        144,
        250,
        196,
        99,
        201,
        285,
        224,
        192,
        227,
        126,
        158,
        113,
        250,
        316,
        267,
        115,
        143,
        218,
        157,
        262],
    [   260,
        499,
        490,
        292,
        59,
        146,
        312,
        441,
        267,
        336,
        341,
        458,
        287,
        331,
        225,
        257,
        325,
        290,
        346,
        415,
        253,
        296,
        170,
        412,
        75,
        302,
        226,
        324,
        247,
        0,
        180,
        497,
        413,
        346,
        449,
        498,
        123,
        365,
        314,
        338,
        374,
        212,
        497,
        338,
        410,
        336,
        301,
        33,
        219,
        465],
    [   170,
        323,
        336,
        183,
        137,
        252,
        371,
        315,
        167,
        295,
        347,
        277,
        366,
        188,
        123,
        79,
        212,
        256,
        273,
        234,
        256,
        126,
        113,
        233,
        125,
        237,
        115,
        146,
        144,
        180,
        0,
        373,
        245,
        221,
        315,
        324,
        235,
        185,
        140,
        175,
        209,
        205,
        353,
        406,
        230,
        178,
        273,
        168,
        40,
        289],
    [   237,
        237,
        114,
        205,
        438,
        447,
        410,
        58,
        230,
        227,
        309,
        317,
        441,
        185,
        273,
        359,
        172,
        253,
        177,
        305,
        311,
        264,
        486,
        266,
        422,
        213,
        275,
        353,
        250,
        497,
        373,
        0,
        196,
        154,
        61,
        221,
        450,
        275,
        376,
        217,
        201,
        314,
        69,
        439,
        338,
        206,
        256,
        466,
        366,
        238],
    [   207,
        94,
        105,
        173,
        358,
        424,
        462,
        154,
        193,
        296,
        384,
        128,
        479,
        107,
        208,
        197,
        162,
        290,
        240,
        109,
        335,
        118,
        342,
        70,
        342,
        243,
        201,
        169,
        196,
        413,
        245,
        196,
        0,
        135,
        138,
        88,
        418,
        85,
        193,
        75,
        39,
        307,
        141,
        498,
        142,
        82,
        303,
        391,
        219,
        68],
    [   93,
        225,
        156,
        56,
        287,
        317,
        330,
        96,
        82,
        161,
        249,
        257,
        351,
        44,
        121,
        219,
        29,
        157,
        106,
        227,
        206,
        128,
        334,
        192,
        271,
        109,
        121,
        233,
        99,
        346,
        221,
        154,
        135,
        0,
        102,
        214,
        316,
        174,
        252,
        96,
        108,
        188,
        152,
        365,
        252,
        80,
        169,
        317,
        218,
        203],
    [   192,
        194,
        81,
        157,
        389,
        412,
        398,
        22,
        183,
        215,
        303,
        263,
        426,
        127,
        223,
        298,
        125,
        230,
        158,
        248,
        287,
        203,
        427,
        208,
        374,
        185,
        223,
        292,
        201,
        449,
        315,
        61,
        138,
        102,
        0,
        179,
        414,
        214,
        314,
        155,
        140,
        281,
        55,
        430,
        280,
        144,
        237,
        419,
        306,
        188],
    [   294,
        15,
        108,
        258,
        444,
        513,
        545,
        200,
        280,
        372,
        462,
        113,
        564,
        193,
        297,
        266,
        243,
        372,
        314,
        126,
        419,
        201,
        411,
        100,
        428,
        323,
        289,
        220,
        285,
        498,
        324,
        221,
        88,
        214,
        179,
        0,
        506,
        143,
        243,
        163,
        127,
        394,
        153,
        580,
        158,
        171,
        384,
        477,
        294,
        40],
    [   223,
        511,
        472,
        261,
        110,
        23,
        189,
        400,
        235,
        251,
        233,
        494,
        163,
        317,
        209,
        313,
        289,
        209,
        279,
        451,
        158,
        315,
        274,
        437,
        115,
        238,
        216,
        378,
        224,
        123,
        235,
        450,
        418,
        316,
        414,
        506,
        0,
        393,
        376,
        343,
        378,
        136,
        467,
        214,
        455,
        335,
        214,
        98,
        275,
        480],
    [   212,
        140,
        191,
        188,
        315,
        404,
        473,
        227,
        199,
        327,
        409,
        101,
        482,
        131,
        194,
        122,
        192,
        310,
        277,
        60,
        343,
        79,
        268,
        47,
        300,
        267,
        184,
        83,
        192,
        365,
        185,
        275,
        85,
        174,
        214,
        143,
        393,
        0,
        108,
        78,
        75,
        305,
        226,
        509,
        78,
        95,
        325,
        347,
        152,
        105],
    [   253,
        236,
        299,
        244,
        277,
        391,
        496,
        323,
        243,
        382,
        452,
        160,
        496,
        207,
        217,
        63,
        261,
        353,
        342,
        123,
        371,
        124,
        181,
        143,
        266,
        319,
        206,
        24,
        227,
        314,
        140,
        376,
        193,
        252,
        314,
        243,
        376,
        108,
        0,
        161,
        175,
        324,
        332,
        531,
        104,
        175,
        370,
        306,
        100,
        203],
    [   141,
        167,
        160,
        112,
        283,
        351,
        402,
        162,
        127,
        249,
        333,
        170,
        415,
        53,
        135,
        143,
        114,
        234,
        199,
        134,
        272,
        50,
        280,
        104,
        267,
        190,
        126,
        140,
        126,
        338,
        175,
        217,
        75,
        96,
        155,
        163,
        343,
        78,
        161,
        0,
        36,
        239,
        182,
        438,
        157,
        16,
        249,
        315,
        156,
        137],
    [   170,
        133,
        130,
        138,
        319,
        385,
        429,
        151,
        156,
        268,
        355,
        148,
        444,
        73,
        169,
        169,
        132,
        258,
        214,
        119,
        300,
        82,
        310,
        83,
        303,
        211,
        162,
        152,
        158,
        374,
        209,
        201,
        39,
        108,
        140,
        127,
        378,
        75,
        175,
        36,
        0,
        270,
        157,
        464,
        147,
        43,
        272,
        351,
        187,
        104],
    [   100,
        402,
        344,
        136,
        161,
        132,
        172,
        266,
        114,
        123,
        144,
        405,
        177,
        200,
        111,
        264,
        159,
        78,
        142,
        365,
        51,
        226,
        294,
        342,
        151,
        101,
        122,
        317,
        113,
        212,
        205,
        314,
        307,
        188,
        281,
        394,
        136,
        305,
        324,
        239,
        270,
        0,
        335,
        208,
        378,
        227,
        88,
        179,
        235,
        374],
    [   244,
        169,
        45,
        208,
        437,
        466,
        453,
        73,
        234,
        269,
        356,
        253,
        480,
        167,
        271,
        325,
        178,
        285,
        213,
        247,
        342,
        233,
        462,
        208,
        421,
        240,
        270,
        308,
        250,
        497,
        353,
        69,
        141,
        152,
        55,
        153,
        467,
        226,
        332,
        182,
        157,
        335,
        0,
        484,
        280,
        175,
        292,
        468,
        338,
        173],
    [   296,
        590,
        508,
        326,
        314,
        191,
        36,
        410,
        310,
        214,
        129,
        607,
        52,
        391,
        318,
        471,
        336,
        208,
        272,
        569,
        166,
        432,
        475,
        542,
        313,
        256,
        329,
        525,
        316,
        338,
        406,
        439,
        498,
        365,
        430,
        580,
        214,
        509,
        531,
        438,
        464,
        208,
        484,
        0,
        584,
        423,
        196,
        311,
        440,
        567],
    [   289,
        147,
        239,
        267,
        366,
        468,
        548,
        295,
        276,
        406,
        487,
        56,
        555,
        210,
        267,
        153,
        271,
        387,
        356,
        34,
        418,
        151,
        285,
        72,
        353,
        345,
        256,
        87,
        267,
        410,
        230,
        338,
        142,
        252,
        280,
        158,
        455,
        78,
        104,
        157,
        147,
        378,
        280,
        584,
        0,
        173,
        403,
        397,
        190,
        119],
    [   128,
        176,
        157,
        98,
        279,
        342,
        388,
        150,
        114,
        233,
        317,
        185,
        402,
        36,
        126,
        153,
        98,
        219,
        182,
        150,
        258,
        58,
        286,
        119,
        263,
        174,
        118,
        155,
        115,
        336,
        178,
        206,
        82,
        80,
        144,
        171,
        335,
        95,
        175,
        16,
        43,
        227,
        175,
        423,
        173,
        0,
        234,
        312,
        163,
        147],
    [   116,
        394,
        312,
        136,
        249,
        204,
        162,
        218,
        128,
        36,
        84,
        419,
        188,
        199,
        155,
        316,
        141,
        16,
        79,
        383,
        58,
        254,
        373,
        353,
        238,
        60,
        166,
        358,
        143,
        301,
        273,
        256,
        303,
        169,
        237,
        384,
        214,
        325,
        370,
        249,
        272,
        88,
        292,
        196,
        403,
        234,
        0,
        267,
        295,
        372],
    [   229,
        479,
        463,
        262,
        32,
        121,
        284,
        411,
        236,
        302,
        308,
        443,
        261,
        304,
        196,
        246,
        295,
        257,
        313,
        400,
        220,
        275,
        179,
        394,
        48,
        269,
        199,
        313,
        218,
        33,
        168,
        466,
        391,
        317,
        419,
        477,
        98,
        347,
        306,
        315,
        351,
        179,
        468,
        311,
        397,
        312,
        267,
        0,
        208,
        445],
    [   185,
        292,
        316,
        189,
        178,
        292,
        405,
        308,
        178,
        314,
        373,
        239,
        402,
        180,
        140,
        38,
        216,
        278,
        285,
        197,
        285,
        105,
        123,
        199,
        166,
        253,
        130,
        105,
        157,
        219,
        40,
        366,
        219,
        218,
        306,
        294,
        275,
        152,
        100,
        156,
        187,
        235,
        338,
        440,
        190,
        163,
        295,
        208,
        0,
        257],
    [   274,
        34,
        128,
        241,
        412,
        488,
        531,
        208,
        260,
        364,
        453,
        80,
        548,
        175,
        272,
        227,
        231,
        359,
        307,
        87,
        403,
        169,
        373,
        60,
        397,
        311,
        264,
        180,
        262,
        465,
        289,
        238,
        68,
        203,
        188,
        40,
        480,
        105,
        203,
        137,
        104,
        374,
        173,
        567,
        119,
        147,
        372,
        445,
        257,
        0]]
;
task=[   432,
    108,
    125,
    518,
    252,
    122,
    171,
    9,
    0,
    309,
    270,
    112,
    93,
    316,
    218,
    12,
    140,
    223,
    202,
    170,
    49,
    123,
    128,
    168,
    225,
    215,
    478,
    92,
    344,
    88,
    249,
    35,
    178,
    415,
    233,
    158,
    41,
    57,
    85,
    184,
    67,
    84,
    200,
    99,
    80,
    316,
    19,
    120,
    76,
    22]
;
minW=[   7,
    168,
    116,
    23,
    196,
    129,
    150,
    49,
    0,
    23,
    131,
    16,
    23,
    61,
    2,
    99,
    18,
    108,
    51,
    186,
    102,
    125,
    128,
    117,
    126,
    31,
    14,
    55,
    14,
    34,
    94,
    212,
    3,
    78,
    46,
    266,
    115,
    184,
    122,
    66,
    59,
    96,
    139,
    252,
    229,
    33,
    11,
    179,
    137,
    42]
;
maxW=[   75,
    431,
    578,
    357,
    552,
    283,
    580,
    274,
    720,
    697,
    511,
    639,
    369,
    419,
    83,
    537,
    294,
    466,
    666,
    363,
    216,
    497,
    347,
    332,
    487,
    378,
    627,
    642,
    621,
    335,
    530,
    492,
    656,
    422,
    668,
    670,
    358,
    312,
    437,
    521,
    537,
    673,
    566,
    435,
    586,
    533,
    608,
    251,
    479,
    480]
;