// Generated by InstanceGenerator.py v0.1
// Juan Francisco Martinez Vera
// AMMM - MIRI, FIB UPC
//
// RAND_SEED=1484822133

bigM=100000;

nLocations=20;
startLocation=16;
distances=[   [   0,
        147,
        439,
        252,
        167,
        169,
        386,
        306,
        50,
        443,
        433,
        203,
        172,
        319,
        178,
        227,
        346,
        322,
        270,
        195],
    [   147,
        0,
        346,
        117,
        99,
        197,
        246,
        164,
        97,
        306,
        301,
        55,
        176,
        171,
        31,
        114,
        227,
        177,
        131,
        78],
    [   439,
        346,
        0,
        377,
        440,
        310,
        405,
        365,
        401,
        193,
        161,
        315,
        522,
        286,
        339,
        232,
        136,
        345,
        243,
        396],
    [   252,
        117,
        377,
        0,
        112,
        309,
        134,
        56,
        206,
        271,
        280,
        86,
        195,
        112,
        88,
        171,
        241,
        80,
        134,
        60],
    [   167,
        99,
        440,
        112,
        0,
        279,
        238,
        168,
        133,
        370,
        373,
        125,
        88,
        215,
        100,
        209,
        313,
        192,
        206,
        55],
    [   169,
        197,
        310,
        309,
        279,
        0,
        425,
        345,
        160,
        382,
        361,
        226,
        324,
        316,
        221,
        177,
        263,
        349,
        244,
        275],
    [   386,
        246,
        405,
        134,
        238,
        425,
        0,
        82,
        339,
        241,
        264,
        202,
        309,
        126,
        215,
        260,
        274,
        77,
        198,
        193],
    [   306,
        164,
        365,
        56,
        168,
        345,
        82,
        0,
        258,
        234,
        248,
        120,
        249,
        80,
        133,
        188,
        229,
        27,
        133,
        117],
    [   50,
        97,
        401,
        206,
        133,
        160,
        339,
        258,
        0,
        394,
        385,
        152,
        163,
        269,
        129,
        181,
        300,
        274,
        220,
        152],
    [   443,
        306,
        193,
        271,
        370,
        382,
        241,
        234,
        394,
        0,
        32,
        254,
        459,
        159,
        282,
        220,
        121,
        207,
        174,
        316],
    [   433,
        301,
        161,
        280,
        373,
        361,
        264,
        248,
        385,
        32,
        0,
        252,
        461,
        169,
        281,
        207,
        98,
        222,
        170,
        320],
    [   203,
        55,
        315,
        86,
        125,
        226,
        202,
        120,
        152,
        254,
        252,
        0,
        212,
        116,
        28,
        91,
        187,
        128,
        82,
        81],
    [   172,
        176,
        522,
        195,
        88,
        324,
        309,
        249,
        163,
        459,
        461,
        212,
        0,
        303,
        185,
        290,
        399,
        275,
        294,
        142],
    [   319,
        171,
        286,
        112,
        215,
        316,
        126,
        80,
        269,
        159,
        169,
        116,
        303,
        0,
        142,
        141,
        151,
        58,
        75,
        160],
    [   178,
        31,
        339,
        88,
        100,
        221,
        215,
        133,
        129,
        282,
        281,
        28,
        185,
        142,
        0,
        110,
        214,
        145,
        110,
        62],
    [   227,
        114,
        232,
        171,
        209,
        177,
        260,
        188,
        181,
        220,
        207,
        91,
        290,
        141,
        110,
        0,
        119,
        183,
        67,
        171],
    [   346,
        227,
        136,
        241,
        313,
        263,
        274,
        229,
        300,
        121,
        98,
        187,
        399,
        151,
        214,
        119,
        0,
        210,
        109,
        265],
    [   322,
        177,
        345,
        80,
        192,
        349,
        77,
        27,
        274,
        207,
        222,
        128,
        275,
        58,
        145,
        183,
        210,
        0,
        122,
        139],
    [   270,
        131,
        243,
        134,
        206,
        244,
        198,
        133,
        220,
        174,
        170,
        82,
        294,
        75,
        110,
        67,
        109,
        122,
        0,
        157],
    [   195,
        78,
        396,
        60,
        55,
        275,
        193,
        117,
        152,
        316,
        320,
        81,
        142,
        160,
        62,
        171,
        265,
        139,
        157,
        0]]
;
task=[   102,
    84,
    223,
    353,
    160,
    203,
    91,
    215,
    153,
    62,
    265,
    515,
    124,
    78,
    105,
    0,
    7,
    24,
    493,
    150]
;
minW=[   37,
    5,
    63,
    166,
    71,
    77,
    111,
    104,
    19,
    48,
    197,
    85,
    168,
    1,
    16,
    0,
    31,
    74,
    3,
    146]
;
maxW=[   627,
    399,
    357,
    419,
    273,
    676,
    395,
    602,
    398,
    294,
    295,
    281,
    605,
    356,
    510,
    720,
    293,
    632,
    264,
    687]
;