// Generated by InstanceGenerator.py v0.1
// Juan Francisco Martinez Vera
// AMMM - MIRI, FIB UPC
//
// RAND_SEED=1484819002

bigM=100000;

nLocations=60;
startLocation=20;
distances=[   [   0,
        609,
        310,
        537,
        95,
        471,
        394,
        265,
        627,
        78,
        308,
        485,
        109,
        224,
        318,
        472,
        349,
        359,
        358,
        292,
        452,
        487,
        143,
        490,
        277,
        73,
        530,
        530,
        368,
        525,
        117,
        161,
        479,
        273,
        383,
        314,
        109,
        381,
        120,
        441,
        296,
        425,
        493,
        473,
        353,
        178,
        412,
        307,
        337,
        443,
        322,
        249,
        464,
        120,
        346,
        236,
        268,
        398,
        383,
        275],
    [   609,
        0,
        326,
        90,
        561,
        209,
        460,
        358,
        26,
        594,
        441,
        124,
        525,
        396,
        437,
        150,
        419,
        253,
        311,
        320,
        459,
        126,
        478,
        315,
        385,
        671,
        126,
        157,
        462,
        84,
        520,
        456,
        133,
        339,
        283,
        482,
        513,
        373,
        577,
        269,
        450,
        338,
        136,
        234,
        288,
        558,
        212,
        449,
        274,
        275,
        289,
        435,
        152,
        506,
        420,
        393,
        505,
        336,
        283,
        475],
    [   310,
        326,
        0,
        278,
        244,
        161,
        208,
        164,
        348,
        324,
        141,
        210,
        211,
        87,
        142,
        228,
        328,
        86,
        57,
        125,
        432,
        199,
        168,
        367,
        228,
        382,
        292,
        309,
        376,
        244,
        204,
        197,
        219,
        132,
        75,
        355,
        243,
        130,
        326,
        290,
        314,
        148,
        194,
        297,
        43,
        338,
        113,
        321,
        75,
        296,
        67,
        112,
        173,
        193,
        326,
        74,
        344,
        120,
        235,
        321],
    [   537,
        90,
        278,
        0,
        499,
        206,
        445,
        278,
        97,
        515,
        409,
        71,
        462,
        336,
        407,
        65,
        329,
        196,
        279,
        245,
        371,
        96,
        415,
        231,
        299,
        596,
        42,
        77,
        372,
        59,
        458,
        380,
        60,
        264,
        256,
        392,
        436,
        355,
        495,
        179,
        361,
        330,
        125,
        146,
        247,
        473,
        174,
        359,
        214,
        185,
        229,
        391,
        118,
        442,
        329,
        337,
        416,
        321,
        194,
        386],
    [   95,
        561,
        244,
        499,
        0,
        402,
        299,
        250,
        582,
        159,
        216,
        439,
        37,
        165,
        226,
        438,
        375,
        308,
        284,
        262,
        485,
        436,
        84,
        495,
        284,
        165,
        499,
        506,
        404,
        478,
        41,
        160,
        439,
        247,
        311,
        355,
        134,
        294,
        192,
        435,
        328,
        340,
        436,
        461,
        287,
        242,
        354,
        339,
        288,
        438,
        272,
        162,
        411,
        57,
        372,
        170,
        316,
        314,
        373,
        314],
    [   471,
        209,
        161,
        206,
        402,
        0,
        251,
        281,
        235,
        481,
        241,
        142,
        371,
        247,
        235,
        195,
        416,
        140,
        120,
        234,
        500,
        111,
        329,
        391,
        336,
        542,
        240,
        271,
        467,
        149,
        364,
        347,
        169,
        250,
        92,
        462,
        398,
        165,
        478,
        316,
        422,
        129,
        81,
        303,
        118,
        481,
        83,
        426,
        158,
        324,
        168,
        252,
        95,
        354,
        416,
        235,
        465,
        128,
        286,
        437],
    [   394,
        460,
        208,
        445,
        299,
        251,
        0,
        364,
        486,
        443,
        91,
        375,
        288,
        243,
        83,
        412,
        531,
        283,
        174,
        331,
        638,
        350,
        275,
        574,
        427,
        465,
        471,
        496,
        577,
        394,
        280,
        357,
        395,
        335,
        191,
        548,
        380,
        90,
        463,
        496,
        509,
        122,
        327,
        499,
        213,
        495,
        275,
        518,
        280,
        502,
        274,
        159,
        327,
        284,
        529,
        221,
        528,
        125,
        443,
        511],
    [   265,
        358,
        164,
        278,
        250,
        281,
        364,
        0,
        373,
        237,
        281,
        237,
        214,
        130,
        286,
        213,
        167,
        141,
        218,
        47,
        276,
        249,
        171,
        248,
        63,
        319,
        267,
        265,
        213,
        278,
        213,
        103,
        225,
        32,
        225,
        191,
        159,
        294,
        218,
        184,
        150,
        311,
        266,
        211,
        185,
        205,
        200,
        157,
        124,
        187,
        115,
        222,
        232,
        195,
        165,
        148,
        185,
        283,
        122,
        159],
    [   627,
        26,
        348,
        97,
        582,
        235,
        486,
        373,
        0,
        609,
        466,
        143,
        546,
        417,
        462,
        162,
        424,
        274,
        336,
        336,
        458,
        149,
        498,
        312,
        396,
        688,
        127,
        155,
        466,
        104,
        541,
        472,
        148,
        356,
        308,
        488,
        529,
        399,
        591,
        271,
        458,
        364,
        161,
        235,
        311,
        570,
        235,
        456,
        294,
        277,
        309,
        459,
        175,
        526,
        425,
        415,
        514,
        362,
        291,
        483],
    [   78,
        594,
        324,
        515,
        159,
        481,
        443,
        237,
        609,
        0,
        353,
        471,
        157,
        238,
        363,
        450,
        287,
        355,
        378,
        274,
        383,
        479,
        171,
        437,
        232,
        88,
        502,
        497,
        299,
        512,
        165,
        138,
        461,
        254,
        399,
        244,
        83,
        416,
        43,
        398,
        232,
        455,
        490,
        432,
        365,
        101,
        412,
        242,
        333,
        398,
        319,
        288,
        458,
        159,
        284,
        256,
        196,
        427,
        344,
        207],
    [   308,
        441,
        141,
        409,
        216,
        241,
        91,
        281,
        466,
        353,
        0,
        338,
        200,
        155,
        9,
        365,
        448,
        225,
        130,
        255,
        557,
        320,
        184,
        506,
        343,
        380,
        427,
        448,
        492,
        366,
        192,
        266,
        353,
        255,
        157,
        461,
        289,
        87,
        372,
        430,
        422,
        137,
        304,
        438,
        162,
        403,
        235,
        431,
        216,
        435,
        207,
        68,
        294,
        194,
        446,
        134,
        439,
        119,
        372,
        422],
    [   485,
        124,
        210,
        71,
        439,
        142,
        375,
        237,
        143,
        471,
        338,
        0,
        403,
        274,
        336,
        58,
        323,
        131,
        208,
        197,
        385,
        32,
        355,
        260,
        271,
        547,
        98,
        129,
        370,
        41,
        398,
        332,
        29,
        216,
        185,
        380,
        389,
        284,
        455,
        192,
        344,
        260,
        65,
        170,
        177,
        440,
        102,
        345,
        151,
        199,
        166,
        322,
        48,
        383,
        323,
        273,
        397,
        250,
        183,
        367],
    [   109,
        525,
        211,
        462,
        37,
        371,
        288,
        214,
        546,
        157,
        200,
        403,
        0,
        129,
        210,
        401,
        345,
        272,
        254,
        225,
        456,
        400,
        47,
        460,
        251,
        182,
        462,
        468,
        377,
        441,
        8,
        129,
        403,
        210,
        280,
        330,
        113,
        272,
        183,
        399,
        300,
        316,
        401,
        424,
        254,
        227,
        319,
        311,
        251,
        402,
        236,
        140,
        375,
        20,
        342,
        136,
        293,
        289,
        336,
        288],
    [   224,
        396,
        87,
        336,
        165,
        247,
        243,
        130,
        417,
        238,
        155,
        274,
        129,
        0,
        162,
        277,
        294,
        142,
        139,
        116,
        405,
        270,
        83,
        371,
        189,
        295,
        340,
        350,
        337,
        312,
        124,
        119,
        276,
        109,
        161,
        305,
        158,
        189,
        243,
        300,
        267,
        221,
        272,
        318,
        129,
        261,
        190,
        276,
        122,
        304,
        107,
        93,
        246,
        110,
        291,
        22,
        285,
        192,
        238,
        267],
    [   318,
        437,
        142,
        407,
        226,
        235,
        83,
        286,
        462,
        363,
        9,
        336,
        210,
        162,
        0,
        365,
        453,
        226,
        127,
        258,
        562,
        317,
        193,
        508,
        349,
        390,
        426,
        447,
        498,
        363,
        201,
        274,
        351,
        259,
        153,
        467,
        298,
        78,
        381,
        432,
        429,
        128,
        301,
        440,
        161,
        411,
        233,
        438,
        217,
        438,
        209,
        76,
        291,
        203,
        451,
        140,
        446,
        111,
        375,
        429],
    [   472,
        150,
        228,
        65,
        438,
        195,
        412,
        213,
        162,
        450,
        365,
        58,
        401,
        277,
        365,
        0,
        273,
        142,
        240,
        180,
        329,
        90,
        353,
        202,
        234,
        531,
        63,
        83,
        319,
        85,
        397,
        314,
        28,
        199,
        221,
        334,
        371,
        322,
        429,
        135,
        300,
        305,
        123,
        112,
        204,
        408,
        138,
        300,
        158,
        142,
        172,
        339,
        99,
        381,
        273,
        280,
        355,
        290,
        134,
        325],
    [   349,
        419,
        328,
        329,
        375,
        416,
        531,
        167,
        424,
        287,
        448,
        323,
        345,
        294,
        453,
        273,
        0,
        282,
        379,
        202,
        112,
        348,
        312,
        161,
        104,
        375,
        297,
        276,
        50,
        357,
        347,
        216,
        298,
        196,
        381,
        66,
        246,
        459,
        248,
        155,
        55,
        471,
        375,
        194,
        342,
        199,
        333,
        46,
        272,
        151,
        270,
        387,
        341,
        329,
        2,
        314,
        107,
        445,
        140,
        83],
    [   359,
        253,
        86,
        196,
        308,
        140,
        283,
        141,
        274,
        355,
        225,
        131,
        272,
        142,
        226,
        142,
        282,
        0,
        110,
        93,
        376,
        128,
        225,
        292,
        196,
        425,
        206,
        223,
        332,
        169,
        267,
        216,
        136,
        110,
        102,
        323,
        271,
        196,
        346,
        213,
        283,
        195,
        135,
        216,
        70,
        343,
        60,
        287,
        21,
        220,
        36,
        196,
        105,
        252,
        281,
        142,
        324,
        172,
        166,
        297],
    [   358,
        311,
        57,
        279,
        284,
        120,
        174,
        218,
        336,
        378,
        130,
        208,
        254,
        139,
        127,
        240,
        379,
        110,
        0,
        176,
        479,
        189,
        215,
        402,
        281,
        431,
        300,
        323,
        428,
        235,
        246,
        254,
        225,
        186,
        28,
        409,
        298,
        86,
        382,
        324,
        368,
        92,
        175,
        325,
        40,
        395,
        105,
        375,
        110,
        330,
        109,
        131,
        163,
        238,
        377,
        123,
        401,
        65,
        274,
        377],
    [   292,
        320,
        125,
        245,
        262,
        234,
        331,
        47,
        336,
        274,
        255,
        197,
        225,
        116,
        258,
        180,
        202,
        93,
        176,
        0,
        306,
        206,
        178,
        255,
        106,
        351,
        239,
        243,
        251,
        238,
        222,
        135,
        188,
        19,
        180,
        234,
        192,
        256,
        259,
        183,
        194,
        269,
        221,
        203,
        141,
        251,
        153,
        200,
        76,
        188,
        69,
        203,
        187,
        205,
        201,
        129,
        232,
        242,
        122,
        206],
    [   452,
        459,
        432,
        371,
        485,
        500,
        638,
        276,
        458,
        383,
        557,
        385,
        456,
        405,
        562,
        329,
        112,
        376,
        479,
        306,
        0,
        415,
        425,
        148,
        216,
        468,
        332,
        303,
        83,
        413,
        459,
        328,
        357,
        303,
        477,
        139,
        354,
        562,
        341,
        194,
        157,
        570,
        446,
        225,
        441,
        286,
        419,
        146,
        369,
        187,
        369,
        498,
        414,
        441,
        115,
        424,
        187,
        545,
        213,
        176],
    [   487,
        126,
        199,
        96,
        436,
        111,
        350,
        249,
        149,
        479,
        320,
        32,
        400,
        270,
        317,
        90,
        348,
        128,
        189,
        206,
        415,
        0,
        353,
        292,
        289,
        552,
        128,
        160,
        396,
        45,
        395,
        340,
        62,
        225,
        163,
        403,
        396,
        260,
        466,
        223,
        366,
        233,
        33,
        202,
        162,
        455,
        86,
        368,
        150,
        230,
        165,
        310,
        26,
        381,
        348,
        267,
        417,
        225,
        208,
        387],
    [   143,
        478,
        168,
        415,
        84,
        329,
        275,
        171,
        498,
        171,
        184,
        355,
        47,
        83,
        193,
        353,
        312,
        225,
        215,
        178,
        425,
        353,
        0,
        419,
        214,
        215,
        415,
        421,
        348,
        394,
        44,
        99,
        355,
        164,
        240,
        305,
        106,
        245,
        188,
        355,
        272,
        286,
        356,
        379,
        211,
        222,
        274,
        283,
        204,
        358,
        189,
        117,
        329,
        27,
        310,
        93,
        273,
        257,
        292,
        264],
    [   490,
        315,
        367,
        231,
        495,
        391,
        574,
        248,
        312,
        437,
        506,
        260,
        460,
        371,
        508,
        202,
        161,
        292,
        402,
        255,
        148,
        292,
        419,
        0,
        213,
        526,
        190,
        158,
        181,
        280,
        460,
        337,
        230,
        262,
        392,
        225,
        382,
        488,
        402,
        78,
        214,
        484,
        325,
        89,
        362,
        357,
        319,
        206,
        294,
        71,
        300,
        458,
        298,
        442,
        163,
        385,
        268,
        464,
        134,
        243],
    [   277,
        385,
        228,
        299,
        284,
        336,
        427,
        63,
        396,
        232,
        343,
        271,
        251,
        189,
        349,
        234,
        104,
        196,
        281,
        106,
        216,
        289,
        214,
        213,
        0,
        320,
        278,
        269,
        150,
        310,
        252,
        124,
        252,
        95,
        287,
        128,
        169,
        358,
        203,
        165,
        87,
        374,
        311,
        200,
        247,
        174,
        253,
        93,
        182,
        166,
        176,
        282,
        276,
        233,
        102,
        209,
        129,
        347,
        112,
        101],
    [   73,
        671,
        382,
        596,
        165,
        542,
        465,
        319,
        688,
        88,
        380,
        547,
        182,
        295,
        390,
        531,
        375,
        425,
        431,
        351,
        468,
        552,
        215,
        526,
        320,
        0,
        586,
        583,
        384,
        588,
        190,
        216,
        540,
        332,
        455,
        329,
        159,
        454,
        127,
        486,
        319,
        498,
        560,
        520,
        424,
        182,
        480,
        330,
        403,
        486,
        388,
        322,
        530,
        194,
        372,
        308,
        280,
        471,
        430,
        294],
    [   530,
        126,
        292,
        42,
        499,
        240,
        471,
        267,
        127,
        502,
        427,
        98,
        462,
        340,
        426,
        63,
        297,
        206,
        300,
        239,
        332,
        128,
        415,
        190,
        278,
        586,
        0,
        34,
        338,
        99,
        459,
        370,
        75,
        257,
        279,
        362,
        426,
        380,
        479,
        144,
        333,
        359,
        160,
        108,
        265,
        453,
        196,
        331,
        221,
        149,
        235,
        403,
        147,
        442,
        298,
        344,
        390,
        347,
        168,
        360],
    [   530,
        157,
        309,
        77,
        506,
        271,
        496,
        265,
        155,
        497,
        448,
        129,
        468,
        350,
        447,
        83,
        276,
        223,
        323,
        243,
        303,
        160,
        421,
        158,
        269,
        583,
        34,
        0,
        314,
        134,
        466,
        369,
        102,
        259,
        304,
        342,
        424,
        405,
        472,
        120,
        316,
        387,
        193,
        82,
        287,
        442,
        221,
        312,
        236,
        125,
        249,
        419,
        176,
        448,
        277,
        356,
        373,
        373,
        156,
        343],
    [   368,
        462,
        376,
        372,
        404,
        467,
        577,
        213,
        466,
        299,
        492,
        370,
        377,
        337,
        498,
        319,
        50,
        332,
        428,
        251,
        83,
        396,
        348,
        181,
        150,
        384,
        338,
        314,
        0,
        404,
        380,
        249,
        344,
        244,
        430,
        55,
        271,
        507,
        258,
        194,
        76,
        520,
        424,
        232,
        392,
        203,
        383,
        65,
        322,
        189,
        319,
        430,
        390,
        362,
        51,
        358,
        104,
        494,
        187,
        93],
    [   525,
        84,
        244,
        59,
        478,
        149,
        394,
        278,
        104,
        512,
        366,
        41,
        441,
        312,
        363,
        85,
        357,
        169,
        235,
        238,
        413,
        45,
        394,
        280,
        310,
        588,
        99,
        134,
        404,
        0,
        437,
        373,
        59,
        257,
        209,
        417,
        430,
        305,
        496,
        219,
        382,
        276,
        68,
        191,
        208,
        481,
        132,
        382,
        190,
        226,
        205,
        355,
        71,
        422,
        357,
        310,
        435,
        269,
        218,
        405],
    [   117,
        520,
        204,
        458,
        41,
        364,
        280,
        213,
        541,
        165,
        192,
        398,
        8,
        124,
        201,
        397,
        347,
        267,
        246,
        222,
        459,
        395,
        44,
        460,
        252,
        190,
        459,
        466,
        380,
        437,
        0,
        131,
        398,
        208,
        273,
        334,
        119,
        264,
        190,
        398,
        304,
        308,
        396,
        423,
        247,
        234,
        314,
        315,
        246,
        401,
        231,
        131,
        370,
        18,
        344,
        130,
        298,
        281,
        335,
        292],
    [   161,
        456,
        197,
        380,
        160,
        347,
        357,
        103,
        472,
        138,
        266,
        332,
        129,
        119,
        274,
        314,
        216,
        216,
        254,
        135,
        328,
        340,
        99,
        337,
        124,
        216,
        370,
        369,
        249,
        373,
        131,
        0,
        324,
        116,
        271,
        206,
        56,
        309,
        130,
        282,
        173,
        340,
        351,
        312,
        234,
        142,
        275,
        184,
        195,
        284,
        181,
        198,
        319,
        113,
        213,
        141,
        176,
        311,
        222,
        164],
    [   479,
        133,
        219,
        60,
        439,
        169,
        395,
        225,
        148,
        461,
        353,
        29,
        403,
        276,
        351,
        28,
        298,
        136,
        225,
        188,
        357,
        62,
        355,
        230,
        252,
        540,
        75,
        102,
        344,
        59,
        398,
        324,
        0,
        207,
        203,
        357,
        381,
        304,
        443,
        163,
        322,
        284,
        95,
        140,
        191,
        425,
        120,
        322,
        154,
        170,
        169,
        331,
        74,
        382,
        298,
        277,
        376,
        271,
        158,
        346],
    [   273,
        339,
        132,
        264,
        247,
        250,
        335,
        32,
        356,
        254,
        255,
        216,
        210,
        109,
        259,
        199,
        196,
        110,
        186,
        19,
        303,
        225,
        164,
        262,
        95,
        332,
        257,
        259,
        244,
        257,
        208,
        116,
        207,
        0,
        192,
        223,
        173,
        263,
        240,
        193,
        182,
        279,
        240,
        214,
        153,
        232,
        170,
        189,
        92,
        197,
        83,
        199,
        207,
        190,
        194,
        125,
        217,
        251,
        130,
        192],
    [   383,
        283,
        75,
        256,
        311,
        92,
        191,
        225,
        308,
        399,
        157,
        185,
        280,
        161,
        153,
        221,
        381,
        102,
        28,
        180,
        477,
        163,
        240,
        392,
        287,
        455,
        279,
        304,
        430,
        209,
        273,
        271,
        203,
        192,
        0,
        415,
        318,
        101,
        401,
        314,
        374,
        93,
        147,
        312,
        39,
        411,
        83,
        380,
        108,
        321,
        111,
        160,
        138,
        264,
        379,
        146,
        410,
        71,
        268,
        385],
    [   314,
        482,
        355,
        392,
        355,
        462,
        548,
        191,
        488,
        244,
        461,
        380,
        330,
        305,
        467,
        334,
        66,
        323,
        409,
        234,
        139,
        403,
        305,
        225,
        128,
        329,
        362,
        342,
        55,
        417,
        334,
        206,
        357,
        223,
        415,
        0,
        221,
        484,
        202,
        222,
        40,
        502,
        428,
        261,
        376,
        147,
        378,
        35,
        310,
        218,
        304,
        396,
        394,
        317,
        65,
        327,
        48,
        474,
        199,
        41],
    [   109,
        513,
        243,
        436,
        134,
        398,
        380,
        159,
        529,
        83,
        289,
        389,
        113,
        158,
        298,
        371,
        246,
        271,
        298,
        192,
        354,
        396,
        106,
        382,
        169,
        159,
        426,
        424,
        271,
        430,
        119,
        56,
        381,
        173,
        318,
        221,
        0,
        343,
        85,
        332,
        196,
        379,
        406,
        364,
        282,
        116,
        329,
        207,
        250,
        334,
        236,
        221,
        375,
        105,
        243,
        178,
        181,
        350,
        274,
        180],
    [   381,
        373,
        130,
        355,
        294,
        165,
        90,
        294,
        399,
        416,
        87,
        284,
        272,
        189,
        78,
        322,
        459,
        196,
        86,
        256,
        562,
        260,
        245,
        488,
        358,
        454,
        380,
        405,
        507,
        305,
        264,
        309,
        304,
        263,
        101,
        484,
        343,
        0,
        428,
        410,
        443,
        50,
        239,
        411,
        126,
        451,
        184,
        451,
        196,
        417,
        193,
        132,
        237,
        262,
        457,
        168,
        470,
        37,
        360,
        449],
    [   120,
        577,
        326,
        495,
        192,
        478,
        463,
        218,
        591,
        43,
        372,
        455,
        183,
        243,
        381,
        429,
        248,
        346,
        382,
        259,
        341,
        466,
        188,
        402,
        203,
        127,
        479,
        472,
        258,
        496,
        190,
        130,
        443,
        240,
        401,
        202,
        85,
        428,
        0,
        367,
        192,
        464,
        479,
        403,
        364,
        58,
        405,
        203,
        325,
        367,
        312,
        304,
        447,
        181,
        245,
        262,
        154,
        435,
        316,
        167],
    [   441,
        269,
        290,
        179,
        435,
        316,
        496,
        184,
        271,
        398,
        430,
        192,
        399,
        300,
        432,
        135,
        155,
        213,
        324,
        183,
        194,
        223,
        355,
        78,
        165,
        486,
        144,
        120,
        194,
        219,
        398,
        282,
        163,
        193,
        314,
        222,
        332,
        410,
        367,
        0,
        197,
        406,
        255,
        39,
        284,
        331,
        242,
        193,
        216,
        7,
        222,
        384,
        225,
        379,
        156,
        313,
        255,
        385,
        62,
        226],
    [   296,
        450,
        314,
        361,
        328,
        422,
        509,
        150,
        458,
        232,
        422,
        344,
        300,
        267,
        429,
        300,
        55,
        283,
        368,
        194,
        157,
        366,
        272,
        214,
        87,
        319,
        333,
        316,
        76,
        382,
        304,
        173,
        322,
        182,
        374,
        40,
        196,
        443,
        192,
        197,
        0,
        461,
        391,
        237,
        335,
        143,
        338,
        11,
        269,
        195,
        263,
        358,
        356,
        286,
        53,
        288,
        57,
        434,
        166,
        28],
    [   425,
        338,
        148,
        330,
        340,
        129,
        122,
        311,
        364,
        455,
        137,
        260,
        316,
        221,
        128,
        305,
        471,
        195,
        92,
        269,
        570,
        233,
        286,
        484,
        374,
        498,
        359,
        387,
        520,
        276,
        308,
        340,
        284,
        279,
        93,
        502,
        379,
        50,
        464,
        406,
        461,
        0,
        208,
        402,
        129,
        482,
        168,
        468,
        200,
        413,
        201,
        178,
        212,
        304,
        470,
        201,
        493,
        29,
        361,
        470],
    [   493,
        136,
        194,
        125,
        436,
        81,
        327,
        266,
        161,
        490,
        304,
        65,
        401,
        272,
        301,
        123,
        375,
        135,
        175,
        221,
        446,
        33,
        356,
        325,
        311,
        560,
        160,
        193,
        424,
        68,
        396,
        351,
        95,
        240,
        147,
        428,
        406,
        239,
        479,
        255,
        391,
        208,
        0,
        235,
        154,
        472,
        81,
        393,
        156,
        262,
        171,
        301,
        34,
        383,
        375,
        265,
        440,
        203,
        237,
        410],
    [   473,
        234,
        297,
        146,
        461,
        303,
        499,
        211,
        235,
        432,
        438,
        170,
        424,
        318,
        440,
        112,
        194,
        216,
        325,
        203,
        225,
        202,
        379,
        89,
        200,
        520,
        108,
        82,
        232,
        191,
        423,
        312,
        140,
        214,
        312,
        261,
        364,
        411,
        403,
        39,
        237,
        402,
        235,
        0,
        286,
        368,
        235,
        232,
        222,
        43,
        231,
        398,
        209,
        404,
        195,
        329,
        294,
        384,
        90,
        265],
    [   353,
        288,
        43,
        247,
        287,
        118,
        213,
        185,
        311,
        365,
        162,
        177,
        254,
        129,
        161,
        204,
        342,
        70,
        40,
        141,
        441,
        162,
        211,
        362,
        247,
        424,
        265,
        287,
        392,
        208,
        247,
        234,
        191,
        153,
        39,
        376,
        282,
        126,
        364,
        284,
        335,
        129,
        154,
        286,
        0,
        372,
        75,
        341,
        71,
        290,
        72,
        147,
        136,
        236,
        341,
        117,
        370,
        104,
        234,
        345],
    [   178,
        558,
        338,
        473,
        242,
        481,
        495,
        205,
        570,
        101,
        403,
        440,
        227,
        261,
        411,
        408,
        199,
        343,
        395,
        251,
        286,
        455,
        222,
        357,
        174,
        182,
        453,
        442,
        203,
        481,
        234,
        142,
        425,
        232,
        411,
        147,
        116,
        451,
        58,
        331,
        143,
        482,
        472,
        368,
        372,
        0,
        403,
        152,
        323,
        329,
        312,
        335,
        438,
        222,
        196,
        282,
        98,
        453,
        285,
        116],
    [   412,
        212,
        113,
        174,
        354,
        83,
        275,
        200,
        235,
        412,
        235,
        102,
        319,
        190,
        233,
        138,
        333,
        60,
        105,
        153,
        419,
        86,
        274,
        319,
        253,
        480,
        196,
        221,
        383,
        132,
        314,
        275,
        120,
        170,
        83,
        378,
        329,
        184,
        405,
        242,
        338,
        168,
        81,
        235,
        75,
        403,
        0,
        342,
        80,
        249,
        93,
        223,
        60,
        301,
        332,
        184,
        382,
        152,
        205,
        354],
    [   307,
        449,
        321,
        359,
        339,
        426,
        518,
        157,
        456,
        242,
        431,
        345,
        311,
        276,
        438,
        300,
        46,
        287,
        375,
        200,
        146,
        368,
        283,
        206,
        93,
        330,
        331,
        312,
        65,
        382,
        315,
        184,
        322,
        189,
        380,
        35,
        207,
        451,
        203,
        193,
        11,
        468,
        393,
        232,
        341,
        152,
        342,
        0,
        274,
        190,
        269,
        368,
        358,
        297,
        43,
        297,
        62,
        441,
        165,
        36],
    [   337,
        274,
        75,
        214,
        288,
        158,
        280,
        124,
        294,
        333,
        216,
        151,
        251,
        122,
        217,
        158,
        272,
        21,
        110,
        76,
        369,
        150,
        204,
        294,
        182,
        403,
        221,
        236,
        322,
        190,
        246,
        195,
        154,
        92,
        108,
        310,
        250,
        196,
        325,
        216,
        269,
        200,
        156,
        222,
        71,
        323,
        80,
        274,
        0,
        222,
        15,
        182,
        126,
        232,
        271,
        123,
        308,
        175,
        164,
        282],
    [   443,
        275,
        296,
        185,
        438,
        324,
        502,
        187,
        277,
        398,
        435,
        199,
        402,
        304,
        438,
        142,
        151,
        220,
        330,
        188,
        187,
        230,
        358,
        71,
        166,
        486,
        149,
        125,
        189,
        226,
        401,
        284,
        170,
        197,
        321,
        218,
        334,
        417,
        367,
        7,
        195,
        413,
        262,
        43,
        290,
        329,
        249,
        190,
        222,
        0,
        228,
        390,
        233,
        383,
        152,
        318,
        252,
        392,
        66,
        223],
    [   322,
        289,
        67,
        229,
        272,
        168,
        274,
        115,
        309,
        319,
        207,
        166,
        236,
        107,
        209,
        172,
        270,
        36,
        109,
        69,
        369,
        165,
        189,
        300,
        176,
        388,
        235,
        249,
        319,
        205,
        231,
        181,
        169,
        83,
        111,
        304,
        236,
        193,
        312,
        222,
        263,
        201,
        171,
        231,
        72,
        312,
        93,
        269,
        15,
        228,
        0,
        170,
        142,
        216,
        268,
        108,
        301,
        175,
        168,
        275],
    [   249,
        435,
        112,
        391,
        162,
        252,
        159,
        222,
        459,
        288,
        68,
        322,
        140,
        93,
        76,
        339,
        387,
        196,
        131,
        203,
        498,
        310,
        117,
        458,
        282,
        322,
        403,
        419,
        430,
        355,
        131,
        198,
        331,
        199,
        160,
        396,
        221,
        132,
        304,
        384,
        358,
        178,
        301,
        398,
        147,
        335,
        223,
        368,
        182,
        390,
        170,
        0,
        283,
        130,
        384,
        74,
        372,
        152,
        324,
        356],
    [   464,
        152,
        173,
        118,
        411,
        95,
        327,
        232,
        175,
        458,
        294,
        48,
        375,
        246,
        291,
        99,
        341,
        105,
        163,
        187,
        414,
        26,
        329,
        298,
        276,
        530,
        147,
        176,
        390,
        71,
        370,
        319,
        74,
        207,
        138,
        394,
        375,
        237,
        447,
        225,
        356,
        212,
        34,
        209,
        136,
        438,
        60,
        358,
        126,
        233,
        142,
        283,
        0,
        356,
        341,
        241,
        405,
        202,
        204,
        376],
    [   120,
        506,
        193,
        442,
        57,
        354,
        284,
        195,
        526,
        159,
        194,
        383,
        20,
        110,
        203,
        381,
        329,
        252,
        238,
        205,
        441,
        381,
        27,
        442,
        233,
        194,
        442,
        448,
        362,
        422,
        18,
        113,
        382,
        190,
        264,
        317,
        105,
        262,
        181,
        379,
        286,
        304,
        383,
        404,
        236,
        222,
        301,
        297,
        232,
        383,
        216,
        130,
        356,
        0,
        326,
        119,
        282,
        277,
        317,
        275],
    [   346,
        420,
        326,
        329,
        372,
        416,
        529,
        165,
        425,
        284,
        446,
        323,
        342,
        291,
        451,
        273,
        2,
        281,
        377,
        201,
        115,
        348,
        310,
        163,
        102,
        372,
        298,
        277,
        51,
        357,
        344,
        213,
        298,
        194,
        379,
        65,
        243,
        457,
        245,
        156,
        53,
        470,
        375,
        195,
        341,
        196,
        332,
        43,
        271,
        152,
        268,
        384,
        341,
        326,
        0,
        312,
        105,
        443,
        140,
        80],
    [   236,
        393,
        74,
        337,
        170,
        235,
        221,
        148,
        415,
        256,
        134,
        273,
        136,
        22,
        140,
        280,
        314,
        142,
        123,
        129,
        424,
        267,
        93,
        385,
        209,
        308,
        344,
        356,
        358,
        310,
        130,
        141,
        277,
        125,
        146,
        327,
        178,
        168,
        262,
        313,
        288,
        201,
        265,
        329,
        117,
        282,
        184,
        297,
        123,
        318,
        108,
        74,
        241,
        119,
        312,
        0,
        307,
        172,
        252,
        289],
    [   268,
        505,
        344,
        416,
        316,
        465,
        528,
        185,
        514,
        196,
        439,
        397,
        293,
        285,
        446,
        355,
        107,
        324,
        401,
        232,
        187,
        417,
        273,
        268,
        129,
        280,
        390,
        373,
        104,
        435,
        298,
        176,
        376,
        217,
        410,
        48,
        181,
        470,
        154,
        255,
        57,
        493,
        440,
        294,
        370,
        98,
        382,
        62,
        308,
        252,
        301,
        372,
        405,
        282,
        105,
        307,
        0,
        464,
        222,
        30],
    [   398,
        336,
        120,
        321,
        314,
        128,
        125,
        283,
        362,
        427,
        119,
        250,
        289,
        192,
        111,
        290,
        445,
        172,
        65,
        242,
        545,
        225,
        257,
        464,
        347,
        471,
        347,
        373,
        494,
        269,
        281,
        311,
        271,
        251,
        71,
        474,
        350,
        37,
        435,
        385,
        434,
        29,
        203,
        384,
        104,
        453,
        152,
        441,
        175,
        392,
        175,
        152,
        202,
        277,
        443,
        172,
        464,
        0,
        338,
        441],
    [   383,
        283,
        235,
        194,
        373,
        286,
        443,
        122,
        291,
        344,
        372,
        183,
        336,
        238,
        375,
        134,
        140,
        166,
        274,
        122,
        213,
        208,
        292,
        134,
        112,
        430,
        168,
        156,
        187,
        218,
        335,
        222,
        158,
        130,
        268,
        199,
        274,
        360,
        316,
        62,
        166,
        361,
        237,
        90,
        234,
        285,
        205,
        165,
        164,
        66,
        168,
        324,
        204,
        317,
        140,
        252,
        222,
        338,
        0,
        192],
    [   275,
        475,
        321,
        386,
        314,
        437,
        511,
        159,
        483,
        207,
        422,
        367,
        288,
        267,
        429,
        325,
        83,
        297,
        377,
        206,
        176,
        387,
        264,
        243,
        101,
        294,
        360,
        343,
        93,
        405,
        292,
        164,
        346,
        192,
        385,
        41,
        180,
        449,
        167,
        226,
        28,
        470,
        410,
        265,
        345,
        116,
        354,
        36,
        282,
        223,
        275,
        356,
        376,
        275,
        80,
        289,
        30,
        441,
        192,
        0]]
;
task=[   37,
    11,
    416,
    120,
    85,
    33,
    19,
    295,
    13,
    53,
    124,
    98,
    2,
    427,
    119,
    16,
    136,
    216,
    120,
    0,
    84,
    146,
    239,
    154,
    319,
    4,
    58,
    158,
    34,
    240,
    171,
    230,
    295,
    223,
    288,
    209,
    249,
    68,
    142,
    259,
    198,
    85,
    137,
    296,
    153,
    103,
    165,
    116,
    74,
    84,
    243,
    10,
    232,
    83,
    247,
    157,
    120,
    170,
    202,
    103]
;
minW=[   176,
    315,
    25,
    218,
    59,
    225,
    280,
    16,
    105,
    152,
    44,
    162,
    95,
    1,
    164,
    36,
    63,
    66,
    84,
    0,
    17,
    7,
    15,
    16,
    93,
    27,
    16,
    81,
    151,
    104,
    175,
    80,
    86,
    17,
    126,
    46,
    157,
    79,
    158,
    29,
    170,
    60,
    135,
    90,
    132,
    32,
    137,
    20,
    64,
    3,
    45,
    182,
    91,
    5,
    173,
    60,
    11,
    83,
    24,
    173]
;
maxW=[   452,
    546,
    621,
    468,
    439,
    635,
    509,
    166,
    623,
    530,
    606,
    607,
    352,
    142,
    712,
    364,
    699,
    314,
    509,
    720,
    507,
    460,
    178,
    659,
    333,
    684,
    566,
    510,
    383,
    257,
    360,
    269,
    288,
    39,
    505,
    706,
    661,
    325,
    649,
    313,
    568,
    702,
    329,
    301,
    530,
    479,
    419,
    264,
    312,
    680,
    427,
    653,
    554,
    568,
    391,
    434,
    601,
    685,
    298,
    297]
;