// Generated by InstanceGenerator.py v0.1
// Juan Francisco Martinez Vera
// AMMM - MIRI, FIB UPC
//
// RAND_SEED=1484822152

bigM=100000;

nLocations=80;
startLocation=4;
distances=[   [   0,
        439,
        240,
        224,
        381,
        184,
        330,
        280,
        414,
        214,
        154,
        177,
        296,
        124,
        60,
        343,
        164,
        385,
        244,
        329,
        245,
        216,
        319,
        291,
        537,
        250,
        161,
        132,
        76,
        339,
        146,
        153,
        320,
        258,
        403,
        167,
        121,
        318,
        113,
        111,
        118,
        464,
        444,
        263,
        377,
        129,
        227,
        157,
        282,
        321,
        250,
        233,
        431,
        439,
        153,
        321,
        235,
        248,
        80,
        442,
        438,
        415,
        295,
        98,
        426,
        483,
        141,
        75,
        305,
        200,
        121,
        57,
        385,
        373,
        250,
        122,
        194,
        142,
        283,
        277],
    [   439,
        0,
        601,
        280,
        380,
        513,
        224,
        166,
        296,
        360,
        289,
        309,
        146,
        412,
        479,
        475,
        433,
        197,
        353,
        163,
        380,
        572,
        386,
        150,
        500,
        292,
        386,
        350,
        363,
        104,
        504,
        485,
        281,
        212,
        240,
        469,
        335,
        244,
        325,
        386,
        466,
        359,
        203,
        426,
        110,
        369,
        507,
        392,
        175,
        156,
        241,
        331,
        91,
        267,
        285,
        299,
        306,
        458,
        362,
        86,
        163,
        317,
        155,
        341,
        167,
        359,
        466,
        391,
        135,
        567,
        317,
        382,
        281,
        480,
        312,
        415,
        569,
        352,
        279,
        445],
    [   240,
        601,
        0,
        324,
        362,
        87,
        414,
        471,
        445,
        454,
        327,
        291,
        480,
        190,
        180,
        255,
        167,
        471,
        484,
        449,
        485,
        28,
        300,
        454,
        471,
        483,
        214,
        369,
        295,
        519,
        103,
        116,
        372,
        469,
        465,
        131,
        277,
        394,
        312,
        220,
        143,
        464,
        524,
        222,
        508,
        368,
        113,
        208,
        483,
        523,
        471,
        471,
        560,
        487,
        348,
        361,
        471,
        180,
        271,
        572,
        535,
        435,
        445,
        310,
        522,
        485,
        136,
        232,
        484,
        39,
        322,
        266,
        426,
        285,
        307,
        188,
        46,
        249,
        349,
        216],
    [   224,
        280,
        324,
        0,
        190,
        236,
        107,
        186,
        194,
        305,
        99,
        47,
        184,
        144,
        238,
        225,
        156,
        164,
        323,
        126,
        342,
        296,
        151,
        143,
        353,
        282,
        110,
        228,
        174,
        213,
        233,
        211,
        100,
        214,
        179,
        192,
        104,
        93,
        139,
        127,
        199,
        251,
        223,
        156,
        184,
        245,
        227,
        116,
        207,
        242,
        237,
        298,
        237,
        215,
        130,
        107,
        280,
        182,
        148,
        249,
        223,
        199,
        127,
        161,
        210,
        268,
        193,
        151,
        183,
        293,
        141,
        172,
        163,
        242,
        51,
        147,
        297,
        89,
        63,
        177],
    [   381,
        380,
        362,
        190,
        0,
        293,
        160,
        355,
        103,
        495,
        288,
        223,
        345,
        263,
        369,
        125,
        238,
        184,
        513,
        226,
        532,
        343,
        66,
        296,
        163,
        470,
        221,
        417,
        353,
        359,
        316,
        290,
        109,
        395,
        150,
        263,
        278,
        144,
        324,
        269,
        302,
        101,
        209,
        143,
        270,
        432,
        249,
        226,
        379,
        407,
        422,
        488,
        299,
        149,
        321,
        93,
        470,
        183,
        320,
        309,
        240,
        84,
        271,
        344,
        229,
        122,
        282,
        306,
        338,
        350,
        328,
        342,
        102,
        113,
        142,
        265,
        360,
        241,
        134,
        146],
    [   184,
        513,
        87,
        236,
        293,
        0,
        328,
        387,
        368,
        391,
        243,
        204,
        394,
        105,
        132,
        204,
        80,
        386,
        420,
        362,
        425,
        60,
        227,
        367,
        420,
        412,
        126,
        302,
        224,
        433,
        39,
        33,
        289,
        388,
        383,
        43,
        194,
        308,
        234,
        137,
        68,
        393,
        440,
        149,
        420,
        305,
        54,
        121,
        399,
        440,
        394,
        404,
        473,
        407,
        267,
        279,
        400,
        111,
        195,
        485,
        450,
        359,
        357,
        235,
        436,
        414,
        52,
        155,
        398,
        60,
        244,
        195,
        346,
        236,
        221,
        103,
        67,
        163,
        264,
        149],
    [   330,
        224,
        414,
        107,
        160,
        328,
        0,
        205,
        108,
        377,
        191,
        154,
        191,
        248,
        346,
        251,
        250,
        58,
        388,
        66,
        411,
        388,
        161,
        142,
        304,
        337,
        209,
        315,
        274,
        200,
        332,
        309,
        56,
        252,
        75,
        286,
        209,
        21,
        235,
        234,
        302,
        176,
        116,
        211,
        114,
        333,
        307,
        215,
        229,
        253,
        283,
        362,
        155,
        114,
        214,
        74,
        340,
        248,
        252,
        167,
        121,
        122,
        116,
        258,
        107,
        187,
        293,
        259,
        183,
        388,
        235,
        277,
        79,
        255,
        107,
        251,
        394,
        196,
        65,
        228],
    [   280,
        166,
        471,
        186,
        355,
        387,
        205,
        0,
        311,
        204,
        144,
        191,
        21,
        281,
        327,
        411,
        313,
        223,
        205,
        148,
        231,
        443,
        332,
        64,
        508,
        146,
        268,
        184,
        203,
        61,
        369,
        355,
        246,
        55,
        266,
        346,
        194,
        213,
        169,
        250,
        329,
        380,
        267,
        341,
        153,
        203,
        395,
        272,
        24,
        56,
        89,
        180,
        194,
        305,
        129,
        262,
        155,
        362,
        210,
        201,
        238,
        327,
        89,
        182,
        232,
        389,
        335,
        244,
        35,
        434,
        160,
        226,
        284,
        426,
        235,
        284,
        434,
        225,
        222,
        362],
    [   414,
        296,
        445,
        194,
        103,
        368,
        108,
        311,
        0,
        484,
        289,
        239,
        296,
        312,
        417,
        226,
        299,
        100,
        496,
        165,
        519,
        423,
        149,
        247,
        205,
        445,
        269,
        417,
        368,
        299,
        383,
        357,
        94,
        360,
        56,
        331,
        297,
        107,
        332,
        307,
        360,
        69,
        108,
        224,
        192,
        435,
        332,
        275,
        336,
        356,
        391,
        470,
        209,
        46,
        317,
        94,
        449,
        266,
        342,
        218,
        143,
        21,
        221,
        354,
        134,
        79,
        345,
        339,
        286,
        427,
        333,
        366,
        30,
        216,
        165,
        315,
        435,
        272,
        131,
        233],
    [   214,
        360,
        454,
        305,
        495,
        391,
        377,
        204,
        484,
        0,
        207,
        276,
        226,
        302,
        275,
        505,
        346,
        413,
        30,
        337,
        37,
        429,
        450,
        259,
        659,
        71,
        319,
        90,
        171,
        260,
        357,
        358,
        399,
        151,
        449,
        364,
        231,
        377,
        180,
        273,
        323,
        549,
        464,
        423,
        356,
        86,
        425,
        319,
        187,
        205,
        119,
        32,
        399,
        489,
        174,
        409,
        55,
        424,
        204,
        406,
        439,
        494,
        280,
        166,
        431,
        563,
        342,
        241,
        240,
        415,
        173,
        197,
        454,
        530,
        354,
        303,
        408,
        276,
        365,
        442],
    [   154,
        289,
        327,
        99,
        288,
        243,
        191,
        144,
        289,
        207,
        0,
        69,
        154,
        137,
        190,
        304,
        173,
        240,
        227,
        177,
        244,
        298,
        242,
        139,
        452,
        194,
        131,
        129,
        85,
        196,
        224,
        211,
        198,
        147,
        266,
        203,
        49,
        183,
        45,
        106,
        184,
        350,
        298,
        224,
        223,
        146,
        256,
        134,
        156,
        197,
        159,
        204,
        277,
        305,
        33,
        206,
        189,
        234,
        74,
        288,
        287,
        296,
        141,
        67,
        276,
        366,
        191,
        101,
        161,
        290,
        44,
        96,
        259,
        326,
        146,
        140,
        289,
        85,
        162,
        244],
    [   177,
        309,
        291,
        47,
        223,
        204,
        154,
        191,
        239,
        276,
        69,
        0,
        195,
        104,
        192,
        235,
        125,
        211,
        297,
        166,
        313,
        263,
        174,
        163,
        387,
        263,
        78,
        193,
        131,
        231,
        195,
        176,
        145,
        208,
        226,
        160,
        58,
        141,
        100,
        82,
        159,
        294,
        270,
        157,
        222,
        208,
        204,
        83,
        208,
        247,
        225,
        273,
        276,
        262,
        103,
        148,
        258,
        172,
        102,
        288,
        268,
        242,
        153,
        120,
        255,
        311,
        157,
        104,
        197,
        258,
        104,
        126,
        209,
        257,
        81,
        107,
        261,
        45,
        107,
        177],
    [   296,
        146,
        480,
        184,
        345,
        394,
        191,
        21,
        296,
        226,
        154,
        195,
        0,
        289,
        341,
        407,
        319,
        206,
        226,
        131,
        253,
        451,
        326,
        49,
        496,
        167,
        273,
        205,
        219,
        43,
        378,
        363,
        236,
        76,
        249,
        352,
        203,
        201,
        183,
        259,
        339,
        365,
        247,
        340,
        132,
        224,
        399,
        277,
        42,
        62,
        110,
        201,
        172,
        288,
        143,
        252,
        176,
        363,
        223,
        179,
        218,
        313,
        75,
        198,
        212,
        374,
        344,
        256,
        13,
        444,
        175,
        241,
        270,
        421,
        231,
        292,
        444,
        231,
        215,
        361],
    [   124,
        412,
        190,
        144,
        263,
        105,
        248,
        281,
        312,
        302,
        137,
        104,
        289,
        0,
        107,
        219,
        44,
        306,
        329,
        269,
        338,
        162,
        198,
        264,
        415,
        313,
        42,
        212,
        131,
        328,
        91,
        74,
        221,
        283,
        313,
        66,
        89,
        230,
        132,
        32,
        55,
        353,
        364,
        139,
        326,
        219,
        124,
        37,
        294,
        334,
        291,
        311,
        380,
        344,
        162,
        217,
        304,
        126,
        98,
        392,
        367,
        309,
        257,
        138,
        354,
        373,
        54,
        62,
        294,
        155,
        142,
        106,
        285,
        249,
        148,
        3,
        157,
        60,
        188,
        153],
    [   60,
        479,
        180,
        238,
        369,
        132,
        346,
        327,
        417,
        275,
        190,
        192,
        341,
        107,
        0,
        313,
        135,
        403,
        305,
        355,
        305,
        157,
        304,
        329,
        518,
        310,
        150,
        193,
        128,
        384,
        92,
        106,
        325,
        311,
        415,
        126,
        147,
        330,
        158,
        111,
        75,
        460,
        462,
        238,
        408,
        190,
        181,
        144,
        332,
        372,
        306,
        294,
        463,
        448,
        198,
        323,
        296,
        215,
        117,
        474,
        460,
        415,
        329,
        147,
        447,
        480,
        100,
        90,
        349,
        141,
        167,
        101,
        390,
        344,
        252,
        104,
        133,
        149,
        291,
        248],
    [   343,
        475,
        255,
        225,
        125,
        204,
        251,
        411,
        226,
        505,
        304,
        235,
        407,
        219,
        313,
        0,
        180,
        293,
        529,
        312,
        543,
        241,
        89,
        363,
        217,
        498,
        190,
        417,
        341,
        432,
        237,
        213,
        195,
        439,
        267,
        188,
        274,
        231,
        325,
        240,
        238,
        222,
        328,
        82,
        366,
        429,
        151,
        191,
        432,
        467,
        459,
        506,
        405,
        272,
        337,
        177,
        493,
        98,
        306,
        416,
        354,
        209,
        341,
        340,
        342,
        242,
        214,
        278,
        404,
        252,
        332,
        321,
        219,
        32,
        176,
        221,
        264,
        229,
        198,
        66],
    [   164,
        433,
        167,
        156,
        238,
        80,
        250,
        313,
        299,
        346,
        173,
        125,
        319,
        44,
        135,
        180,
        0,
        308,
        373,
        282,
        382,
        140,
        172,
        289,
        383,
        355,
        47,
        256,
        175,
        356,
        83,
        58,
        215,
        320,
        309,
        36,
        127,
        231,
        173,
        73,
        63,
        334,
        364,
        103,
        340,
        263,
        83,
        41,
        328,
        368,
        330,
        354,
        393,
        336,
        200,
        208,
        346,
        84,
        142,
        405,
        372,
        294,
        278,
        181,
        358,
        354,
        45,
        106,
        322,
        138,
        183,
        150,
        275,
        211,
        144,
        44,
        143,
        88,
        187,
        114],
    [   385,
        197,
        471,
        164,
        184,
        386,
        58,
        223,
        100,
        413,
        240,
        211,
        206,
        306,
        403,
        293,
        308,
        0,
        420,
        76,
        445,
        445,
        204,
        160,
        305,
        365,
        267,
        358,
        326,
        202,
        391,
        367,
        102,
        276,
        45,
        344,
        263,
        77,
        285,
        292,
        360,
        166,
        59,
        263,
        92,
        378,
        362,
        274,
        247,
        262,
        309,
        394,
        114,
        82,
        260,
        118,
        371,
        302,
        306,
        125,
        64,
        120,
        135,
        308,
        51,
        171,
        351,
        315,
        194,
        446,
        284,
        331,
        84,
        291,
        164,
        310,
        451,
        254,
        122,
        278],
    [   244,
        353,
        484,
        323,
        513,
        420,
        388,
        205,
        496,
        30,
        227,
        297,
        226,
        329,
        305,
        529,
        373,
        420,
        0,
        344,
        27,
        459,
        470,
        263,
        676,
        61,
        344,
        118,
        198,
        256,
        387,
        387,
        414,
        150,
        459,
        392,
        255,
        390,
        204,
        300,
        352,
        562,
        469,
        447,
        359,
        116,
        452,
        344,
        185,
        197,
        116,
        26,
        398,
        499,
        194,
        425,
        50,
        450,
        231,
        404,
        443,
        508,
        286,
        192,
        436,
        575,
        370,
        268,
        240,
        445,
        196,
        225,
        466,
        553,
        372,
        330,
        438,
        301,
        381,
        466],
    [   329,
        163,
        449,
        126,
        226,
        362,
        66,
        148,
        165,
        337,
        177,
        166,
        131,
        269,
        355,
        312,
        282,
        76,
        344,
        0,
        369,
        422,
        223,
        83,
        367,
        289,
        236,
        286,
        263,
        135,
        359,
        338,
        120,
        199,
        118,
        318,
        209,
        83,
        222,
        248,
        324,
        234,
        127,
        263,
        58,
        306,
        349,
        242,
        172,
        190,
        232,
        318,
        111,
        157,
        191,
        138,
        294,
        296,
        248,
        122,
        110,
        182,
        58,
        243,
        99,
        242,
        320,
        265,
        121,
        420,
        218,
        272,
        140,
        318,
        150,
        272,
        423,
        211,
        115,
        282],
    [   245,
        380,
        485,
        342,
        532,
        425,
        411,
        231,
        519,
        37,
        244,
        313,
        253,
        338,
        305,
        543,
        382,
        445,
        27,
        369,
        0,
        461,
        487,
        289,
        695,
        88,
        355,
        126,
        206,
        283,
        390,
        392,
        435,
        176,
        482,
        399,
        268,
        412,
        217,
        310,
        357,
        584,
        495,
        461,
        385,
        120,
        460,
        355,
        212,
        224,
        143,
        51,
        425,
        523,
        211,
        446,
        76,
        461,
        241,
        431,
        469,
        530,
        311,
        203,
        461,
        598,
        376,
        276,
        267,
        446,
        210,
        232,
        489,
        568,
        391,
        339,
        439,
        314,
        401,
        479],
    [   216,
        572,
        28,
        296,
        343,
        60,
        388,
        443,
        423,
        429,
        298,
        263,
        451,
        162,
        157,
        241,
        140,
        445,
        459,
        422,
        461,
        0,
        279,
        425,
        458,
        457,
        186,
        343,
        268,
        491,
        75,
        88,
        347,
        441,
        441,
        103,
        249,
        368,
        284,
        192,
        115,
        444,
        498,
        200,
        480,
        343,
        93,
        180,
        454,
        495,
        444,
        446,
        533,
        463,
        319,
        337,
        444,
        159,
        244,
        545,
        509,
        413,
        417,
        283,
        496,
        465,
        107,
        204,
        456,
        18,
        294,
        239,
        402,
        272,
        281,
        159,
        30,
        221,
        323,
        196],
    [   319,
        386,
        300,
        151,
        66,
        227,
        161,
        332,
        149,
        450,
        242,
        174,
        326,
        198,
        304,
        89,
        172,
        204,
        470,
        223,
        487,
        279,
        0,
        279,
        218,
        432,
        158,
        367,
        298,
        347,
        249,
        223,
        105,
        365,
        181,
        196,
        224,
        141,
        273,
        207,
        236,
        165,
        243,
        78,
        276,
        381,
        186,
        163,
        354,
        387,
        388,
        446,
        315,
        193,
        276,
        87,
        430,
        119,
        264,
        326,
        266,
        136,
        256,
        291,
        254,
        186,
        216,
        246,
        321,
        285,
        278,
        284,
        135,
        96,
        99,
        201,
        295,
        184,
        112,
        85],
    [   291,
        150,
        454,
        143,
        296,
        367,
        142,
        64,
        247,
        259,
        139,
        163,
        49,
        264,
        329,
        363,
        289,
        160,
        263,
        83,
        289,
        425,
        279,
        0,
        446,
        206,
        242,
        221,
        217,
        70,
        355,
        338,
        187,
        116,
        201,
        324,
        184,
        152,
        177,
        236,
        316,
        316,
        206,
        299,
        98,
        240,
        366,
        247,
        88,
        111,
        149,
        237,
        147,
        241,
        139,
        203,
        213,
        325,
        213,
        157,
        180,
        263,
        26,
        195,
        172,
        325,
        318,
        240,
        42,
        419,
        170,
        234,
        221,
        375,
        187,
        267,
        421,
        204,
        167,
        320],
    [   537,
        500,
        471,
        353,
        163,
        420,
        304,
        508,
        205,
        659,
        452,
        387,
        496,
        415,
        518,
        217,
        383,
        305,
        676,
        367,
        695,
        458,
        218,
        446,
        0,
        631,
        376,
        580,
        515,
        502,
        451,
        426,
        264,
        552,
        260,
        400,
        441,
        295,
        487,
        426,
        446,
        141,
        301,
        280,
        398,
        596,
        368,
        380,
        533,
        557,
        581,
        650,
        411,
        234,
        484,
        251,
        632,
        310,
        482,
        418,
        340,
        186,
        420,
        507,
        334,
        144,
        423,
        464,
        487,
        470,
        491,
        502,
        227,
        185,
        306,
        417,
        481,
        402,
        295,
        273],
    [   250,
        292,
        483,
        282,
        470,
        412,
        337,
        146,
        445,
        71,
        194,
        263,
        167,
        313,
        310,
        498,
        355,
        365,
        61,
        289,
        88,
        457,
        432,
        206,
        631,
        0,
        320,
        117,
        188,
        195,
        382,
        378,
        367,
        91,
        405,
        379,
        230,
        340,
        182,
        282,
        344,
        513,
        412,
        418,
        299,
        125,
        438,
        322,
        125,
        136,
        57,
        39,
        338,
        445,
        161,
        380,
        17,
        426,
        216,
        344,
        384,
        458,
        230,
        176,
        378,
        524,
        360,
        256,
        180,
        444,
        172,
        217,
        416,
        520,
        333,
        314,
        439,
        275,
        336,
        439],
    [   161,
        386,
        214,
        110,
        221,
        126,
        209,
        268,
        269,
        319,
        131,
        78,
        273,
        42,
        150,
        190,
        47,
        267,
        344,
        236,
        355,
        186,
        158,
        242,
        376,
        320,
        0,
        229,
        151,
        309,
        124,
        101,
        179,
        278,
        272,
        83,
        89,
        190,
        140,
        50,
        93,
        310,
        324,
        107,
        294,
        239,
        126,
        6,
        283,
        323,
        290,
        323,
        347,
        302,
        161,
        175,
        313,
        106,
        116,
        359,
        329,
        266,
        231,
        152,
        316,
        330,
        84,
        89,
        275,
        183,
        148,
        131,
        242,
        218,
        106,
        46,
        187,
        45,
        147,
        124],
    [   132,
        350,
        369,
        228,
        417,
        302,
        315,
        184,
        417,
        90,
        129,
        193,
        205,
        212,
        193,
        417,
        256,
        358,
        118,
        286,
        126,
        343,
        367,
        221,
        580,
        117,
        229,
        0,
        80,
        246,
        269,
        269,
        327,
        144,
        389,
        274,
        144,
        310,
        93,
        183,
        234,
        479,
        414,
        335,
        319,
        19,
        334,
        229,
        177,
        209,
        127,
        102,
        368,
        429,
        100,
        335,
        102,
        334,
        114,
        377,
        395,
        425,
        236,
        77,
        386,
        494,
        252,
        150,
        217,
        329,
        88,
        107,
        387,
        443,
        274,
        212,
        324,
        188,
        291,
        353],
    [   76,
        363,
        295,
        174,
        353,
        224,
        274,
        203,
        368,
        171,
        85,
        131,
        219,
        131,
        128,
        341,
        175,
        326,
        198,
        263,
        206,
        268,
        298,
        217,
        515,
        188,
        151,
        80,
        0,
        262,
        193,
        190,
        275,
        183,
        349,
        193,
        74,
        265,
        41,
        103,
        156,
        425,
        384,
        258,
        307,
        88,
        254,
        150,
        206,
        245,
        179,
        181,
        361,
        388,
        77,
        279,
        176,
        255,
        35,
        371,
        373,
        373,
        223,
        21,
        362,
        442,
        173,
        70,
        229,
        256,
        46,
        29,
        338,
        368,
        212,
        132,
        251,
        114,
        237,
        276],
    [   339,
        104,
        519,
        213,
        359,
        433,
        200,
        61,
        299,
        260,
        196,
        231,
        43,
        328,
        384,
        432,
        356,
        202,
        256,
        135,
        283,
        491,
        347,
        70,
        502,
        195,
        309,
        246,
        262,
        0,
        418,
        403,
        250,
        109,
        247,
        390,
        244,
        214,
        226,
        299,
        379,
        367,
        235,
        369,
        116,
        265,
        435,
        314,
        72,
        65,
        141,
        232,
        145,
        283,
        186,
        267,
        207,
        395,
        266,
        149,
        200,
        317,
        90,
        241,
        197,
        373,
        383,
        298,
        35,
        484,
        218,
        284,
        275,
        443,
        257,
        331,
        484,
        270,
        235,
        390],
    [   146,
        504,
        103,
        233,
        316,
        39,
        332,
        369,
        383,
        357,
        224,
        195,
        378,
        91,
        92,
        237,
        83,
        391,
        387,
        359,
        390,
        75,
        249,
        355,
        451,
        382,
        124,
        269,
        193,
        418,
        0,
        26,
        299,
        365,
        392,
        53,
        175,
        313,
        208,
        119,
        39,
        414,
        447,
        174,
        416,
        271,
        92,
        117,
        379,
        420,
        368,
        372,
        470,
        419,
        244,
        291,
        370,
        140,
        168,
        482,
        453,
        376,
        348,
        207,
        440,
        435,
        39,
        128,
        383,
        65,
        218,
        164,
        359,
        269,
        227,
        88,
        65,
        151,
        270,
        178],
    [   153,
        485,
        116,
        211,
        290,
        33,
        309,
        355,
        357,
        358,
        211,
        176,
        363,
        74,
        106,
        213,
        58,
        367,
        387,
        338,
        392,
        88,
        223,
        338,
        426,
        378,
        101,
        269,
        190,
        403,
        26,
        0,
        273,
        355,
        367,
        27,
        162,
        289,
        200,
        105,
        35,
        388,
        422,
        148,
        395,
        272,
        74,
        95,
        367,
        408,
        360,
        371,
        449,
        394,
        234,
        266,
        367,
        116,
        161,
        461,
        430,
        350,
        329,
        201,
        416,
        409,
        19,
        122,
        368,
        82,
        210,
        161,
        333,
        245,
        202,
        71,
        85,
        133,
        245,
        153],
    [   320,
        281,
        372,
        100,
        109,
        289,
        56,
        246,
        94,
        399,
        198,
        145,
        236,
        221,
        325,
        195,
        215,
        102,
        414,
        120,
        435,
        347,
        105,
        187,
        264,
        367,
        179,
        327,
        275,
        250,
        299,
        273,
        0,
        288,
        93,
        249,
        203,
        37,
        240,
        214,
        272,
        151,
        151,
        160,
        171,
        345,
        262,
        185,
        270,
        298,
        317,
        388,
        210,
        122,
        227,
        17,
        369,
        199,
        247,
        221,
        167,
        98,
        162,
        262,
        154,
        167,
        259,
        245,
        229,
        349,
        241,
        271,
        64,
        198,
        73,
        225,
        356,
        179,
        37,
        176],
    [   258,
        212,
        469,
        214,
        395,
        388,
        252,
        55,
        360,
        151,
        147,
        208,
        76,
        283,
        311,
        439,
        320,
        276,
        150,
        199,
        176,
        441,
        365,
        116,
        552,
        91,
        278,
        144,
        183,
        109,
        365,
        355,
        288,
        0,
        317,
        350,
        194,
        258,
        157,
        251,
        325,
        428,
        321,
        364,
        208,
        162,
        403,
        281,
        36,
        65,
        34,
        125,
        248,
        357,
        121,
        302,
        100,
        379,
        198,
        255,
        293,
        374,
        140,
        163,
        287,
        439,
        336,
        236,
        90,
        430,
        147,
        209,
        332,
        457,
        265,
        285,
        428,
        233,
        260,
        385],
    [   403,
        240,
        465,
        179,
        150,
        383,
        75,
        266,
        56,
        449,
        266,
        226,
        249,
        313,
        415,
        267,
        309,
        45,
        459,
        118,
        482,
        441,
        181,
        201,
        260,
        405,
        272,
        389,
        349,
        247,
        392,
        367,
        93,
        317,
        0,
        343,
        282,
        85,
        311,
        303,
        365,
        121,
        61,
        249,
        137,
        408,
        354,
        278,
        290,
        307,
        349,
        432,
        153,
        40,
        289,
        104,
        410,
        290,
        326,
        162,
        90,
        77,
        176,
        333,
        79,
        126,
        353,
        331,
        238,
        443,
        310,
        351,
        48,
        261,
        165,
        316,
        450,
        266,
        124,
        262],
    [   167,
        469,
        131,
        192,
        263,
        43,
        286,
        346,
        331,
        364,
        203,
        160,
        352,
        66,
        126,
        188,
        36,
        344,
        392,
        318,
        399,
        103,
        196,
        324,
        400,
        379,
        83,
        274,
        193,
        390,
        53,
        27,
        249,
        350,
        343,
        0,
        155,
        266,
        198,
        98,
        50,
        361,
        398,
        121,
        376,
        279,
        60,
        77,
        359,
        400,
        357,
        374,
        429,
        368,
        229,
        240,
        368,
        90,
        162,
        441,
        407,
        323,
        314,
        202,
        394,
        382,
        26,
        123,
        356,
        102,
        208,
        166,
        307,
        220,
        179,
        64,
        107,
        120,
        222,
        127],
    [   121,
        335,
        277,
        104,
        278,
        194,
        209,
        194,
        297,
        231,
        49,
        58,
        203,
        89,
        147,
        274,
        127,
        263,
        255,
        209,
        268,
        249,
        224,
        184,
        441,
        230,
        89,
        144,
        74,
        244,
        175,
        162,
        203,
        194,
        282,
        155,
        0,
        197,
        51,
        57,
        135,
        352,
        323,
        192,
        261,
        157,
        210,
        91,
        205,
        246,
        203,
        234,
        316,
        319,
        73,
        206,
        223,
        195,
        44,
        327,
        317,
        300,
        183,
        67,
        304,
        369,
        142,
        56,
        209,
        240,
        59,
        68,
        267,
        299,
        138,
        91,
        240,
        45,
        165,
        211],
    [   318,
        244,
        394,
        93,
        144,
        308,
        21,
        213,
        107,
        377,
        183,
        141,
        201,
        230,
        330,
        231,
        231,
        77,
        390,
        83,
        412,
        368,
        141,
        152,
        295,
        340,
        190,
        310,
        265,
        214,
        313,
        289,
        37,
        258,
        85,
        266,
        197,
        0,
        227,
        218,
        284,
        172,
        133,
        189,
        134,
        328,
        286,
        197,
        237,
        263,
        288,
        363,
        176,
        122,
        209,
        55,
        342,
        227,
        241,
        188,
        141,
        118,
        126,
        250,
        128,
        186,
        274,
        245,
        194,
        368,
        227,
        266,
        77,
        235,
        87,
        234,
        374,
        181,
        44,
        207],
    [   113,
        325,
        312,
        139,
        324,
        234,
        235,
        169,
        332,
        180,
        45,
        100,
        183,
        132,
        158,
        325,
        173,
        285,
        204,
        222,
        217,
        284,
        273,
        177,
        487,
        182,
        140,
        93,
        41,
        226,
        208,
        200,
        240,
        157,
        311,
        198,
        51,
        227,
        0,
        100,
        169,
        391,
        344,
        243,
        266,
        108,
        256,
        140,
        175,
        215,
        160,
        183,
        320,
        349,
        40,
        246,
        173,
        246,
        41,
        330,
        332,
        338,
        183,
        22,
        321,
        407,
        181,
        79,
        192,
        273,
        10,
        57,
        302,
        350,
        181,
        133,
        271,
        96,
        202,
        262],
    [   111,
        386,
        220,
        127,
        269,
        137,
        234,
        250,
        307,
        273,
        106,
        82,
        259,
        32,
        111,
        240,
        73,
        292,
        300,
        248,
        310,
        192,
        207,
        236,
        426,
        282,
        50,
        183,
        103,
        299,
        119,
        105,
        214,
        251,
        303,
        98,
        57,
        218,
        100,
        0,
        80,
        354,
        350,
        157,
        304,
        191,
        155,
        48,
        262,
        303,
        258,
        280,
        358,
        336,
        130,
        213,
        272,
        151,
        68,
        370,
        350,
        307,
        231,
        107,
        337,
        373,
        85,
        38,
        264,
        184,
        109,
        81,
        279,
        268,
        142,
        34,
        185,
        38,
        179,
        174],
    [   118,
        466,
        143,
        199,
        302,
        68,
        302,
        329,
        360,
        323,
        184,
        159,
        339,
        55,
        75,
        238,
        63,
        360,
        352,
        324,
        357,
        115,
        236,
        316,
        446,
        344,
        93,
        234,
        156,
        379,
        39,
        35,
        272,
        325,
        365,
        50,
        135,
        284,
        169,
        80,
        0,
        397,
        417,
        165,
        381,
        236,
        108,
        87,
        340,
        380,
        329,
        336,
        435,
        395,
        204,
        267,
        332,
        139,
        129,
        447,
        421,
        355,
        311,
        168,
        408,
        417,
        24,
        89,
        344,
        105,
        179,
        127,
        335,
        269,
        199,
        51,
        104,
        114,
        241,
        174],
    [   464,
        359,
        464,
        251,
        101,
        393,
        176,
        380,
        69,
        549,
        350,
        294,
        365,
        353,
        460,
        222,
        334,
        166,
        562,
        234,
        584,
        444,
        165,
        316,
        141,
        513,
        310,
        479,
        425,
        367,
        414,
        388,
        151,
        428,
        121,
        361,
        352,
        172,
        391,
        354,
        397,
        0,
        160,
        244,
        258,
        497,
        351,
        316,
        405,
        425,
        459,
        536,
        269,
        93,
        379,
        145,
        515,
        284,
        396,
        277,
        199,
        54,
        290,
        413,
        193,
        21,
        378,
        389,
        355,
        451,
        393,
        419,
        96,
        202,
        215,
        356,
        460,
        322,
        188,
        248],
    [   444,
        203,
        524,
        223,
        209,
        440,
        116,
        267,
        108,
        464,
        298,
        270,
        247,
        364,
        462,
        328,
        364,
        59,
        469,
        127,
        495,
        498,
        243,
        206,
        301,
        412,
        324,
        414,
        384,
        235,
        447,
        422,
        151,
        321,
        61,
        398,
        323,
        133,
        344,
        350,
        417,
        160,
        0,
        309,
        118,
        433,
        413,
        330,
        290,
        299,
        355,
        443,
        112,
        67,
        317,
        163,
        419,
        350,
        365,
        118,
        40,
        130,
        183,
        366,
        38,
        157,
        407,
        374,
        235,
        500,
        341,
        390,
        109,
        321,
        219,
        367,
        506,
        312,
        176,
        323],
    [   263,
        426,
        222,
        156,
        143,
        149,
        211,
        341,
        224,
        423,
        224,
        157,
        340,
        139,
        238,
        82,
        103,
        263,
        447,
        263,
        461,
        200,
        78,
        299,
        280,
        418,
        107,
        335,
        258,
        369,
        174,
        148,
        160,
        364,
        249,
        121,
        192,
        189,
        243,
        157,
        165,
        244,
        309,
        0,
        320,
        346,
        108,
        109,
        361,
        398,
        382,
        425,
        366,
        267,
        257,
        146,
        413,
        41,
        223,
        378,
        327,
        213,
        281,
        257,
        314,
        265,
        143,
        196,
        339,
        207,
        251,
        239,
        206,
        110,
        114,
        141,
        216,
        146,
        148,
        20],
    [   377,
        110,
        508,
        184,
        270,
        420,
        114,
        153,
        192,
        356,
        223,
        222,
        132,
        326,
        408,
        366,
        340,
        92,
        359,
        58,
        385,
        480,
        276,
        98,
        398,
        299,
        294,
        319,
        307,
        116,
        416,
        395,
        171,
        208,
        137,
        376,
        261,
        134,
        266,
        304,
        381,
        258,
        118,
        320,
        0,
        339,
        408,
        300,
        175,
        181,
        242,
        333,
        54,
        170,
        231,
        188,
        308,
        354,
        297,
        66,
        85,
        212,
        84,
        286,
        80,
        262,
        377,
        317,
        119,
        478,
        261,
        320,
        174,
        369,
        208,
        329,
        481,
        267,
        172,
        339],
    [   129,
        369,
        368,
        245,
        432,
        305,
        333,
        203,
        435,
        86,
        146,
        208,
        224,
        219,
        190,
        429,
        263,
        378,
        116,
        306,
        120,
        343,
        381,
        240,
        596,
        125,
        239,
        19,
        88,
        265,
        271,
        272,
        345,
        162,
        408,
        279,
        157,
        328,
        108,
        191,
        236,
        497,
        433,
        346,
        339,
        0,
        340,
        238,
        195,
        226,
        142,
        104,
        388,
        448,
        119,
        352,
        109,
        343,
        123,
        397,
        415,
        443,
        255,
        89,
        406,
        512,
        256,
        157,
        236,
        329,
        104,
        112,
        405,
        455,
        290,
        219,
        322,
        200,
        308,
        364],
    [   227,
        507,
        113,
        227,
        249,
        54,
        307,
        395,
        332,
        425,
        256,
        204,
        399,
        124,
        181,
        151,
        83,
        362,
        452,
        349,
        460,
        93,
        186,
        366,
        368,
        438,
        126,
        334,
        254,
        435,
        92,
        74,
        262,
        403,
        354,
        60,
        210,
        286,
        256,
        155,
        108,
        351,
        413,
        108,
        408,
        340,
        0,
        123,
        410,
        450,
        413,
        434,
        458,
        374,
        284,
        250,
        428,
        66,
        222,
        470,
        427,
        321,
        353,
        262,
        414,
        372,
        85,
        183,
        401,
        102,
        265,
        227,
        313,
        183,
        201,
        123,
        113,
        170,
        242,
        103],
    [   157,
        392,
        208,
        116,
        226,
        121,
        215,
        272,
        275,
        319,
        134,
        83,
        277,
        37,
        144,
        191,
        41,
        274,
        344,
        242,
        355,
        180,
        163,
        247,
        380,
        322,
        6,
        229,
        150,
        314,
        117,
        95,
        185,
        281,
        278,
        77,
        91,
        197,
        140,
        48,
        87,
        316,
        330,
        109,
        300,
        238,
        123,
        0,
        287,
        327,
        293,
        323,
        353,
        308,
        163,
        181,
        314,
        105,
        115,
        365,
        336,
        272,
        236,
        152,
        322,
        336,
        77,
        86,
        280,
        177,
        149,
        130,
        248,
        220,
        112,
        40,
        181,
        48,
        154,
        126],
    [   282,
        175,
        483,
        207,
        379,
        399,
        229,
        24,
        336,
        187,
        156,
        208,
        42,
        294,
        332,
        432,
        328,
        247,
        185,
        172,
        212,
        454,
        354,
        88,
        533,
        125,
        283,
        177,
        206,
        72,
        379,
        367,
        270,
        36,
        290,
        359,
        205,
        237,
        175,
        262,
        340,
        405,
        290,
        361,
        175,
        195,
        410,
        287,
        0,
        40,
        69,
        161,
        213,
        329,
        136,
        286,
        136,
        380,
        217,
        219,
        260,
        351,
        114,
        185,
        254,
        414,
        348,
        253,
        55,
        445,
        166,
        231,
        309,
        448,
        257,
        296,
        444,
        239,
        246,
        382],
    [   321,
        156,
        523,
        242,
        407,
        440,
        253,
        56,
        356,
        205,
        197,
        247,
        62,
        334,
        372,
        467,
        368,
        262,
        197,
        190,
        224,
        495,
        387,
        111,
        557,
        136,
        323,
        209,
        245,
        65,
        420,
        408,
        298,
        65,
        307,
        400,
        246,
        263,
        215,
        303,
        380,
        425,
        299,
        398,
        181,
        226,
        450,
        327,
        40,
        0,
        88,
        175,
        209,
        344,
        176,
        314,
        150,
        419,
        257,
        213,
        265,
        373,
        137,
        224,
        262,
        433,
        388,
        293,
        69,
        486,
        206,
        270,
        331,
        482,
        291,
        337,
        485,
        280,
        276,
        419],
    [   250,
        241,
        471,
        237,
        422,
        394,
        283,
        89,
        391,
        119,
        159,
        225,
        110,
        291,
        306,
        459,
        330,
        309,
        116,
        232,
        143,
        444,
        388,
        149,
        581,
        57,
        290,
        127,
        179,
        141,
        368,
        360,
        317,
        34,
        349,
        357,
        203,
        288,
        160,
        258,
        329,
        459,
        355,
        382,
        242,
        142,
        413,
        293,
        69,
        88,
        0,
        91,
        282,
        389,
        129,
        330,
        66,
        394,
        200,
        288,
        327,
        405,
        173,
        161,
        321,
        470,
        341,
        239,
        124,
        432,
        150,
        207,
        363,
        479,
        289,
        292,
        429,
        245,
        287,
        403],
    [   233,
        331,
        471,
        298,
        488,
        404,
        362,
        180,
        470,
        32,
        204,
        273,
        201,
        311,
        294,
        506,
        354,
        394,
        26,
        318,
        51,
        446,
        446,
        237,
        650,
        39,
        323,
        102,
        181,
        232,
        372,
        371,
        388,
        125,
        432,
        374,
        234,
        363,
        183,
        280,
        336,
        536,
        443,
        425,
        333,
        104,
        434,
        323,
        161,
        175,
        91,
        0,
        374,
        473,
        170,
        400,
        25,
        429,
        212,
        380,
        417,
        482,
        260,
        173,
        410,
        549,
        354,
        251,
        215,
        432,
        174,
        209,
        440,
        530,
        348,
        311,
        426,
        279,
        355,
        445],
    [   431,
        91,
        560,
        237,
        299,
        473,
        155,
        194,
        209,
        399,
        277,
        276,
        172,
        380,
        463,
        405,
        393,
        114,
        398,
        111,
        425,
        533,
        315,
        147,
        411,
        338,
        347,
        368,
        361,
        145,
        470,
        449,
        210,
        248,
        153,
        429,
        316,
        176,
        320,
        358,
        435,
        269,
        112,
        366,
        54,
        388,
        458,
        353,
        213,
        209,
        282,
        374,
        0,
        176,
        284,
        227,
        349,
        402,
        351,
        12,
        71,
        231,
        137,
        340,
        76,
        269,
        431,
        372,
        158,
        531,
        314,
        374,
        198,
        405,
        257,
        383,
        534,
        321,
        218,
        384],
    [   439,
        267,
        487,
        215,
        149,
        407,
        114,
        305,
        46,
        489,
        305,
        262,
        288,
        344,
        448,
        272,
        336,
        82,
        499,
        157,
        523,
        463,
        193,
        241,
        234,
        445,
        302,
        429,
        388,
        283,
        419,
        394,
        122,
        357,
        40,
        368,
        319,
        122,
        349,
        336,
        395,
        93,
        67,
        267,
        170,
        448,
        374,
        308,
        329,
        344,
        389,
        473,
        176,
        0,
        329,
        128,
        450,
        308,
        363,
        184,
        106,
        65,
        216,
        372,
        100,
        93,
        381,
        365,
        276,
        467,
        349,
        388,
        61,
        262,
        196,
        347,
        475,
        300,
        157,
        277],
    [   153,
        285,
        348,
        130,
        321,
        267,
        214,
        129,
        317,
        174,
        33,
        103,
        143,
        162,
        198,
        337,
        200,
        260,
        194,
        191,
        211,
        319,
        276,
        139,
        484,
        161,
        161,
        100,
        77,
        186,
        244,
        234,
        227,
        121,
        289,
        229,
        73,
        209,
        40,
        130,
        204,
        379,
        317,
        257,
        231,
        119,
        284,
        163,
        136,
        176,
        129,
        170,
        284,
        329,
        0,
        236,
        155,
        266,
        80,
        294,
        302,
        325,
        147,
        56,
        291,
        394,
        214,
        116,
        152,
        310,
        31,
        97,
        286,
        360,
        179,
        164,
        308,
        116,
        192,
        277],
    [   321,
        299,
        361,
        107,
        93,
        279,
        74,
        262,
        94,
        409,
        206,
        148,
        252,
        217,
        323,
        177,
        208,
        118,
        425,
        138,
        446,
        337,
        87,
        203,
        251,
        380,
        175,
        335,
        279,
        267,
        291,
        266,
        17,
        302,
        104,
        240,
        206,
        55,
        246,
        213,
        267,
        145,
        163,
        146,
        188,
        352,
        250,
        181,
        286,
        314,
        330,
        400,
        227,
        128,
        236,
        0,
        380,
        186,
        251,
        238,
        182,
        94,
        178,
        267,
        169,
        163,
        252,
        246,
        246,
        340,
        248,
        274,
        67,
        181,
        71,
        221,
        347,
        179,
        44,
        161],
    [   235,
        306,
        471,
        280,
        470,
        400,
        340,
        155,
        449,
        55,
        189,
        258,
        176,
        304,
        296,
        493,
        346,
        371,
        50,
        294,
        76,
        444,
        430,
        213,
        632,
        17,
        313,
        102,
        176,
        207,
        370,
        367,
        369,
        100,
        410,
        368,
        223,
        342,
        173,
        272,
        332,
        515,
        419,
        413,
        308,
        109,
        428,
        314,
        136,
        150,
        66,
        25,
        349,
        450,
        155,
        380,
        0,
        419,
        206,
        355,
        393,
        461,
        236,
        166,
        386,
        528,
        349,
        245,
        190,
        431,
        164,
        205,
        419,
        515,
        331,
        305,
        426,
        268,
        336,
        433],
    [   248,
        458,
        180,
        182,
        183,
        111,
        248,
        362,
        266,
        424,
        234,
        172,
        363,
        126,
        215,
        98,
        84,
        302,
        450,
        296,
        461,
        159,
        119,
        325,
        310,
        426,
        106,
        334,
        255,
        395,
        140,
        116,
        199,
        379,
        290,
        90,
        195,
        227,
        246,
        151,
        139,
        284,
        350,
        41,
        354,
        343,
        66,
        105,
        380,
        419,
        394,
        429,
        402,
        308,
        266,
        186,
        419,
        0,
        220,
        414,
        367,
        254,
        309,
        257,
        353,
        305,
        115,
        187,
        363,
        167,
        254,
        232,
        248,
        130,
        146,
        127,
        177,
        151,
        184,
        38],
    [   80,
        362,
        271,
        148,
        320,
        195,
        252,
        210,
        342,
        204,
        74,
        102,
        223,
        98,
        117,
        306,
        142,
        306,
        231,
        248,
        241,
        244,
        264,
        213,
        482,
        216,
        116,
        114,
        35,
        266,
        168,
        161,
        247,
        198,
        326,
        162,
        44,
        241,
        41,
        68,
        129,
        396,
        365,
        223,
        297,
        123,
        222,
        115,
        217,
        257,
        200,
        212,
        351,
        363,
        80,
        251,
        206,
        220,
        0,
        362,
        357,
        345,
        215,
        40,
        345,
        414,
        143,
        39,
        231,
        232,
        51,
        24,
        312,
        333,
        181,
        99,
        230,
        80,
        210,
        241],
    [   442,
        86,
        572,
        249,
        309,
        485,
        167,
        201,
        218,
        406,
        288,
        288,
        179,
        392,
        474,
        416,
        405,
        125,
        404,
        122,
        431,
        545,
        326,
        157,
        418,
        344,
        359,
        377,
        371,
        149,
        482,
        461,
        221,
        255,
        162,
        441,
        327,
        188,
        330,
        370,
        447,
        277,
        118,
        378,
        66,
        397,
        470,
        365,
        219,
        213,
        288,
        380,
        12,
        184,
        294,
        238,
        355,
        414,
        362,
        0,
        78,
        239,
        147,
        350,
        84,
        275,
        443,
        383,
        165,
        543,
        325,
        385,
        207,
        416,
        269,
        395,
        546,
        333,
        230,
        395],
    [   438,
        163,
        535,
        223,
        240,
        450,
        121,
        238,
        143,
        439,
        287,
        268,
        218,
        367,
        460,
        354,
        372,
        64,
        443,
        110,
        469,
        509,
        266,
        180,
        340,
        384,
        329,
        395,
        373,
        200,
        453,
        430,
        167,
        293,
        90,
        407,
        317,
        141,
        332,
        350,
        421,
        199,
        40,
        327,
        85,
        415,
        427,
        336,
        260,
        265,
        327,
        417,
        71,
        106,
        302,
        182,
        393,
        367,
        357,
        78,
        0,
        165,
        160,
        354,
        13,
        197,
        413,
        371,
        204,
        509,
        329,
        381,
        137,
        350,
        228,
        370,
        515,
        312,
        186,
        343],
    [   415,
        317,
        435,
        199,
        84,
        359,
        122,
        327,
        21,
        494,
        296,
        242,
        313,
        309,
        415,
        209,
        294,
        120,
        508,
        182,
        530,
        413,
        136,
        263,
        186,
        458,
        266,
        425,
        373,
        317,
        376,
        350,
        98,
        374,
        77,
        323,
        300,
        118,
        338,
        307,
        355,
        54,
        130,
        213,
        212,
        443,
        321,
        272,
        351,
        373,
        405,
        482,
        231,
        65,
        325,
        94,
        461,
        254,
        345,
        239,
        165,
        0,
        237,
        360,
        156,
        69,
        339,
        340,
        303,
        418,
        340,
        369,
        42,
        197,
        165,
        312,
        427,
        273,
        135,
        221],
    [   295,
        155,
        445,
        127,
        271,
        357,
        116,
        89,
        221,
        280,
        141,
        153,
        75,
        257,
        329,
        341,
        278,
        135,
        286,
        58,
        311,
        417,
        256,
        26,
        420,
        230,
        231,
        236,
        223,
        90,
        348,
        329,
        162,
        140,
        176,
        314,
        183,
        126,
        183,
        231,
        311,
        290,
        183,
        281,
        84,
        255,
        353,
        236,
        114,
        137,
        173,
        260,
        137,
        216,
        147,
        178,
        236,
        309,
        215,
        147,
        160,
        237,
        0,
        202,
        152,
        299,
        310,
        239,
        67,
        412,
        177,
        238,
        195,
        352,
        167,
        260,
        414,
        197,
        144,
        301],
    [   98,
        341,
        310,
        161,
        344,
        235,
        258,
        182,
        354,
        166,
        67,
        120,
        198,
        138,
        147,
        340,
        181,
        308,
        192,
        243,
        203,
        283,
        291,
        195,
        507,
        176,
        152,
        77,
        21,
        241,
        207,
        201,
        262,
        163,
        333,
        202,
        67,
        250,
        22,
        107,
        168,
        413,
        366,
        257,
        286,
        89,
        262,
        152,
        185,
        224,
        161,
        173,
        340,
        372,
        56,
        267,
        166,
        257,
        40,
        350,
        354,
        360,
        202,
        0,
        343,
        429,
        183,
        79,
        207,
        271,
        25,
        46,
        324,
        366,
        202,
        139,
        267,
        111,
        224,
        276],
    [   426,
        167,
        522,
        210,
        229,
        436,
        107,
        232,
        134,
        431,
        276,
        255,
        212,
        354,
        447,
        342,
        358,
        51,
        436,
        99,
        461,
        496,
        254,
        172,
        334,
        378,
        316,
        386,
        362,
        197,
        440,
        416,
        154,
        287,
        79,
        394,
        304,
        128,
        321,
        337,
        408,
        193,
        38,
        314,
        80,
        406,
        414,
        322,
        254,
        262,
        321,
        410,
        76,
        100,
        291,
        169,
        386,
        353,
        345,
        84,
        13,
        156,
        152,
        343,
        0,
        192,
        400,
        358,
        199,
        496,
        318,
        370,
        127,
        339,
        215,
        357,
        501,
        299,
        172,
        330],
    [   483,
        359,
        485,
        268,
        122,
        414,
        187,
        389,
        79,
        563,
        366,
        311,
        374,
        373,
        480,
        242,
        354,
        171,
        575,
        242,
        598,
        465,
        186,
        325,
        144,
        524,
        330,
        494,
        442,
        373,
        435,
        409,
        167,
        439,
        126,
        382,
        369,
        186,
        407,
        373,
        417,
        21,
        157,
        265,
        262,
        512,
        372,
        336,
        414,
        433,
        470,
        549,
        269,
        93,
        394,
        163,
        528,
        305,
        414,
        275,
        197,
        69,
        299,
        429,
        192,
        0,
        399,
        407,
        363,
        472,
        409,
        437,
        108,
        222,
        233,
        376,
        481,
        340,
        205,
        269],
    [   141,
        466,
        136,
        193,
        282,
        52,
        293,
        335,
        345,
        342,
        191,
        157,
        344,
        54,
        100,
        214,
        45,
        351,
        370,
        320,
        376,
        107,
        216,
        318,
        423,
        360,
        84,
        252,
        173,
        383,
        39,
        19,
        259,
        336,
        353,
        26,
        142,
        274,
        181,
        85,
        24,
        378,
        407,
        143,
        377,
        256,
        85,
        77,
        348,
        388,
        341,
        354,
        431,
        381,
        214,
        252,
        349,
        115,
        143,
        443,
        413,
        339,
        310,
        183,
        400,
        399,
        0,
        103,
        348,
        101,
        191,
        144,
        320,
        246,
        187,
        51,
        103,
        114,
        230,
        151],
    [   75,
        391,
        232,
        151,
        306,
        155,
        259,
        244,
        339,
        241,
        101,
        104,
        256,
        62,
        90,
        278,
        106,
        315,
        268,
        265,
        276,
        204,
        246,
        240,
        464,
        256,
        89,
        150,
        70,
        298,
        128,
        122,
        245,
        236,
        331,
        123,
        56,
        245,
        79,
        38,
        89,
        389,
        374,
        196,
        317,
        157,
        183,
        86,
        253,
        293,
        239,
        251,
        372,
        365,
        116,
        246,
        245,
        187,
        39,
        383,
        371,
        340,
        239,
        79,
        358,
        407,
        103,
        0,
        263,
        193,
        89,
        44,
        310,
        307,
        174,
        62,
        191,
        66,
        209,
        212],
    [   305,
        135,
        484,
        183,
        338,
        398,
        183,
        35,
        286,
        240,
        161,
        197,
        13,
        294,
        349,
        404,
        322,
        194,
        240,
        121,
        267,
        456,
        321,
        42,
        487,
        180,
        275,
        217,
        229,
        35,
        383,
        368,
        229,
        90,
        238,
        356,
        209,
        194,
        192,
        264,
        344,
        355,
        235,
        339,
        119,
        236,
        401,
        280,
        55,
        69,
        124,
        215,
        158,
        276,
        152,
        246,
        190,
        363,
        231,
        165,
        204,
        303,
        67,
        207,
        199,
        363,
        348,
        263,
        0,
        449,
        184,
        250,
        261,
        417,
        228,
        296,
        449,
        235,
        210,
        360],
    [   200,
        567,
        39,
        293,
        350,
        60,
        388,
        434,
        427,
        415,
        290,
        258,
        444,
        155,
        141,
        252,
        138,
        446,
        445,
        420,
        446,
        18,
        285,
        419,
        470,
        444,
        183,
        329,
        256,
        484,
        65,
        82,
        349,
        430,
        443,
        102,
        240,
        368,
        273,
        184,
        105,
        451,
        500,
        207,
        478,
        329,
        102,
        177,
        445,
        486,
        432,
        432,
        531,
        467,
        310,
        340,
        431,
        167,
        232,
        543,
        509,
        418,
        412,
        271,
        496,
        472,
        101,
        193,
        449,
        0,
        283,
        226,
        406,
        284,
        281,
        152,
        12,
        215,
        324,
        204],
    [   121,
        317,
        322,
        141,
        328,
        244,
        235,
        160,
        333,
        173,
        44,
        104,
        175,
        142,
        167,
        332,
        183,
        284,
        196,
        218,
        210,
        294,
        278,
        170,
        491,
        172,
        148,
        88,
        46,
        218,
        218,
        210,
        241,
        147,
        310,
        208,
        59,
        227,
        10,
        109,
        179,
        393,
        341,
        251,
        261,
        104,
        265,
        149,
        166,
        206,
        150,
        174,
        314,
        349,
        31,
        248,
        164,
        254,
        51,
        325,
        329,
        340,
        177,
        25,
        318,
        409,
        191,
        89,
        184,
        283,
        0,
        66,
        303,
        357,
        185,
        143,
        281,
        104,
        204,
        270],
    [   57,
        382,
        266,
        172,
        342,
        195,
        277,
        226,
        366,
        197,
        96,
        126,
        241,
        106,
        101,
        321,
        150,
        331,
        225,
        272,
        232,
        239,
        284,
        234,
        502,
        217,
        131,
        107,
        29,
        284,
        164,
        161,
        271,
        209,
        351,
        166,
        68,
        266,
        57,
        81,
        127,
        419,
        390,
        239,
        320,
        112,
        227,
        130,
        231,
        270,
        207,
        209,
        374,
        388,
        97,
        274,
        205,
        232,
        24,
        385,
        381,
        369,
        238,
        46,
        370,
        437,
        144,
        44,
        250,
        226,
        66,
        0,
        336,
        349,
        204,
        106,
        222,
        100,
        234,
        256],
    [   385,
        281,
        426,
        163,
        102,
        346,
        79,
        284,
        30,
        454,
        259,
        209,
        270,
        285,
        390,
        219,
        275,
        84,
        466,
        140,
        489,
        402,
        135,
        221,
        227,
        416,
        242,
        387,
        338,
        275,
        359,
        333,
        64,
        332,
        48,
        307,
        267,
        77,
        302,
        279,
        335,
        96,
        109,
        206,
        174,
        405,
        313,
        248,
        309,
        331,
        363,
        440,
        198,
        61,
        286,
        67,
        419,
        248,
        312,
        207,
        137,
        42,
        195,
        324,
        127,
        108,
        320,
        310,
        261,
        406,
        303,
        336,
        0,
        213,
        137,
        288,
        413,
        244,
        101,
        218],
    [   373,
        480,
        285,
        242,
        113,
        236,
        255,
        426,
        216,
        530,
        326,
        257,
        421,
        249,
        344,
        32,
        211,
        291,
        553,
        318,
        568,
        272,
        96,
        375,
        185,
        520,
        218,
        443,
        368,
        443,
        269,
        245,
        198,
        457,
        261,
        220,
        299,
        235,
        350,
        268,
        269,
        202,
        321,
        110,
        369,
        455,
        183,
        220,
        448,
        482,
        479,
        530,
        405,
        262,
        360,
        181,
        515,
        130,
        333,
        416,
        350,
        197,
        352,
        366,
        339,
        222,
        246,
        307,
        417,
        284,
        357,
        349,
        213,
        0,
        191,
        251,
        295,
        255,
        208,
        96],
    [   250,
        312,
        307,
        51,
        142,
        221,
        107,
        235,
        165,
        354,
        146,
        81,
        231,
        148,
        252,
        176,
        144,
        164,
        372,
        150,
        391,
        281,
        99,
        187,
        306,
        333,
        106,
        274,
        212,
        257,
        227,
        202,
        73,
        265,
        165,
        179,
        138,
        87,
        181,
        142,
        199,
        215,
        219,
        114,
        208,
        290,
        201,
        112,
        257,
        291,
        289,
        348,
        257,
        196,
        179,
        71,
        331,
        146,
        181,
        269,
        228,
        165,
        167,
        202,
        215,
        233,
        187,
        174,
        228,
        281,
        185,
        204,
        137,
        191,
        0,
        151,
        287,
        107,
        42,
        134],
    [   122,
        415,
        188,
        147,
        265,
        103,
        251,
        284,
        315,
        303,
        140,
        107,
        292,
        3,
        104,
        221,
        44,
        310,
        330,
        272,
        339,
        159,
        201,
        267,
        417,
        314,
        46,
        212,
        132,
        331,
        88,
        71,
        225,
        285,
        316,
        64,
        91,
        234,
        133,
        34,
        51,
        356,
        367,
        141,
        329,
        219,
        123,
        40,
        296,
        337,
        292,
        311,
        383,
        347,
        164,
        221,
        305,
        127,
        99,
        395,
        370,
        312,
        260,
        139,
        357,
        376,
        51,
        62,
        296,
        152,
        143,
        106,
        288,
        251,
        151,
        0,
        154,
        63,
        192,
        155],
    [   194,
        569,
        46,
        297,
        360,
        67,
        394,
        434,
        435,
        408,
        289,
        261,
        444,
        157,
        133,
        264,
        143,
        451,
        438,
        423,
        439,
        30,
        295,
        421,
        481,
        439,
        187,
        324,
        251,
        484,
        65,
        85,
        356,
        428,
        450,
        107,
        240,
        374,
        271,
        185,
        104,
        460,
        506,
        216,
        481,
        322,
        113,
        181,
        444,
        485,
        429,
        426,
        534,
        475,
        308,
        347,
        426,
        177,
        230,
        546,
        515,
        427,
        414,
        267,
        501,
        481,
        103,
        191,
        449,
        12,
        281,
        222,
        413,
        295,
        287,
        154,
        0,
        217,
        330,
        215],
    [   142,
        352,
        249,
        89,
        241,
        163,
        196,
        225,
        272,
        276,
        85,
        45,
        231,
        60,
        149,
        229,
        88,
        254,
        301,
        211,
        314,
        221,
        184,
        204,
        402,
        275,
        45,
        188,
        114,
        270,
        151,
        133,
        179,
        233,
        266,
        120,
        45,
        181,
        96,
        38,
        114,
        322,
        312,
        146,
        267,
        200,
        170,
        48,
        239,
        280,
        245,
        279,
        321,
        300,
        116,
        179,
        268,
        151,
        80,
        333,
        312,
        273,
        197,
        111,
        299,
        340,
        114,
        66,
        235,
        215,
        104,
        100,
        244,
        255,
        107,
        63,
        217,
        0,
        143,
        165],
    [   283,
        279,
        349,
        63,
        134,
        264,
        65,
        222,
        131,
        365,
        162,
        107,
        215,
        188,
        291,
        198,
        187,
        122,
        381,
        115,
        401,
        323,
        112,
        167,
        295,
        336,
        147,
        291,
        237,
        235,
        270,
        245,
        37,
        260,
        124,
        222,
        165,
        44,
        202,
        179,
        241,
        188,
        176,
        148,
        172,
        308,
        242,
        154,
        246,
        276,
        287,
        355,
        218,
        157,
        192,
        44,
        336,
        184,
        210,
        230,
        186,
        135,
        144,
        224,
        172,
        205,
        230,
        209,
        210,
        324,
        204,
        234,
        101,
        208,
        42,
        192,
        330,
        143,
        0,
        167],
    [   277,
        445,
        216,
        177,
        146,
        149,
        228,
        362,
        233,
        442,
        244,
        177,
        361,
        153,
        248,
        66,
        114,
        278,
        466,
        282,
        479,
        196,
        85,
        320,
        273,
        439,
        124,
        353,
        276,
        390,
        178,
        153,
        176,
        385,
        262,
        127,
        211,
        207,
        262,
        174,
        174,
        248,
        323,
        20,
        339,
        364,
        103,
        126,
        382,
        419,
        403,
        445,
        384,
        277,
        277,
        161,
        433,
        38,
        241,
        395,
        343,
        221,
        301,
        276,
        330,
        269,
        151,
        212,
        360,
        204,
        270,
        256,
        218,
        96,
        134,
        155,
        215,
        165,
        167,
        0]]
;
task=[   241,
    88,
    23,
    0,
    207,
    165,
    66,
    72,
    39,
    48,
    267,
    422,
    3,
    347,
    77,
    84,
    188,
    388,
    57,
    461,
    35,
    34,
    167,
    47,
    5,
    68,
    148,
    29,
    314,
    100,
    223,
    163,
    155,
    46,
    307,
    292,
    499,
    471,
    421,
    170,
    87,
    17,
    44,
    396,
    217,
    118,
    246,
    335,
    61,
    85,
    119,
    100,
    187,
    91,
    167,
    491,
    155,
    66,
    298,
    150,
    272,
    27,
    367,
    396,
    189,
    21,
    312,
    211,
    78,
    121,
    238,
    172,
    252,
    56,
    350,
    245,
    74,
    340,
    229,
    25]
;
minW=[   75,
    48,
    320,
    0,
    128,
    116,
    102,
    130,
    150,
    276,
    87,
    12,
    143,
    45,
    40,
    206,
    98,
    62,
    60,
    15,
    211,
    133,
    93,
    118,
    348,
    129,
    7,
    27,
    79,
    13,
    36,
    200,
    19,
    206,
    71,
    56,
    40,
    63,
    79,
    117,
    89,
    195,
    105,
    138,
    18,
    91,
    148,
    37,
    121,
    92,
    146,
    190,
    226,
    21,
    43,
    43,
    114,
    173,
    136,
    213,
    99,
    17,
    36,
    53,
    190,
    166,
    17,
    137,
    99,
    205,
    66,
    44,
    52,
    22,
    31,
    11,
    178,
    50,
    1,
    19]
;
maxW=[   507,
    319,
    437,
    720,
    668,
    428,
    199,
    645,
    505,
    525,
    115,
    83,
    570,
    577,
    532,
    370,
    675,
    712,
    535,
    137,
    592,
    525,
    277,
    259,
    605,
    459,
    487,
    440,
    432,
    698,
    346,
    582,
    433,
    549,
    523,
    530,
    192,
    461,
    419,
    565,
    402,
    533,
    495,
    624,
    195,
    647,
    429,
    233,
    691,
    668,
    485,
    489,
    566,
    243,
    620,
    421,
    347,
    597,
    345,
    341,
    261,
    690,
    183,
    684,
    487,
    573,
    270,
    254,
    568,
    540,
    642,
    315,
    492,
    359,
    682,
    677,
    575,
    698,
    395,
    224]
;