// Generated by InstanceGenerator.py v0.1
// Juan Francisco Martinez Vera
// AMMM - MIRI, FIB UPC
//
// RAND_SEED=1484822147

bigM=100000;

nLocations=60;
startLocation=54;
distances=[   [   0,
        419,
        263,
        573,
        433,
        339,
        150,
        124,
        226,
        331,
        314,
        323,
        95,
        249,
        243,
        415,
        399,
        292,
        112,
        314,
        200,
        342,
        335,
        316,
        373,
        295,
        289,
        242,
        447,
        332,
        437,
        388,
        122,
        67,
        456,
        343,
        294,
        205,
        399,
        102,
        533,
        182,
        435,
        185,
        131,
        401,
        284,
        326,
        25,
        140,
        77,
        149,
        145,
        254,
        419,
        344,
        420,
        464,
        373,
        267],
    [   419,
        0,
        326,
        302,
        176,
        194,
        381,
        297,
        193,
        217,
        359,
        388,
        428,
        200,
        191,
        292,
        282,
        363,
        407,
        114,
        274,
        82,
        316,
        357,
        481,
        350,
        311,
        178,
        51,
        490,
        56,
        539,
        311,
        431,
        339,
        351,
        303,
        230,
        297,
        483,
        280,
        311,
        112,
        318,
        379,
        405,
        340,
        294,
        395,
        281,
        375,
        307,
        345,
        211,
        205,
        103,
        93,
        138,
        86,
        169],
    [   263,
        326,
        0,
        338,
        444,
        384,
        123,
        190,
        217,
        393,
        57,
        79,
        342,
        293,
        165,
        162,
        148,
        44,
        343,
        284,
        314,
        289,
        73,
        58,
        167,
        38,
        29,
        228,
        374,
        165,
        307,
        219,
        259,
        220,
        196,
        81,
        38,
        150,
        143,
        366,
        298,
        330,
        407,
        80,
        340,
        145,
        24,
        71,
        244,
        188,
        289,
        127,
        118,
        124,
        203,
        319,
        385,
        286,
        243,
        280],
    [   573,
        302,
        338,
        0,
        478,
        487,
        456,
        460,
        399,
        508,
        321,
        337,
        626,
        453,
        349,
        180,
        191,
        340,
        615,
        378,
        517,
        353,
        271,
        317,
        397,
        328,
        308,
        394,
        341,
        438,
        246,
        459,
        511,
        547,
        173,
        290,
        299,
        378,
        199,
        667,
        40,
        550,
        412,
        396,
        597,
        290,
        331,
        267,
        549,
        448,
        567,
        424,
        438,
        322,
        155,
        389,
        395,
        165,
        258,
        421],
    [   433,
        176,
        444,
        478,
        0,
        96,
        455,
        335,
        240,
        111,
        490,
        518,
        401,
        186,
        280,
        454,
        443,
        487,
        374,
        159,
        237,
        159,
        457,
        489,
        611,
        477,
        438,
        225,
        139,
        607,
        232,
        663,
        310,
        469,
        505,
        491,
        432,
        306,
        456,
        460,
        456,
        267,
        67,
        406,
        341,
        553,
        464,
        435,
        413,
        321,
        365,
        376,
        417,
        320,
        375,
        125,
        83,
        314,
        245,
        178],
    [   339,
        194,
        384,
        487,
        96,
        0,
        375,
        249,
        168,
        22,
        436,
        462,
        305,
        99,
        220,
        427,
        413,
        428,
        278,
        116,
        141,
        135,
        411,
        435,
        552,
        420,
        384,
        156,
        180,
        541,
        247,
        599,
        217,
        379,
        479,
        443,
        380,
        236,
        424,
        364,
        459,
        170,
        126,
        334,
        245,
        508,
        406,
        389,
        320,
        237,
        270,
        298,
        338,
        264,
        360,
        97,
        124,
        323,
        232,
        104],
    [   150,
        381,
        123,
        456,
        455,
        375,
        0,
        131,
        214,
        378,
        166,
        173,
        240,
        276,
        191,
        284,
        270,
        144,
        247,
        304,
        267,
        321,
        196,
        169,
        226,
        149,
        152,
        230,
        422,
        191,
        379,
        250,
        191,
        98,
        319,
        198,
        159,
        155,
        266,
        253,
        416,
        269,
        435,
        66,
        254,
        252,
        139,
        192,
        136,
        140,
        196,
        79,
        38,
        173,
        312,
        339,
        415,
        380,
        310,
        277],
    [   124,
        297,
        190,
        460,
        335,
        249,
        131,
        0,
        106,
        249,
        247,
        266,
        166,
        150,
        119,
        316,
        300,
        230,
        160,
        198,
        136,
        222,
        251,
        248,
        340,
        228,
        207,
        122,
        328,
        315,
        312,
        375,
        68,
        137,
        363,
        269,
        209,
        83,
        303,
        208,
        420,
        143,
        325,
        113,
        151,
        335,
        214,
        235,
        99,
        16,
        108,
        64,
        96,
        137,
        305,
        230,
        308,
        341,
        248,
        158],
    [   226,
        193,
        217,
        399,
        240,
        168,
        214,
        106,
        0,
        176,
        271,
        296,
        242,
        76,
        60,
        289,
        273,
        261,
        225,
        92,
        121,
        116,
        252,
        270,
        384,
        254,
        220,
        16,
        222,
        373,
        215,
        431,
        123,
        243,
        341,
        281,
        217,
        67,
        281,
        294,
        362,
        151,
        222,
        167,
        202,
        348,
        240,
        231,
        202,
        90,
        186,
        135,
        176,
        105,
        248,
        126,
        203,
        258,
        157,
        64],
    [   331,
        217,
        393,
        508,
        111,
        22,
        378,
        249,
        176,
        0,
        446,
        472,
        292,
        102,
        231,
        443,
        429,
        438,
        264,
        134,
        131,
        155,
        423,
        446,
        561,
        430,
        395,
        165,
        203,
        548,
        269,
        607,
        211,
        375,
        496,
        454,
        391,
        244,
        440,
        350,
        479,
        157,
        148,
        340,
        231,
        520,
        416,
        401,
        314,
        237,
        260,
        301,
        340,
        276,
        379,
        119,
        146,
        345,
        252,
        114],
    [   314,
        359,
        57,
        321,
        490,
        436,
        166,
        247,
        271,
        446,
        0,
        28,
        396,
        347,
        215,
        140,
        131,
        22,
        398,
        331,
        371,
        332,
        53,
        3,
        121,
        19,
        51,
        280,
        409,
        134,
        333,
        180,
        316,
        264,
        161,
        33,
        58,
        205,
        121,
        417,
        282,
        387,
        449,
        136,
        396,
        88,
        33,
        68,
        296,
        246,
        345,
        184,
        170,
        171,
        206,
        365,
        426,
        298,
        273,
        332],
    [   323,
        388,
        79,
        337,
        518,
        462,
        173,
        266,
        296,
        472,
        28,
        0,
        409,
        372,
        242,
        159,
        151,
        35,
        413,
        359,
        393,
        361,
        78,
        30,
        93,
        42,
        79,
        307,
        438,
        108,
        361,
        151,
        335,
        270,
        171,
        48,
        86,
        230,
        139,
        426,
        300,
        408,
        477,
        153,
        413,
        79,
        56,
        96,
        307,
        266,
        360,
        202,
        183,
        199,
        230,
        393,
        455,
        324,
        302,
        358],
    [   95,
        428,
        342,
        626,
        401,
        305,
        240,
        166,
        242,
        292,
        396,
        409,
        0,
        234,
        279,
        481,
        465,
        376,
        28,
        315,
        166,
        345,
        410,
        398,
        465,
        377,
        364,
        254,
        445,
        427,
        456,
        483,
        119,
        162,
        527,
        423,
        368,
        247,
        467,
        58,
        587,
        134,
        419,
        261,
        61,
        485,
        364,
        397,
        104,
        177,
        58,
        217,
        226,
        303,
        471,
        337,
        407,
        498,
        399,
        261],
    [   249,
        200,
        293,
        453,
        186,
        99,
        276,
        150,
        76,
        102,
        347,
        372,
        234,
        0,
        135,
        360,
        345,
        337,
        210,
        86,
        74,
        118,
        329,
        347,
        459,
        330,
        297,
        69,
        212,
        446,
        239,
        504,
        127,
        283,
        413,
        358,
        294,
        142,
        354,
        292,
        419,
        110,
        187,
        237,
        180,
        425,
        316,
        308,
        228,
        137,
        188,
        198,
        238,
        181,
        309,
        103,
        174,
        299,
        197,
        32],
    [   243,
        191,
        165,
        349,
        280,
        220,
        191,
        119,
        60,
        231,
        215,
        242,
        279,
        135,
        0,
        229,
        213,
        209,
        266,
        120,
        179,
        131,
        193,
        215,
        333,
        200,
        164,
        66,
        231,
        327,
        196,
        383,
        162,
        243,
        281,
        224,
        160,
        39,
        221,
        325,
        311,
        206,
        249,
        131,
        248,
        290,
        186,
        172,
        218,
        104,
        221,
        116,
        154,
        45,
        195,
        156,
        228,
        221,
        130,
        116],
    [   415,
        292,
        162,
        180,
        454,
        427,
        284,
        316,
        289,
        443,
        140,
        159,
        481,
        360,
        229,
        0,
        16,
        160,
        476,
        311,
        408,
        299,
        91,
        137,
        230,
        148,
        132,
        291,
        343,
        263,
        248,
        293,
        378,
        379,
        52,
        110,
        124,
        244,
        19,
        515,
        141,
        434,
        399,
        230,
        465,
        129,
        152,
        91,
        393,
        308,
        425,
        267,
        272,
        188,
        91,
        337,
        377,
        188,
        210,
        334],
    [   399,
        282,
        148,
        191,
        443,
        413,
        270,
        300,
        273,
        429,
        131,
        151,
        465,
        345,
        213,
        16,
        0,
        150,
        460,
        297,
        392,
        286,
        80,
        128,
        228,
        137,
        118,
        275,
        334,
        258,
        241,
        291,
        362,
        364,
        68,
        103,
        110,
        227,
        15,
        499,
        151,
        418,
        388,
        215,
        449,
        130,
        140,
        77,
        377,
        291,
        408,
        251,
        257,
        172,
        87,
        324,
        366,
        185,
        199,
        319],
    [   292,
        363,
        44,
        340,
        487,
        428,
        144,
        230,
        261,
        438,
        22,
        35,
        376,
        337,
        209,
        160,
        150,
        0,
        379,
        327,
        358,
        330,
        69,
        25,
        124,
        13,
        51,
        272,
        412,
        127,
        339,
        178,
        299,
        242,
        183,
        56,
        60,
        195,
        140,
        395,
        301,
        372,
        448,
        118,
        378,
        109,
        22,
        80,
        275,
        230,
        326,
        166,
        149,
        166,
        220,
        362,
        425,
        309,
        277,
        324],
    [   112,
        407,
        343,
        615,
        374,
        278,
        247,
        160,
        225,
        264,
        398,
        413,
        28,
        210,
        266,
        476,
        460,
        379,
        0,
        293,
        140,
        324,
        408,
        400,
        473,
        379,
        363,
        236,
        422,
        437,
        438,
        495,
        103,
        179,
        523,
        424,
        366,
        237,
        463,
        86,
        576,
        107,
        393,
        262,
        32,
        487,
        366,
        394,
        114,
        169,
        53,
        215,
        230,
        294,
        460,
        314,
        382,
        483,
        382,
        239],
    [   314,
        114,
        284,
        378,
        159,
        116,
        304,
        198,
        92,
        134,
        331,
        359,
        315,
        86,
        120,
        311,
        297,
        327,
        293,
        0,
        160,
        31,
        301,
        330,
        451,
        317,
        279,
        76,
        132,
        447,
        153,
        503,
        200,
        335,
        363,
        334,
        273,
        150,
        309,
        371,
        347,
        197,
        131,
        250,
        265,
        397,
        304,
        278,
        291,
        182,
        264,
        225,
        265,
        160,
        244,
        36,
        111,
        218,
        120,
        55],
    [   200,
        274,
        314,
        517,
        237,
        141,
        267,
        136,
        121,
        131,
        371,
        393,
        166,
        74,
        179,
        408,
        392,
        358,
        140,
        160,
        0,
        192,
        363,
        372,
        473,
        353,
        325,
        123,
        284,
        451,
        312,
        511,
        82,
        247,
        460,
        388,
        324,
        169,
        399,
        225,
        482,
        36,
        253,
        245,
        109,
        455,
        338,
        344,
        184,
        130,
        129,
        198,
        233,
        220,
        368,
        176,
        242,
        369,
        266,
        106],
    [   342,
        82,
        289,
        353,
        159,
        135,
        321,
        222,
        116,
        155,
        332,
        361,
        345,
        118,
        131,
        299,
        286,
        330,
        324,
        31,
        192,
        0,
        298,
        331,
        454,
        320,
        281,
        100,
        105,
        454,
        122,
        508,
        230,
        359,
        350,
        332,
        274,
        166,
        299,
        401,
        324,
        229,
        118,
        263,
        296,
        393,
        308,
        275,
        318,
        206,
        294,
        243,
        283,
        165,
        226,
        38,
        96,
        191,
        97,
        86],
    [   335,
        316,
        73,
        271,
        457,
        411,
        196,
        251,
        252,
        423,
        53,
        78,
        410,
        329,
        193,
        91,
        80,
        69,
        408,
        301,
        363,
        298,
        0,
        50,
        166,
        57,
        46,
        260,
        367,
        186,
        285,
        227,
        318,
        294,
        122,
        35,
        42,
        193,
        72,
        437,
        232,
        383,
        411,
        150,
        402,
        97,
        60,
        22,
        315,
        246,
        356,
        193,
        190,
        148,
        152,
        333,
        389,
        246,
        229,
        309],
    [   316,
        357,
        58,
        317,
        489,
        435,
        169,
        248,
        270,
        446,
        3,
        30,
        398,
        347,
        215,
        137,
        128,
        25,
        400,
        330,
        372,
        331,
        50,
        0,
        123,
        20,
        51,
        280,
        408,
        137,
        330,
        182,
        317,
        267,
        157,
        30,
        56,
        206,
        117,
        419,
        279,
        388,
        447,
        137,
        398,
        87,
        34,
        66,
        298,
        247,
        347,
        185,
        172,
        171,
        202,
        364,
        425,
        295,
        271,
        331],
    [   373,
        481,
        167,
        397,
        611,
        552,
        226,
        340,
        384,
        561,
        121,
        93,
        465,
        459,
        333,
        230,
        228,
        124,
        473,
        451,
        473,
        454,
        166,
        123,
        0,
        133,
        172,
        396,
        531,
        54,
        452,
        63,
        408,
        311,
        224,
        131,
        179,
        317,
        213,
        472,
        364,
        484,
        570,
        228,
        479,
        107,
        146,
        186,
        361,
        343,
        422,
        276,
        247,
        290,
        313,
        485,
        548,
        409,
        394,
        447],
    [   295,
        350,
        38,
        328,
        477,
        420,
        149,
        228,
        254,
        430,
        19,
        42,
        377,
        330,
        200,
        148,
        137,
        13,
        379,
        317,
        353,
        320,
        57,
        20,
        133,
        0,
        39,
        264,
        400,
        140,
        326,
        189,
        297,
        247,
        173,
        48,
        47,
        188,
        129,
        398,
        289,
        368,
        437,
        117,
        377,
        107,
        14,
        67,
        277,
        227,
        326,
        165,
        151,
        157,
        206,
        351,
        415,
        296,
        265,
        316],
    [   289,
        311,
        29,
        308,
        438,
        384,
        152,
        207,
        220,
        395,
        51,
        79,
        364,
        297,
        164,
        132,
        118,
        51,
        363,
        279,
        325,
        281,
        46,
        51,
        172,
        39,
        0,
        229,
        360,
        179,
        288,
        229,
        275,
        248,
        168,
        63,
        9,
        157,
        114,
        391,
        268,
        343,
        397,
        103,
        358,
        130,
        30,
        41,
        268,
        204,
        310,
        147,
        143,
        120,
        175,
        313,
        375,
        261,
        226,
        281],
    [   242,
        178,
        228,
        394,
        225,
        156,
        230,
        122,
        16,
        165,
        280,
        307,
        254,
        69,
        66,
        291,
        275,
        272,
        236,
        76,
        123,
        100,
        260,
        280,
        396,
        264,
        229,
        0,
        206,
        386,
        202,
        443,
        135,
        259,
        344,
        290,
        226,
        81,
        285,
        307,
        358,
        156,
        206,
        181,
        212,
        356,
        250,
        238,
        218,
        106,
        199,
        151,
        192,
        111,
        245,
        110,
        187,
        249,
        147,
        51],
    [   447,
        51,
        374,
        341,
        139,
        180,
        422,
        328,
        222,
        203,
        409,
        438,
        445,
        212,
        231,
        343,
        334,
        412,
        422,
        132,
        284,
        105,
        367,
        408,
        531,
        400,
        360,
        206,
        0,
        539,
        99,
        589,
        333,
        464,
        389,
        402,
        352,
        268,
        349,
        502,
        322,
        321,
        71,
        361,
        393,
        456,
        389,
        345,
        423,
        312,
        396,
        346,
        385,
        256,
        255,
        108,
        60,
        180,
        137,
        184],
    [   332,
        490,
        165,
        438,
        607,
        541,
        191,
        315,
        373,
        548,
        134,
        108,
        427,
        446,
        327,
        263,
        258,
        127,
        437,
        447,
        451,
        454,
        186,
        137,
        54,
        140,
        179,
        386,
        539,
        0,
        467,
        59,
        380,
        268,
        265,
        155,
        187,
        305,
        245,
        429,
        402,
        458,
        572,
        208,
        446,
        151,
        149,
        203,
        323,
        321,
        388,
        253,
        219,
        288,
        339,
        483,
        550,
        433,
        405,
        437],
    [   437,
        56,
        307,
        246,
        232,
        247,
        379,
        312,
        215,
        269,
        333,
        361,
        456,
        239,
        196,
        248,
        241,
        339,
        438,
        153,
        312,
        122,
        285,
        330,
        452,
        326,
        288,
        202,
        99,
        467,
        0,
        513,
        337,
        440,
        292,
        320,
        279,
        236,
        256,
        509,
        224,
        348,
        167,
        313,
        412,
        368,
        318,
        265,
        412,
        296,
        401,
        311,
        345,
        205,
        158,
        152,
        149,
        82,
        68,
        206],
    [   388,
        539,
        219,
        459,
        663,
        599,
        250,
        375,
        431,
        607,
        180,
        151,
        483,
        504,
        383,
        293,
        291,
        178,
        495,
        503,
        511,
        508,
        227,
        182,
        63,
        189,
        229,
        443,
        589,
        59,
        513,
        0,
        440,
        323,
        285,
        193,
        236,
        363,
        276,
        483,
        426,
        518,
        626,
        268,
        504,
        168,
        200,
        247,
        380,
        380,
        446,
        312,
        279,
        343,
        376,
        538,
        603,
        472,
        454,
        495],
    [   122,
        311,
        259,
        511,
        310,
        217,
        191,
        68,
        123,
        211,
        316,
        335,
        119,
        127,
        162,
        378,
        362,
        299,
        103,
        200,
        82,
        230,
        318,
        317,
        408,
        297,
        275,
        135,
        333,
        380,
        337,
        440,
        0,
        165,
        427,
        338,
        276,
        135,
        366,
        172,
        473,
        78,
        315,
        182,
        87,
        404,
        283,
        302,
        103,
        71,
        64,
        133,
        161,
        192,
        357,
        226,
        301,
        379,
        280,
        149],
    [   67,
        431,
        220,
        547,
        469,
        379,
        98,
        137,
        243,
        375,
        264,
        270,
        162,
        283,
        243,
        379,
        364,
        242,
        179,
        335,
        247,
        359,
        294,
        267,
        311,
        247,
        248,
        259,
        464,
        268,
        440,
        323,
        165,
        0,
        416,
        296,
        255,
        203,
        362,
        161,
        507,
        236,
        463,
        150,
        196,
        349,
        237,
        288,
        68,
        153,
        138,
        130,
        108,
        242,
        398,
        368,
        445,
        454,
        372,
        295],
    [   456,
        339,
        196,
        173,
        505,
        479,
        319,
        363,
        341,
        496,
        161,
        171,
        527,
        413,
        281,
        52,
        68,
        183,
        523,
        363,
        460,
        350,
        122,
        157,
        224,
        173,
        168,
        344,
        389,
        265,
        292,
        285,
        427,
        416,
        0,
        127,
        162,
        294,
        61,
        558,
        141,
        485,
        448,
        271,
        514,
        117,
        180,
        130,
        435,
        356,
        471,
        311,
        312,
        239,
        134,
        388,
        426,
        224,
        260,
        387],
    [   343,
        351,
        81,
        290,
        491,
        443,
        198,
        269,
        281,
        454,
        33,
        48,
        423,
        358,
        224,
        110,
        103,
        56,
        424,
        334,
        388,
        332,
        35,
        30,
        131,
        48,
        63,
        290,
        402,
        155,
        320,
        193,
        338,
        296,
        127,
        0,
        64,
        219,
        91,
        446,
        252,
        406,
        446,
        161,
        420,
        67,
        59,
        57,
        324,
        266,
        370,
        208,
        198,
        178,
        183,
        366,
        424,
        279,
        265,
        340],
    [   294,
        303,
        38,
        299,
        432,
        380,
        159,
        209,
        217,
        391,
        58,
        86,
        368,
        294,
        160,
        124,
        110,
        60,
        366,
        273,
        324,
        274,
        42,
        56,
        179,
        47,
        9,
        226,
        352,
        187,
        279,
        236,
        276,
        255,
        162,
        64,
        0,
        155,
        106,
        396,
        259,
        343,
        391,
        108,
        360,
        131,
        39,
        33,
        273,
        205,
        313,
        151,
        149,
        115,
        166,
        307,
        368,
        251,
        217,
        277],
    [   205,
        230,
        150,
        378,
        306,
        236,
        155,
        83,
        67,
        244,
        205,
        230,
        247,
        142,
        39,
        244,
        227,
        195,
        237,
        150,
        169,
        166,
        193,
        206,
        317,
        188,
        157,
        81,
        268,
        305,
        236,
        363,
        135,
        203,
        294,
        219,
        155,
        0,
        233,
        291,
        339,
        191,
        281,
        100,
        223,
        287,
        174,
        174,
        180,
        69,
        189,
        78,
        117,
        57,
        223,
        186,
        260,
        258,
        170,
        132],
    [   399,
        297,
        143,
        199,
        456,
        424,
        266,
        303,
        281,
        440,
        121,
        139,
        467,
        354,
        221,
        19,
        15,
        140,
        463,
        309,
        399,
        299,
        72,
        117,
        213,
        129,
        114,
        285,
        349,
        245,
        256,
        276,
        366,
        362,
        61,
        91,
        106,
        233,
        0,
        499,
        161,
        424,
        402,
        213,
        453,
        115,
        132,
        73,
        377,
        295,
        411,
        251,
        255,
        179,
        103,
        336,
        381,
        200,
        214,
        330],
    [   102,
        483,
        366,
        667,
        460,
        364,
        253,
        208,
        294,
        350,
        417,
        426,
        58,
        292,
        325,
        515,
        499,
        395,
        86,
        371,
        225,
        401,
        437,
        419,
        472,
        398,
        391,
        307,
        502,
        429,
        509,
        483,
        172,
        161,
        558,
        446,
        396,
        291,
        499,
        0,
        627,
        193,
        477,
        287,
        119,
        504,
        387,
        427,
        122,
        221,
        107,
        247,
        248,
        345,
        512,
        394,
        465,
        547,
        450,
        318],
    [   533,
        280,
        298,
        40,
        456,
        459,
        416,
        420,
        362,
        479,
        282,
        300,
        587,
        419,
        311,
        141,
        151,
        301,
        576,
        347,
        482,
        324,
        232,
        279,
        364,
        289,
        268,
        358,
        322,
        402,
        224,
        426,
        473,
        507,
        141,
        252,
        259,
        339,
        161,
        627,
        0,
        514,
        391,
        356,
        559,
        257,
        291,
        227,
        509,
        409,
        528,
        383,
        398,
        283,
        116,
        361,
        373,
        142,
        227,
        388],
    [   182,
        311,
        330,
        550,
        267,
        170,
        269,
        143,
        151,
        157,
        387,
        408,
        134,
        110,
        206,
        434,
        418,
        372,
        107,
        197,
        36,
        229,
        383,
        388,
        484,
        368,
        343,
        156,
        321,
        458,
        348,
        518,
        78,
        236,
        485,
        406,
        343,
        191,
        424,
        193,
        514,
        0,
        287,
        256,
        75,
        473,
        354,
        365,
        169,
        141,
        106,
        208,
        238,
        245,
        399,
        212,
        277,
        404,
        301,
        142],
    [   435,
        112,
        407,
        412,
        67,
        126,
        435,
        325,
        222,
        148,
        449,
        477,
        419,
        187,
        249,
        399,
        388,
        448,
        393,
        131,
        253,
        118,
        411,
        447,
        570,
        437,
        397,
        206,
        71,
        572,
        167,
        626,
        315,
        463,
        448,
        446,
        391,
        281,
        402,
        477,
        391,
        287,
        0,
        380,
        362,
        504,
        425,
        389,
        414,
        310,
        376,
        356,
        397,
        284,
        315,
        95,
        22,
        249,
        188,
        168],
    [   185,
        318,
        80,
        396,
        406,
        334,
        66,
        113,
        167,
        340,
        136,
        153,
        261,
        237,
        131,
        230,
        215,
        118,
        262,
        250,
        245,
        263,
        150,
        137,
        228,
        117,
        103,
        181,
        361,
        208,
        313,
        268,
        182,
        150,
        271,
        161,
        108,
        100,
        213,
        287,
        356,
        256,
        380,
        0,
        260,
        225,
        103,
        140,
        164,
        115,
        209,
        48,
        42,
        108,
        248,
        286,
        359,
        313,
        245,
        231],
    [   131,
        379,
        340,
        597,
        341,
        245,
        254,
        151,
        202,
        231,
        396,
        413,
        61,
        180,
        248,
        465,
        449,
        378,
        32,
        265,
        109,
        296,
        402,
        398,
        479,
        377,
        358,
        212,
        393,
        446,
        412,
        504,
        87,
        196,
        514,
        420,
        360,
        223,
        453,
        119,
        559,
        75,
        362,
        260,
        0,
        485,
        363,
        387,
        128,
        157,
        58,
        212,
        232,
        280,
        443,
        284,
        351,
        460,
        359,
        210],
    [   401,
        405,
        145,
        290,
        553,
        508,
        252,
        335,
        348,
        520,
        88,
        79,
        485,
        425,
        290,
        129,
        130,
        109,
        487,
        397,
        455,
        393,
        97,
        87,
        107,
        107,
        130,
        356,
        456,
        151,
        368,
        168,
        404,
        349,
        117,
        67,
        131,
        287,
        115,
        504,
        257,
        473,
        504,
        225,
        485,
        0,
        121,
        119,
        384,
        333,
        434,
        272,
        258,
        244,
        218,
        429,
        482,
        316,
        319,
        406],
    [   284,
        340,
        24,
        331,
        464,
        406,
        139,
        214,
        240,
        416,
        33,
        56,
        364,
        316,
        186,
        152,
        140,
        22,
        366,
        304,
        338,
        308,
        60,
        34,
        146,
        14,
        30,
        250,
        389,
        149,
        318,
        200,
        283,
        237,
        180,
        59,
        39,
        174,
        132,
        387,
        291,
        354,
        425,
        103,
        363,
        121,
        0,
        65,
        265,
        213,
        312,
        151,
        139,
        144,
        204,
        339,
        403,
        291,
        256,
        302],
    [   326,
        294,
        71,
        267,
        435,
        389,
        192,
        235,
        231,
        401,
        68,
        96,
        397,
        308,
        172,
        91,
        77,
        80,
        394,
        278,
        344,
        275,
        22,
        66,
        186,
        67,
        41,
        238,
        345,
        203,
        265,
        247,
        302,
        288,
        130,
        57,
        33,
        174,
        73,
        427,
        227,
        365,
        389,
        140,
        387,
        119,
        65,
        0,
        304,
        230,
        342,
        180,
        182,
        127,
        139,
        310,
        366,
        229,
        208,
        288],
    [   25,
        395,
        244,
        549,
        413,
        320,
        136,
        99,
        202,
        314,
        296,
        307,
        104,
        228,
        218,
        393,
        377,
        275,
        114,
        291,
        184,
        318,
        315,
        298,
        361,
        277,
        268,
        218,
        423,
        323,
        412,
        380,
        103,
        68,
        435,
        324,
        273,
        180,
        377,
        122,
        509,
        169,
        414,
        164,
        128,
        384,
        265,
        304,
        0,
        115,
        70,
        126,
        126,
        230,
        395,
        321,
        397,
        439,
        348,
        245],
    [   140,
        281,
        188,
        448,
        321,
        237,
        140,
        16,
        90,
        237,
        246,
        266,
        177,
        137,
        104,
        308,
        291,
        230,
        169,
        182,
        130,
        206,
        246,
        247,
        343,
        227,
        204,
        106,
        312,
        321,
        296,
        380,
        71,
        153,
        356,
        266,
        205,
        69,
        295,
        221,
        409,
        141,
        310,
        115,
        157,
        333,
        213,
        230,
        115,
        0,
        119,
        68,
        104,
        125,
        293,
        215,
        292,
        326,
        233,
        143],
    [   77,
        375,
        289,
        567,
        365,
        270,
        196,
        108,
        186,
        260,
        345,
        360,
        58,
        188,
        221,
        425,
        408,
        326,
        53,
        264,
        129,
        294,
        356,
        347,
        422,
        326,
        310,
        199,
        396,
        388,
        401,
        446,
        64,
        138,
        471,
        370,
        313,
        189,
        411,
        107,
        528,
        106,
        376,
        209,
        58,
        434,
        312,
        342,
        70,
        119,
        0,
        162,
        177,
        245,
        412,
        289,
        362,
        441,
        343,
        212],
    [   149,
        307,
        127,
        424,
        376,
        298,
        79,
        64,
        135,
        301,
        184,
        202,
        217,
        198,
        116,
        267,
        251,
        166,
        215,
        225,
        198,
        243,
        193,
        185,
        276,
        165,
        147,
        151,
        346,
        253,
        311,
        312,
        133,
        130,
        311,
        208,
        151,
        78,
        251,
        247,
        383,
        208,
        356,
        48,
        212,
        272,
        151,
        180,
        126,
        68,
        162,
        0,
        40,
        111,
        271,
        260,
        336,
        324,
        243,
        198],
    [   145,
        345,
        118,
        438,
        417,
        338,
        38,
        96,
        176,
        340,
        170,
        183,
        226,
        238,
        154,
        272,
        257,
        149,
        230,
        265,
        233,
        283,
        190,
        172,
        247,
        151,
        143,
        192,
        385,
        219,
        345,
        279,
        161,
        108,
        312,
        198,
        149,
        117,
        255,
        248,
        398,
        238,
        397,
        42,
        232,
        258,
        139,
        182,
        126,
        104,
        177,
        40,
        0,
        140,
        289,
        301,
        377,
        351,
        277,
        239],
    [   254,
        211,
        124,
        322,
        320,
        264,
        173,
        137,
        105,
        276,
        171,
        199,
        303,
        181,
        45,
        188,
        172,
        166,
        294,
        160,
        220,
        165,
        148,
        171,
        290,
        157,
        120,
        111,
        256,
        288,
        205,
        343,
        192,
        242,
        239,
        178,
        115,
        57,
        179,
        345,
        283,
        245,
        284,
        108,
        280,
        244,
        144,
        127,
        230,
        125,
        245,
        111,
        140,
        0,
        167,
        195,
        262,
        212,
        137,
        161],
    [   419,
        205,
        203,
        155,
        375,
        360,
        312,
        305,
        248,
        379,
        206,
        230,
        471,
        309,
        195,
        91,
        87,
        220,
        460,
        244,
        368,
        226,
        152,
        202,
        313,
        206,
        175,
        245,
        255,
        339,
        158,
        376,
        357,
        398,
        134,
        183,
        166,
        223,
        103,
        512,
        116,
        399,
        315,
        248,
        443,
        218,
        204,
        139,
        395,
        293,
        412,
        271,
        289,
        167,
        0,
        265,
        295,
        97,
        130,
        279],
    [   344,
        103,
        319,
        389,
        125,
        97,
        339,
        230,
        126,
        119,
        365,
        393,
        337,
        103,
        156,
        337,
        324,
        362,
        314,
        36,
        176,
        38,
        333,
        364,
        485,
        351,
        313,
        110,
        108,
        483,
        152,
        538,
        226,
        368,
        388,
        366,
        307,
        186,
        336,
        394,
        361,
        212,
        95,
        286,
        284,
        429,
        339,
        310,
        321,
        215,
        289,
        260,
        301,
        195,
        265,
        0,
        77,
        226,
        135,
        77],
    [   420,
        93,
        385,
        395,
        83,
        124,
        415,
        308,
        203,
        146,
        426,
        455,
        407,
        174,
        228,
        377,
        366,
        425,
        382,
        111,
        242,
        96,
        389,
        425,
        548,
        415,
        375,
        187,
        60,
        550,
        149,
        603,
        301,
        445,
        426,
        424,
        368,
        260,
        381,
        465,
        373,
        277,
        22,
        359,
        351,
        482,
        403,
        366,
        397,
        292,
        362,
        336,
        377,
        262,
        295,
        77,
        0,
        231,
        167,
        152],
    [   464,
        138,
        286,
        165,
        314,
        323,
        380,
        341,
        258,
        345,
        298,
        324,
        498,
        299,
        221,
        188,
        185,
        309,
        483,
        218,
        369,
        191,
        246,
        295,
        409,
        296,
        261,
        249,
        180,
        433,
        82,
        472,
        379,
        454,
        224,
        279,
        251,
        258,
        200,
        547,
        142,
        404,
        249,
        313,
        460,
        316,
        291,
        229,
        439,
        326,
        441,
        324,
        351,
        212,
        97,
        226,
        231,
        0,
        102,
        266],
    [   373,
        86,
        243,
        258,
        245,
        232,
        310,
        248,
        157,
        252,
        273,
        302,
        399,
        197,
        130,
        210,
        199,
        277,
        382,
        120,
        266,
        97,
        229,
        271,
        394,
        265,
        226,
        147,
        137,
        405,
        68,
        454,
        280,
        372,
        260,
        265,
        217,
        170,
        214,
        450,
        227,
        301,
        188,
        245,
        359,
        319,
        256,
        208,
        348,
        233,
        343,
        243,
        277,
        137,
        130,
        135,
        167,
        102,
        0,
        165],
    [   267,
        169,
        280,
        421,
        178,
        104,
        277,
        158,
        64,
        114,
        332,
        358,
        261,
        32,
        116,
        334,
        319,
        324,
        239,
        55,
        106,
        86,
        309,
        331,
        447,
        316,
        281,
        51,
        184,
        437,
        206,
        495,
        149,
        295,
        387,
        340,
        277,
        132,
        330,
        318,
        388,
        142,
        168,
        231,
        210,
        406,
        302,
        288,
        245,
        143,
        212,
        198,
        239,
        161,
        279,
        77,
        152,
        266,
        165,
        0]]
;
task=[   121,
    233,
    103,
    38,
    8,
    159,
    367,
    153,
    302,
    100,
    295,
    128,
    67,
    212,
    230,
    98,
    239,
    250,
    76,
    278,
    244,
    55,
    376,
    223,
    134,
    169,
    81,
    50,
    191,
    133,
    113,
    1,
    51,
    83,
    119,
    349,
    82,
    222,
    106,
    16,
    149,
    38,
    124,
    478,
    8,
    193,
    291,
    202,
    14,
    222,
    118,
    371,
    98,
    0,
    59,
    111,
    65,
    43,
    87,
    110]
;
minW=[   230,
    123,
    58,
    52,
    62,
    54,
    81,
    95,
    7,
    96,
    157,
    54,
    250,
    150,
    2,
    162,
    66,
    103,
    219,
    7,
    74,
    57,
    88,
    13,
    115,
    136,
    49,
    64,
    61,
    13,
    191,
    115,
    161,
    151,
    42,
    119,
    70,
    6,
    31,
    72,
    56,
    30,
    122,
    56,
    239,
    221,
    49,
    108,
    161,
    35,
    142,
    80,
    58,
    0,
    27,
    100,
    149,
    182,
    44,
    42]
;
maxW=[   643,
    658,
    657,
    384,
    498,
    421,
    455,
    692,
    320,
    600,
    649,
    456,
    685,
    568,
    274,
    616,
    226,
    444,
    429,
    344,
    380,
    585,
    627,
    702,
    558,
    202,
    571,
    151,
    337,
    553,
    290,
    629,
    596,
    638,
    663,
    216,
    444,
    136,
    638,
    469,
    291,
    252,
    661,
    546,
    563,
    692,
    402,
    273,
    609,
    683,
    357,
    236,
    395,
    720,
    338,
    502,
    644,
    358,
    430,
    537]
;