// Generated by InstanceGenerator.py v0.1
// Juan Francisco Martinez Vera
// AMMM - MIRI, FIB UPC
//
// RAND_SEED=1484822150

bigM=100000;

nLocations=70;
startLocation=61;
distances=[   [   0,
        504,
        41,
        150,
        26,
        425,
        373,
        417,
        445,
        493,
        284,
        10,
        356,
        406,
        347,
        272,
        431,
        418,
        61,
        206,
        427,
        280,
        324,
        98,
        328,
        58,
        454,
        420,
        352,
        144,
        300,
        36,
        321,
        536,
        574,
        108,
        306,
        419,
        349,
        336,
        346,
        309,
        399,
        75,
        184,
        378,
        187,
        72,
        308,
        453,
        448,
        192,
        250,
        452,
        392,
        321,
        250,
        398,
        534,
        86,
        283,
        374,
        504,
        399,
        68,
        261,
        463,
        438,
        248,
        233],
    [   504,
        0,
        471,
        484,
        528,
        152,
        332,
        120,
        403,
        157,
        278,
        502,
        208,
        113,
        439,
        407,
        427,
        127,
        481,
        376,
        434,
        469,
        480,
        406,
        180,
        449,
        53,
        351,
        290,
        361,
        208,
        497,
        221,
        183,
        195,
        451,
        375,
        521,
        176,
        421,
        438,
        195,
        179,
        468,
        339,
        134,
        362,
        433,
        341,
        124,
        56,
        347,
        284,
        169,
        159,
        356,
        311,
        355,
        45,
        446,
        238,
        129,
        17,
        353,
        460,
        243,
        199,
        138,
        316,
        276],
    [   41,
        471,
        0,
        168,
        67,
        400,
        366,
        380,
        443,
        470,
        266,
        33,
        316,
        377,
        352,
        274,
        432,
        380,
        79,
        201,
        428,
        291,
        335,
        67,
        292,
        21,
        420,
        414,
        311,
        109,
        265,
        64,
        298,
        513,
        551,
        116,
        303,
        430,
        311,
        339,
        351,
        276,
        376,
        87,
        165,
        348,
        176,
        53,
        301,
        415,
        415,
        177,
        210,
        412,
        366,
        316,
        235,
        393,
        503,
        88,
        257,
        341,
        471,
        394,
        30,
        228,
        423,
        412,
        234,
        196],
    [   150,
        484,
        168,
        0,
        149,
        367,
        259,
        428,
        313,
        426,
        213,
        160,
        395,
        372,
        205,
        140,
        293,
        433,
        91,
        111,
        288,
        132,
        175,
        158,
        334,
        165,
        442,
        299,
        423,
        193,
        313,
        114,
        267,
        463,
        501,
        58,
        182,
        269,
        368,
        198,
        204,
        303,
        336,
        80,
        150,
        350,
        122,
        133,
        198,
        470,
        435,
        137,
        302,
        484,
        340,
        203,
        177,
        276,
        503,
        87,
        245,
        362,
        478,
        278,
        195,
        260,
        504,
        382,
        172,
        261],
    [   26,
        528,
        67,
        149,
        0,
        445,
        385,
        442,
        453,
        513,
        301,
        33,
        382,
        429,
        351,
        278,
        437,
        443,
        66,
        218,
        432,
        281,
        324,
        122,
        352,
        84,
        478,
        430,
        378,
        169,
        325,
        40,
        341,
        554,
        593,
        115,
        315,
        419,
        374,
        341,
        350,
        333,
        418,
        83,
        203,
        401,
        202,
        94,
        320,
        478,
        473,
        208,
        276,
        478,
        412,
        331,
        266,
        408,
        558,
        99,
        304,
        398,
        527,
        410,
        93,
        284,
        489,
        458,
        264,
        258],
    [   425,
        152,
        400,
        367,
        445,
        0,
        180,
        193,
        252,
        70,
        153,
        426,
        250,
        65,
        290,
        267,
        275,
        203,
        388,
        255,
        282,
        328,
        333,
        333,
        170,
        379,
        143,
        199,
        337,
        299,
        188,
        408,
        104,
        115,
        151,
        348,
        230,
        369,
        199,
        272,
        289,
        154,
        32,
        372,
        242,
        84,
        252,
        353,
        197,
        227,
        134,
        241,
        270,
        269,
        35,
        209,
        190,
        203,
        150,
        351,
        143,
        123,
        138,
        201,
        399,
        187,
        301,
        16,
        194,
        236],
    [   373,
        332,
        366,
        259,
        385,
        180,
        0,
        346,
        94,
        209,
        124,
        379,
        371,
        229,
        113,
        123,
        104,
        355,
        319,
        167,
        108,
        170,
        161,
        309,
        280,
        349,
        315,
        49,
        444,
        300,
        282,
        344,
        149,
        231,
        266,
        269,
        78,
        189,
        321,
        98,
        112,
        247,
        152,
        302,
        209,
        226,
        189,
        312,
        64,
        387,
        306,
        191,
        338,
        422,
        177,
        56,
        138,
        33,
        329,
        287,
        179,
        264,
        318,
        33,
        378,
        243,
        453,
        195,
        137,
        287],
    [   417,
        120,
        380,
        428,
        442,
        193,
        346,
        0,
        433,
        236,
        252,
        413,
        88,
        127,
        437,
        386,
        449,
        10,
        406,
        333,
        454,
        447,
        467,
        320,
        94,
        359,
        71,
        379,
        171,
        272,
        118,
        417,
        202,
        274,
        297,
        385,
        364,
        528,
        68,
        418,
        436,
        125,
        205,
        395,
        278,
        120,
        309,
        351,
        332,
        43,
        75,
        292,
        176,
        77,
        176,
        351,
        276,
        376,
        164,
        373,
        195,
        82,
        131,
        375,
        364,
        168,
        109,
        187,
        281,
        184],
    [   445,
        403,
        443,
        313,
        453,
        252,
        94,
        433,
        0,
        260,
        218,
        452,
        464,
        310,
        115,
        174,
        32,
        442,
        386,
        242,
        42,
        194,
        165,
        392,
        373,
        428,
        395,
        53,
        538,
        388,
        375,
        412,
        242,
        267,
        294,
        337,
        139,
        139,
        413,
        116,
        116,
        341,
        230,
        370,
        296,
        312,
        270,
        391,
        146,
        472,
        385,
        276,
        432,
        510,
        258,
        128,
        227,
        60,
        392,
        359,
        273,
        351,
        388,
        61,
        459,
        337,
        541,
        265,
        225,
        381],
    [   493,
        157,
        470,
        426,
        513,
        70,
        209,
        236,
        260,
        0,
        215,
        494,
        306,
        120,
        322,
        314,
        287,
        246,
        454,
        315,
        296,
        372,
        370,
        402,
        233,
        449,
        172,
        212,
        394,
        369,
        254,
        475,
        172,
        45,
        81,
        412,
        273,
        390,
        256,
        307,
        321,
        221,
        94,
        438,
        309,
        146,
        316,
        421,
        243,
        262,
        165,
        306,
        337,
        307,
        105,
        251,
        252,
        223,
        135,
        417,
        212,
        181,
        140,
        221,
        469,
        256,
        339,
        61,
        256,
        305],
    [   284,
        278,
        266,
        213,
        301,
        153,
        124,
        252,
        218,
        215,
        0,
        286,
        258,
        164,
        188,
        133,
        222,
        260,
        239,
        102,
        224,
        195,
        215,
        202,
        171,
        247,
        244,
        172,
        324,
        183,
        165,
        262,
        56,
        255,
        294,
        196,
        113,
        282,
        212,
        168,
        186,
        135,
        122,
        223,
        101,
        147,
        100,
        214,
        83,
        296,
        235,
        92,
        214,
        324,
        126,
        105,
        37,
        157,
        292,
        203,
        61,
        173,
        270,
        157,
        272,
        121,
        351,
        168,
        41,
        163],
    [   10,
        502,
        33,
        160,
        33,
        426,
        379,
        413,
        452,
        494,
        286,
        0,
        350,
        405,
        355,
        279,
        438,
        413,
        70,
        212,
        434,
        289,
        333,
        96,
        324,
        53,
        451,
        426,
        344,
        141,
        297,
        47,
        322,
        537,
        576,
        116,
        312,
        428,
        344,
        344,
        354,
        307,
        400,
        83,
        186,
        377,
        191,
        73,
        314,
        448,
        446,
        195,
        244,
        446,
        392,
        327,
        253,
        404,
        533,
        92,
        283,
        372,
        502,
        405,
        59,
        259,
        457,
        438,
        252,
        229],
    [   356,
        208,
        316,
        395,
        382,
        250,
        371,
        88,
        464,
        306,
        258,
        350,
        0,
        186,
        446,
        382,
        475,
        83,
        355,
        315,
        478,
        439,
        467,
        264,
        90,
        297,
        157,
        411,
        87,
        216,
        93,
        362,
        222,
        348,
        375,
        344,
        371,
        540,
        52,
        426,
        444,
        123,
        252,
        347,
        249,
        167,
        286,
        296,
        342,
        106,
        159,
        269,
        105,
        96,
        224,
        363,
        271,
        404,
        252,
        327,
        197,
        127,
        219,
        403,
        296,
        145,
        110,
        249,
        275,
        134],
    [   406,
        113,
        377,
        372,
        429,
        65,
        229,
        127,
        310,
        120,
        164,
        405,
        186,
        0,
        331,
        294,
        329,
        137,
        377,
        263,
        335,
        356,
        368,
        310,
        113,
        355,
        86,
        256,
        274,
        270,
        136,
        395,
        107,
        164,
        196,
        343,
        263,
        417,
        136,
        312,
        329,
        107,
        79,
        363,
        231,
        29,
        251,
        334,
        229,
        163,
        77,
        237,
        220,
        204,
        51,
        246,
        198,
        256,
        131,
        341,
        128,
        60,
        106,
        254,
        370,
        150,
        236,
        62,
        202,
        194],
    [   347,
        439,
        352,
        205,
        351,
        290,
        113,
        437,
        115,
        322,
        188,
        355,
        446,
        331,
        0,
        79,
        90,
        445,
        286,
        161,
        83,
        79,
        52,
        311,
        359,
        340,
        417,
        125,
        507,
        320,
        353,
        312,
        234,
        343,
        377,
        239,
        74,
        94,
        401,
        19,
        1,
        324,
        260,
        271,
        229,
        323,
        195,
        302,
        105,
        480,
        408,
        206,
        389,
        511,
        281,
        86,
        177,
        105,
        440,
        264,
        249,
        355,
        427,
        108,
        372,
        304,
        539,
        305,
        174,
        337],
    [   272,
        407,
        274,
        140,
        278,
        267,
        123,
        386,
        174,
        314,
        133,
        279,
        382,
        294,
        79,
        0,
        158,
        393,
        212,
        82,
        154,
        62,
        84,
        231,
        300,
        262,
        377,
        160,
        437,
        241,
        289,
        238,
        188,
        344,
        381,
        163,
        45,
        169,
        341,
        65,
        78,
        265,
        235,
        197,
        152,
        280,
        116,
        223,
        71,
        429,
        368,
        129,
        317,
        455,
        249,
        67,
        111,
        136,
        416,
        187,
        190,
        306,
        397,
        138,
        293,
        238,
        482,
        283,
        107,
        265],
    [   431,
        427,
        432,
        293,
        437,
        275,
        104,
        449,
        32,
        287,
        222,
        438,
        475,
        329,
        90,
        158,
        0,
        458,
        371,
        232,
        9,
        169,
        136,
        384,
        384,
        418,
        415,
        76,
        546,
        384,
        384,
        397,
        253,
        297,
        325,
        322,
        130,
        107,
        425,
        95,
        91,
        351,
        251,
        355,
        291,
        329,
        263,
        380,
        144,
        489,
        406,
        270,
        436,
        526,
        277,
        123,
        226,
        73,
        418,
        346,
        281,
        367,
        412,
        74,
        449,
        343,
        557,
        288,
        224,
        384],
    [   418,
        127,
        380,
        433,
        443,
        203,
        355,
        10,
        442,
        246,
        260,
        413,
        83,
        137,
        445,
        393,
        458,
        0,
        408,
        338,
        463,
        453,
        475,
        321,
        99,
        360,
        80,
        388,
        163,
        273,
        121,
        418,
        210,
        284,
        306,
        389,
        372,
        537,
        68,
        426,
        444,
        131,
        215,
        398,
        282,
        129,
        314,
        353,
        340,
        37,
        84,
        297,
        175,
        67,
        186,
        359,
        282,
        385,
        172,
        376,
        202,
        91,
        139,
        384,
        364,
        172,
        99,
        197,
        287,
        185],
    [   61,
        481,
        79,
        91,
        66,
        388,
        319,
        406,
        386,
        454,
        239,
        70,
        355,
        377,
        286,
        212,
        371,
        408,
        0,
        152,
        367,
        219,
        263,
        93,
        312,
        80,
        434,
        364,
        367,
        139,
        287,
        26,
        283,
        494,
        533,
        49,
        248,
        358,
        340,
        276,
        285,
        288,
        359,
        16,
        146,
        351,
        139,
        60,
        254,
        445,
        428,
        147,
        253,
        450,
        356,
        265,
        203,
        342,
        508,
        36,
        249,
        353,
        479,
        343,
        108,
        240,
        465,
        401,
        201,
        224],
    [   206,
        376,
        201,
        111,
        218,
        255,
        167,
        333,
        242,
        315,
        102,
        212,
        315,
        263,
        161,
        82,
        232,
        338,
        152,
        0,
        230,
        127,
        162,
        151,
        241,
        186,
        337,
        214,
        362,
        158,
        225,
        177,
        156,
        352,
        391,
        104,
        103,
        251,
        280,
        145,
        160,
        207,
        224,
        135,
        72,
        242,
        34,
        148,
        102,
        376,
        329,
        49,
        240,
        396,
        229,
        115,
        65,
        192,
        393,
        120,
        140,
        260,
        369,
        193,
        216,
        171,
        420,
        270,
        61,
        190],
    [   427,
        434,
        428,
        288,
        432,
        282,
        108,
        454,
        42,
        296,
        224,
        434,
        478,
        335,
        83,
        154,
        9,
        463,
        367,
        230,
        0,
        162,
        128,
        382,
        388,
        415,
        422,
        84,
        549,
        383,
        388,
        393,
        257,
        306,
        335,
        318,
        128,
        97,
        429,
        90,
        84,
        354,
        257,
        351,
        291,
        335,
        261,
        377,
        145,
        495,
        412,
        269,
        438,
        531,
        283,
        124,
        227,
        79,
        426,
        342,
        283,
        372,
        419,
        81,
        446,
        345,
        561,
        296,
        224,
        386],
    [   280,
        469,
        291,
        132,
        281,
        328,
        170,
        447,
        194,
        372,
        195,
        289,
        439,
        356,
        79,
        62,
        169,
        453,
        219,
        127,
        162,
        0,
        43,
        260,
        359,
        283,
        439,
        196,
        489,
        279,
        347,
        244,
        250,
        399,
        435,
        175,
        99,
        139,
        400,
        79,
        78,
        324,
        296,
        206,
        199,
        342,
        161,
        246,
        130,
        490,
        430,
        176,
        367,
        515,
        311,
        121,
        171,
        173,
        477,
        203,
        251,
        368,
        459,
        176,
        314,
        294,
        541,
        344,
        166,
        317],
    [   324,
        480,
        335,
        175,
        324,
        333,
        161,
        467,
        165,
        370,
        215,
        333,
        467,
        368,
        52,
        84,
        136,
        475,
        263,
        162,
        128,
        43,
        0,
        302,
        384,
        326,
        454,
        177,
        522,
        319,
        374,
        288,
        267,
        392,
        427,
        218,
        105,
        95,
        425,
        63,
        52,
        348,
        302,
        249,
        234,
        357,
        197,
        288,
        138,
        511,
        444,
        211,
        401,
        538,
        320,
        123,
        196,
        157,
        483,
        247,
        274,
        387,
        468,
        159,
        357,
        323,
        565,
        349,
        191,
        350],
    [   98,
        406,
        67,
        158,
        122,
        333,
        309,
        320,
        392,
        402,
        202,
        96,
        264,
        310,
        311,
        231,
        384,
        321,
        93,
        151,
        382,
        260,
        302,
        0,
        229,
        46,
        355,
        358,
        274,
        48,
        203,
        97,
        231,
        446,
        484,
        99,
        253,
        396,
        252,
        296,
        309,
        211,
        308,
        88,
        102,
        281,
        121,
        32,
        246,
        357,
        350,
        117,
        160,
        359,
        299,
        263,
        174,
        338,
        437,
        72,
        190,
        276,
        405,
        339,
        69,
        162,
        373,
        345,
        174,
        136],
    [   328,
        180,
        292,
        334,
        352,
        170,
        280,
        94,
        373,
        233,
        171,
        324,
        90,
        113,
        359,
        300,
        384,
        99,
        312,
        241,
        388,
        359,
        384,
        229,
        0,
        271,
        127,
        320,
        170,
        183,
        28,
        325,
        131,
        277,
        309,
        290,
        284,
        452,
        41,
        339,
        357,
        35,
        166,
        301,
        183,
        87,
        216,
        259,
        254,
        136,
        123,
        198,
        109,
        155,
        139,
        275,
        188,
        313,
        217,
        279,
        110,
        56,
        183,
        312,
        280,
        74,
        181,
        172,
        193,
        96],
    [   58,
        449,
        21,
        165,
        84,
        379,
        349,
        359,
        428,
        449,
        247,
        53,
        297,
        355,
        340,
        262,
        418,
        360,
        80,
        186,
        415,
        283,
        326,
        46,
        271,
        0,
        398,
        397,
        296,
        88,
        244,
        72,
        277,
        492,
        530,
        109,
        289,
        421,
        291,
        327,
        339,
        255,
        355,
        85,
        145,
        327,
        159,
        38,
        285,
        395,
        393,
        159,
        192,
        393,
        345,
        301,
        217,
        376,
        481,
        80,
        236,
        320,
        450,
        378,
        31,
        207,
        405,
        391,
        216,
        175],
    [   454,
        53,
        420,
        442,
        478,
        143,
        315,
        71,
        395,
        172,
        244,
        451,
        157,
        86,
        417,
        377,
        415,
        80,
        434,
        337,
        422,
        439,
        454,
        355,
        127,
        398,
        0,
        341,
        242,
        310,
        155,
        448,
        188,
        207,
        227,
        406,
        348,
        504,
        122,
        398,
        416,
        145,
        164,
        421,
        294,
        97,
        320,
        384,
        315,
        89,
        9,
        304,
        230,
        135,
        138,
        332,
        275,
        342,
        95,
        399,
        197,
        80,
        61,
        341,
        408,
        193,
        167,
        133,
        279,
        224],
    [   420,
        351,
        414,
        299,
        430,
        199,
        49,
        379,
        53,
        212,
        172,
        426,
        411,
        256,
        125,
        160,
        76,
        388,
        364,
        214,
        84,
        196,
        177,
        358,
        320,
        397,
        341,
        0,
        487,
        349,
        324,
        390,
        190,
        225,
        256,
        315,
        117,
        178,
        360,
        117,
        125,
        289,
        177,
        347,
        258,
        258,
        238,
        360,
        112,
        418,
        332,
        240,
        384,
        456,
        204,
        99,
        187,
        23,
        342,
        334,
        224,
        298,
        336,
        21,
        426,
        289,
        487,
        213,
        186,
        334],
    [   352,
        290,
        311,
        423,
        378,
        337,
        444,
        171,
        538,
        394,
        324,
        344,
        87,
        274,
        507,
        437,
        546,
        163,
        367,
        362,
        549,
        489,
        522,
        274,
        170,
        296,
        242,
        487,
        0,
        231,
        162,
        367,
        297,
        436,
        462,
        368,
        433,
        602,
        138,
        488,
        505,
        198,
        337,
        363,
        291,
        253,
        329,
        306,
        407,
        174,
        244,
        313,
        123,
        142,
        309,
        428,
        329,
        477,
        335,
        345,
        265,
        214,
        302,
        476,
        285,
        203,
        135,
        337,
        333,
        172],
    [   144,
        361,
        109,
        193,
        169,
        299,
        300,
        272,
        388,
        369,
        183,
        141,
        216,
        270,
        320,
        241,
        384,
        273,
        139,
        158,
        383,
        279,
        319,
        48,
        183,
        88,
        310,
        349,
        231,
        0,
        156,
        146,
        201,
        414,
        451,
        136,
        255,
        409,
        205,
        303,
        318,
        167,
        277,
        133,
        92,
        241,
        124,
        80,
        242,
        309,
        305,
        114,
        113,
        311,
        264,
        261,
        162,
        331,
        394,
        114,
        158,
        232,
        362,
        332,
        100,
        120,
        326,
        310,
        163,
        88],
    [   300,
        208,
        265,
        313,
        325,
        188,
        282,
        118,
        375,
        254,
        165,
        297,
        93,
        136,
        353,
        289,
        384,
        121,
        287,
        225,
        388,
        347,
        374,
        203,
        28,
        244,
        155,
        324,
        162,
        156,
        0,
        298,
        134,
        299,
        332,
        267,
        278,
        447,
        55,
        333,
        351,
        36,
        181,
        276,
        163,
        108,
        198,
        233,
        249,
        158,
        152,
        180,
        83,
        171,
        156,
        270,
        178,
        315,
        245,
        254,
        104,
        83,
        211,
        314,
        252,
        54,
        195,
        193,
        182,
        68],
    [   36,
        497,
        64,
        114,
        40,
        408,
        344,
        417,
        412,
        475,
        262,
        47,
        362,
        395,
        312,
        238,
        397,
        418,
        26,
        177,
        393,
        244,
        288,
        97,
        325,
        72,
        448,
        390,
        367,
        146,
        298,
        0,
        303,
        516,
        555,
        75,
        274,
        383,
        350,
        302,
        311,
        303,
        380,
        42,
        166,
        368,
        162,
        65,
        279,
        454,
        442,
        169,
        258,
        457,
        376,
        291,
        227,
        367,
        525,
        58,
        268,
        368,
        495,
        369,
        94,
        254,
        471,
        422,
        224,
        233],
    [   321,
        221,
        298,
        267,
        341,
        104,
        149,
        202,
        242,
        172,
        56,
        322,
        222,
        107,
        234,
        188,
        253,
        210,
        283,
        156,
        257,
        250,
        267,
        231,
        131,
        277,
        188,
        190,
        297,
        201,
        134,
        303,
        0,
        215,
        253,
        244,
        162,
        326,
        172,
        215,
        233,
        98,
        77,
        267,
        137,
        91,
        148,
        249,
        129,
        245,
        179,
        136,
        200,
        276,
        73,
        149,
        91,
        182,
        236,
        246,
        44,
        120,
        213,
        181,
        298,
        105,
        306,
        118,
        95,
        155],
    [   536,
        183,
        513,
        463,
        554,
        115,
        231,
        274,
        267,
        45,
        255,
        537,
        348,
        164,
        343,
        344,
        297,
        284,
        494,
        352,
        306,
        399,
        392,
        446,
        277,
        492,
        207,
        225,
        436,
        414,
        299,
        516,
        215,
        0,
        39,
        451,
        301,
        403,
        299,
        329,
        342,
        267,
        137,
        478,
        351,
        191,
        356,
        464,
        273,
        296,
        201,
        347,
        382,
        342,
        150,
        278,
        291,
        239,
        151,
        458,
        256,
        224,
        165,
        237,
        513,
        301,
        374,
        107,
        294,
        351],
    [   574,
        195,
        551,
        501,
        593,
        151,
        266,
        297,
        294,
        81,
        294,
        576,
        375,
        196,
        377,
        381,
        325,
        306,
        533,
        391,
        335,
        435,
        427,
        484,
        309,
        530,
        227,
        256,
        462,
        451,
        332,
        555,
        253,
        39,
        0,
        491,
        338,
        432,
        328,
        364,
        376,
        301,
        175,
        517,
        390,
        223,
        395,
        503,
        311,
        314,
        222,
        386,
        416,
        361,
        186,
        315,
        331,
        272,
        157,
        497,
        294,
        254,
        177,
        270,
        551,
        337,
        392,
        142,
        334,
        386],
    [   108,
        451,
        116,
        58,
        115,
        348,
        269,
        385,
        337,
        412,
        196,
        116,
        344,
        343,
        239,
        163,
        322,
        389,
        49,
        104,
        318,
        175,
        218,
        99,
        290,
        109,
        406,
        315,
        368,
        136,
        267,
        75,
        244,
        451,
        491,
        0,
        199,
        314,
        322,
        228,
        237,
        263,
        318,
        33,
        112,
        318,
        96,
        75,
        205,
        426,
        399,
        107,
        248,
        436,
        318,
        215,
        160,
        292,
        475,
        29,
        214,
        325,
        447,
        294,
        140,
        217,
        454,
        362,
        157,
        210],
    [   306,
        375,
        303,
        182,
        315,
        230,
        78,
        364,
        139,
        273,
        113,
        312,
        371,
        263,
        74,
        45,
        130,
        372,
        248,
        103,
        128,
        99,
        105,
        253,
        284,
        289,
        348,
        117,
        433,
        255,
        278,
        274,
        162,
        301,
        338,
        199,
        0,
        169,
        326,
        55,
        73,
        249,
        198,
        232,
        162,
        252,
        133,
        251,
        33,
        407,
        339,
        140,
        317,
        437,
        216,
        22,
        104,
        94,
        380,
        220,
        174,
        283,
        364,
        96,
        319,
        230,
        465,
        246,
        100,
        264],
    [   419,
        521,
        430,
        269,
        419,
        369,
        189,
        528,
        139,
        390,
        282,
        428,
        540,
        417,
        94,
        169,
        107,
        537,
        358,
        251,
        97,
        139,
        95,
        396,
        452,
        421,
        504,
        178,
        602,
        409,
        447,
        383,
        326,
        403,
        432,
        314,
        169,
        0,
        494,
        114,
        96,
        417,
        342,
        345,
        321,
        411,
        286,
        384,
        198,
        570,
        494,
        298,
        484,
        603,
        365,
        177,
        272,
        167,
        517,
        342,
        343,
        446,
        507,
        170,
        453,
        399,
        632,
        384,
        268,
        432],
    [   349,
        176,
        311,
        368,
        374,
        199,
        321,
        68,
        413,
        256,
        212,
        344,
        52,
        136,
        401,
        341,
        425,
        68,
        340,
        280,
        429,
        400,
        425,
        252,
        41,
        291,
        122,
        360,
        138,
        205,
        55,
        350,
        172,
        299,
        328,
        322,
        326,
        494,
        0,
        381,
        399,
        76,
        200,
        330,
        218,
        115,
        253,
        284,
        296,
        104,
        121,
        236,
        109,
        116,
        172,
        316,
        229,
        353,
        217,
        308,
        151,
        76,
        183,
        352,
        296,
        109,
        141,
        198,
        234,
        116],
    [   336,
        421,
        339,
        198,
        341,
        272,
        98,
        418,
        116,
        307,
        168,
        344,
        426,
        312,
        19,
        65,
        95,
        426,
        276,
        145,
        90,
        79,
        63,
        296,
        339,
        327,
        398,
        117,
        488,
        303,
        333,
        302,
        215,
        329,
        364,
        228,
        55,
        114,
        381,
        0,
        18,
        304,
        242,
        261,
        212,
        303,
        179,
        289,
        85,
        460,
        389,
        189,
        370,
        491,
        263,
        66,
        158,
        95,
        423,
        252,
        229,
        336,
        409,
        98,
        358,
        285,
        519,
        288,
        154,
        318],
    [   346,
        438,
        351,
        204,
        350,
        289,
        112,
        436,
        116,
        321,
        186,
        354,
        444,
        329,
        1,
        78,
        91,
        444,
        285,
        160,
        84,
        78,
        52,
        309,
        357,
        339,
        416,
        125,
        505,
        318,
        351,
        311,
        233,
        342,
        376,
        237,
        73,
        96,
        399,
        18,
        0,
        322,
        259,
        270,
        228,
        321,
        194,
        301,
        103,
        478,
        406,
        204,
        388,
        509,
        280,
        84,
        176,
        104,
        439,
        263,
        247,
        354,
        426,
        107,
        370,
        302,
        538,
        304,
        172,
        336],
    [   309,
        195,
        276,
        303,
        333,
        154,
        247,
        125,
        341,
        221,
        135,
        307,
        123,
        107,
        324,
        265,
        351,
        131,
        288,
        207,
        354,
        324,
        348,
        211,
        35,
        255,
        145,
        289,
        198,
        167,
        36,
        303,
        98,
        267,
        301,
        263,
        249,
        417,
        76,
        304,
        322,
        0,
        145,
        276,
        153,
        78,
        183,
        238,
        219,
        168,
        139,
        167,
        116,
        190,
        121,
        240,
        153,
        280,
        227,
        254,
        74,
        65,
        195,
        279,
        267,
        48,
        217,
        160,
        158,
        87],
    [   399,
        179,
        376,
        336,
        418,
        32,
        152,
        205,
        230,
        94,
        122,
        400,
        252,
        79,
        260,
        235,
        251,
        215,
        359,
        224,
        257,
        296,
        302,
        308,
        166,
        355,
        164,
        177,
        337,
        277,
        181,
        380,
        77,
        137,
        175,
        318,
        198,
        342,
        200,
        242,
        259,
        145,
        0,
        343,
        214,
        87,
        222,
        327,
        165,
        242,
        155,
        212,
        260,
        282,
        29,
        178,
        160,
        178,
        181,
        322,
        119,
        128,
        167,
        176,
        376,
        170,
        314,
        48,
        163,
        221],
    [   75,
        468,
        87,
        80,
        83,
        372,
        302,
        395,
        370,
        438,
        223,
        83,
        347,
        363,
        271,
        197,
        355,
        398,
        16,
        135,
        351,
        206,
        249,
        88,
        301,
        85,
        421,
        347,
        363,
        133,
        276,
        42,
        267,
        478,
        517,
        33,
        232,
        345,
        330,
        261,
        270,
        276,
        343,
        0,
        131,
        336,
        122,
        57,
        237,
        434,
        415,
        131,
        246,
        441,
        341,
        248,
        187,
        325,
        494,
        22,
        234,
        340,
        465,
        326,
        114,
        228,
        458,
        386,
        184,
        214],
    [   184,
        339,
        165,
        150,
        203,
        242,
        209,
        278,
        296,
        309,
        101,
        186,
        249,
        231,
        229,
        152,
        291,
        282,
        146,
        72,
        291,
        199,
        234,
        102,
        183,
        145,
        294,
        258,
        291,
        92,
        163,
        166,
        137,
        351,
        390,
        112,
        162,
        321,
        218,
        212,
        228,
        153,
        214,
        131,
        0,
        206,
        38,
        113,
        149,
        320,
        287,
        23,
        168,
        335,
        210,
        168,
        72,
        239,
        363,
        109,
        103,
        214,
        335,
        240,
        171,
        109,
        357,
        255,
        72,
        119],
    [   378,
        134,
        348,
        350,
        401,
        84,
        226,
        120,
        312,
        146,
        147,
        377,
        167,
        29,
        323,
        280,
        329,
        129,
        351,
        242,
        335,
        342,
        357,
        281,
        87,
        327,
        97,
        258,
        253,
        241,
        108,
        368,
        91,
        191,
        223,
        318,
        252,
        411,
        115,
        303,
        321,
        78,
        87,
        336,
        206,
        0,
        228,
        306,
        219,
        160,
        88,
        213,
        192,
        197,
        58,
        237,
        178,
        256,
        157,
        314,
        104,
        41,
        129,
        254,
        341,
        121,
        229,
        85,
        183,
        165],
    [   187,
        362,
        176,
        122,
        202,
        252,
        189,
        309,
        270,
        316,
        100,
        191,
        286,
        251,
        195,
        116,
        263,
        314,
        139,
        34,
        261,
        161,
        197,
        121,
        216,
        159,
        320,
        238,
        329,
        124,
        198,
        162,
        148,
        356,
        395,
        96,
        133,
        286,
        253,
        179,
        194,
        183,
        222,
        122,
        38,
        228,
        0,
        123,
        126,
        352,
        313,
        17,
        206,
        369,
        222,
        142,
        64,
        217,
        383,
        103,
        123,
        241,
        357,
        218,
        188,
        143,
        392,
        266,
        62,
        157],
    [   72,
        433,
        53,
        133,
        94,
        353,
        312,
        351,
        391,
        421,
        214,
        73,
        296,
        334,
        302,
        223,
        380,
        353,
        60,
        148,
        377,
        246,
        288,
        32,
        259,
        38,
        384,
        360,
        306,
        80,
        233,
        65,
        249,
        464,
        503,
        75,
        251,
        384,
        284,
        289,
        301,
        238,
        327,
        57,
        113,
        306,
        123,
        0,
        248,
        389,
        378,
        124,
        193,
        392,
        320,
        263,
        182,
        339,
        463,
        45,
        210,
        304,
        432,
        341,
        69,
        190,
        406,
        365,
        181,
        167],
    [   308,
        341,
        301,
        198,
        320,
        197,
        64,
        332,
        146,
        243,
        83,
        314,
        342,
        229,
        105,
        71,
        144,
        340,
        254,
        102,
        145,
        130,
        138,
        246,
        254,
        285,
        315,
        112,
        407,
        242,
        249,
        279,
        129,
        273,
        311,
        205,
        33,
        198,
        296,
        85,
        103,
        219,
        165,
        237,
        149,
        219,
        126,
        248,
        0,
        375,
        306,
        129,
        293,
        405,
        182,
        21,
        82,
        91,
        347,
        222,
        145,
        250,
        330,
        92,
        315,
        203,
        434,
        213,
        80,
        241],
    [   453,
        124,
        415,
        470,
        478,
        227,
        387,
        43,
        472,
        262,
        296,
        448,
        106,
        163,
        480,
        429,
        489,
        37,
        445,
        376,
        495,
        490,
        511,
        357,
        136,
        395,
        89,
        418,
        174,
        309,
        158,
        454,
        245,
        296,
        314,
        426,
        407,
        570,
        104,
        460,
        478,
        168,
        242,
        434,
        320,
        160,
        352,
        389,
        375,
        0,
        96,
        335,
        206,
        46,
        214,
        394,
        319,
        416,
        169,
        413,
        239,
        124,
        139,
        415,
        397,
        210,
        78,
        219,
        324,
        221],
    [   448,
        56,
        415,
        435,
        473,
        134,
        306,
        75,
        385,
        165,
        235,
        446,
        159,
        77,
        408,
        368,
        406,
        84,
        428,
        329,
        412,
        430,
        444,
        350,
        123,
        393,
        9,
        332,
        244,
        305,
        152,
        442,
        179,
        201,
        222,
        399,
        339,
        494,
        121,
        389,
        406,
        139,
        155,
        415,
        287,
        88,
        313,
        378,
        306,
        96,
        0,
        297,
        228,
        142,
        129,
        323,
        266,
        333,
        96,
        392,
        189,
        74,
        61,
        331,
        403,
        188,
        174,
        124,
        271,
        220],
    [   192,
        347,
        177,
        137,
        208,
        241,
        191,
        292,
        276,
        306,
        92,
        195,
        269,
        237,
        206,
        129,
        270,
        297,
        147,
        49,
        269,
        176,
        211,
        117,
        198,
        159,
        304,
        240,
        313,
        114,
        180,
        169,
        136,
        347,
        386,
        107,
        140,
        298,
        236,
        189,
        204,
        167,
        212,
        131,
        23,
        213,
        17,
        124,
        129,
        335,
        297,
        0,
        191,
        352,
        210,
        147,
        58,
        220,
        369,
        111,
        108,
        225,
        342,
        221,
        186,
        126,
        375,
        255,
        57,
        141],
    [   250,
        284,
        210,
        302,
        276,
        270,
        338,
        176,
        432,
        337,
        214,
        244,
        105,
        220,
        389,
        317,
        436,
        175,
        253,
        240,
        438,
        367,
        401,
        160,
        109,
        192,
        230,
        384,
        123,
        113,
        83,
        258,
        200,
        382,
        416,
        248,
        317,
        484,
        109,
        370,
        388,
        116,
        260,
        246,
        168,
        192,
        206,
        193,
        293,
        206,
        228,
        191,
        0,
        201,
        237,
        315,
        212,
        371,
        324,
        227,
        160,
        165,
        289,
        371,
        191,
        96,
        213,
        276,
        216,
        52],
    [   452,
        169,
        412,
        484,
        478,
        269,
        422,
        77,
        510,
        307,
        324,
        446,
        96,
        204,
        511,
        455,
        526,
        67,
        450,
        396,
        531,
        515,
        538,
        359,
        155,
        393,
        135,
        456,
        142,
        311,
        171,
        457,
        276,
        342,
        361,
        436,
        437,
        603,
        116,
        491,
        509,
        190,
        282,
        441,
        335,
        197,
        369,
        392,
        405,
        46,
        142,
        352,
        201,
        0,
        253,
        425,
        344,
        453,
        214,
        420,
        264,
        158,
        185,
        451,
        392,
        225,
        32,
        262,
        349,
        226],
    [   392,
        159,
        366,
        340,
        412,
        35,
        177,
        176,
        258,
        105,
        126,
        392,
        224,
        51,
        281,
        249,
        277,
        186,
        356,
        229,
        283,
        311,
        320,
        299,
        139,
        345,
        138,
        204,
        309,
        264,
        156,
        376,
        73,
        150,
        186,
        318,
        216,
        365,
        172,
        263,
        280,
        121,
        29,
        341,
        210,
        58,
        222,
        320,
        182,
        214,
        129,
        210,
        237,
        253,
        0,
        197,
        163,
        204,
        167,
        319,
        109,
        99,
        148,
        202,
        364,
        152,
        285,
        45,
        167,
        201],
    [   321,
        356,
        316,
        203,
        331,
        209,
        56,
        351,
        128,
        251,
        105,
        327,
        363,
        246,
        86,
        67,
        123,
        359,
        265,
        115,
        124,
        121,
        123,
        263,
        275,
        301,
        332,
        99,
        428,
        261,
        270,
        291,
        149,
        278,
        315,
        215,
        22,
        177,
        316,
        66,
        84,
        240,
        178,
        248,
        168,
        237,
        142,
        263,
        21,
        394,
        323,
        147,
        315,
        425,
        197,
        0,
        103,
        76,
        360,
        235,
        166,
        269,
        345,
        78,
        331,
        225,
        454,
        225,
        100,
        263],
    [   250,
        311,
        235,
        177,
        266,
        190,
        138,
        276,
        227,
        252,
        37,
        253,
        271,
        198,
        177,
        111,
        226,
        282,
        203,
        65,
        227,
        171,
        196,
        174,
        188,
        217,
        275,
        187,
        329,
        162,
        178,
        227,
        91,
        291,
        331,
        160,
        104,
        272,
        229,
        158,
        176,
        153,
        160,
        187,
        72,
        178,
        64,
        182,
        82,
        319,
        266,
        58,
        212,
        344,
        163,
        103,
        0,
        169,
        328,
        168,
        80,
        199,
        304,
        169,
        243,
        127,
        370,
        205,
        4,
        160],
    [   398,
        355,
        393,
        276,
        408,
        203,
        33,
        376,
        60,
        223,
        157,
        404,
        404,
        256,
        105,
        136,
        73,
        385,
        342,
        192,
        79,
        173,
        157,
        338,
        313,
        376,
        342,
        23,
        477,
        331,
        315,
        367,
        182,
        239,
        272,
        292,
        94,
        167,
        353,
        95,
        104,
        280,
        178,
        325,
        239,
        256,
        217,
        339,
        91,
        416,
        333,
        220,
        371,
        453,
        204,
        76,
        169,
        0,
        349,
        312,
        213,
        294,
        341,
        2,
        406,
        276,
        484,
        218,
        168,
        320],
    [   534,
        45,
        503,
        503,
        558,
        150,
        329,
        164,
        392,
        135,
        292,
        533,
        252,
        131,
        440,
        416,
        418,
        172,
        508,
        393,
        426,
        477,
        483,
        437,
        217,
        481,
        95,
        342,
        335,
        394,
        245,
        525,
        236,
        151,
        157,
        475,
        380,
        517,
        217,
        423,
        439,
        227,
        181,
        494,
        363,
        157,
        383,
        463,
        347,
        169,
        96,
        369,
        324,
        214,
        167,
        360,
        328,
        349,
        0,
        472,
        260,
        162,
        34,
        347,
        494,
        274,
        243,
        134,
        332,
        311],
    [   86,
        446,
        88,
        87,
        99,
        351,
        287,
        373,
        359,
        417,
        203,
        92,
        327,
        341,
        264,
        187,
        346,
        376,
        36,
        120,
        342,
        203,
        247,
        72,
        279,
        80,
        399,
        334,
        345,
        114,
        254,
        58,
        246,
        458,
        497,
        29,
        220,
        342,
        308,
        252,
        263,
        254,
        322,
        22,
        109,
        314,
        103,
        45,
        222,
        413,
        392,
        111,
        227,
        420,
        319,
        235,
        168,
        312,
        472,
        0,
        213,
        318,
        443,
        313,
        111,
        206,
        437,
        365,
        165,
        193],
    [   283,
        238,
        257,
        245,
        304,
        143,
        179,
        195,
        273,
        212,
        61,
        283,
        197,
        128,
        249,
        190,
        281,
        202,
        249,
        140,
        283,
        251,
        274,
        190,
        110,
        236,
        197,
        224,
        265,
        158,
        104,
        268,
        44,
        256,
        294,
        214,
        174,
        343,
        151,
        229,
        247,
        74,
        119,
        234,
        103,
        104,
        123,
        210,
        145,
        239,
        189,
        108,
        160,
        264,
        109,
        166,
        80,
        213,
        260,
        213,
        0,
        120,
        233,
        212,
        256,
        64,
        291,
        155,
        85,
        112],
    [   374,
        129,
        341,
        362,
        398,
        123,
        264,
        82,
        351,
        181,
        173,
        372,
        127,
        60,
        355,
        306,
        367,
        91,
        353,
        260,
        372,
        368,
        387,
        276,
        56,
        320,
        80,
        298,
        214,
        232,
        83,
        368,
        120,
        224,
        254,
        325,
        283,
        446,
        76,
        336,
        354,
        65,
        128,
        340,
        214,
        41,
        241,
        304,
        250,
        124,
        74,
        225,
        165,
        158,
        99,
        269,
        199,
        294,
        162,
        318,
        120,
        0,
        130,
        293,
        331,
        113,
        189,
        122,
        204,
        149],
    [   504,
        17,
        471,
        478,
        527,
        138,
        318,
        131,
        388,
        140,
        270,
        502,
        219,
        106,
        427,
        397,
        412,
        139,
        479,
        369,
        419,
        459,
        468,
        405,
        183,
        450,
        61,
        336,
        302,
        362,
        211,
        495,
        213,
        165,
        177,
        447,
        364,
        507,
        183,
        409,
        426,
        195,
        167,
        465,
        335,
        129,
        357,
        432,
        330,
        139,
        61,
        342,
        289,
        185,
        148,
        345,
        304,
        341,
        34,
        443,
        233,
        130,
        0,
        339,
        461,
        243,
        215,
        123,
        309,
        278],
    [   399,
        353,
        394,
        278,
        410,
        201,
        33,
        375,
        61,
        221,
        157,
        405,
        403,
        254,
        108,
        138,
        74,
        384,
        343,
        193,
        81,
        176,
        159,
        339,
        312,
        378,
        341,
        21,
        476,
        332,
        314,
        369,
        181,
        237,
        270,
        294,
        96,
        170,
        352,
        98,
        107,
        279,
        176,
        326,
        240,
        254,
        218,
        341,
        92,
        415,
        331,
        221,
        371,
        451,
        202,
        78,
        169,
        2,
        347,
        313,
        212,
        293,
        339,
        0,
        407,
        276,
        482,
        216,
        168,
        320],
    [   68,
        460,
        30,
        195,
        93,
        399,
        378,
        364,
        459,
        469,
        272,
        59,
        296,
        370,
        372,
        293,
        449,
        364,
        108,
        216,
        446,
        314,
        357,
        69,
        280,
        31,
        408,
        426,
        285,
        100,
        252,
        94,
        298,
        513,
        551,
        140,
        319,
        453,
        296,
        358,
        370,
        267,
        376,
        114,
        171,
        341,
        188,
        69,
        315,
        397,
        403,
        186,
        191,
        392,
        364,
        331,
        243,
        406,
        494,
        111,
        256,
        331,
        461,
        407,
        0,
        220,
        401,
        410,
        243,
        183],
    [   261,
        243,
        228,
        260,
        284,
        187,
        243,
        168,
        337,
        256,
        121,
        259,
        145,
        150,
        304,
        238,
        343,
        172,
        240,
        171,
        345,
        294,
        323,
        162,
        74,
        207,
        193,
        289,
        203,
        120,
        54,
        254,
        105,
        301,
        337,
        217,
        230,
        399,
        109,
        285,
        302,
        48,
        170,
        228,
        109,
        121,
        143,
        190,
        203,
        210,
        188,
        126,
        96,
        225,
        152,
        225,
        127,
        276,
        274,
        206,
        64,
        113,
        243,
        276,
        220,
        0,
        249,
        195,
        131,
        50],
    [   463,
        199,
        423,
        504,
        489,
        301,
        453,
        109,
        541,
        339,
        351,
        457,
        110,
        236,
        539,
        482,
        557,
        99,
        465,
        420,
        561,
        541,
        565,
        373,
        181,
        405,
        167,
        487,
        135,
        326,
        195,
        471,
        306,
        374,
        392,
        454,
        465,
        632,
        141,
        519,
        538,
        217,
        314,
        458,
        357,
        229,
        392,
        406,
        434,
        78,
        174,
        375,
        213,
        32,
        285,
        454,
        370,
        484,
        243,
        437,
        291,
        189,
        215,
        482,
        401,
        249,
        0,
        295,
        375,
        244],
    [   438,
        138,
        412,
        382,
        458,
        16,
        195,
        187,
        265,
        61,
        168,
        438,
        249,
        62,
        305,
        283,
        288,
        197,
        401,
        270,
        296,
        344,
        349,
        345,
        172,
        391,
        133,
        213,
        337,
        310,
        193,
        422,
        118,
        107,
        142,
        362,
        246,
        384,
        198,
        288,
        304,
        160,
        48,
        386,
        255,
        85,
        266,
        365,
        213,
        219,
        124,
        255,
        276,
        262,
        45,
        225,
        205,
        218,
        134,
        365,
        155,
        122,
        123,
        216,
        410,
        195,
        295,
        0,
        209,
        244],
    [   248,
        316,
        234,
        172,
        264,
        194,
        137,
        281,
        225,
        256,
        41,
        252,
        275,
        202,
        174,
        107,
        224,
        287,
        201,
        61,
        224,
        166,
        191,
        174,
        193,
        216,
        279,
        186,
        333,
        163,
        182,
        224,
        95,
        294,
        334,
        157,
        100,
        268,
        234,
        154,
        172,
        158,
        163,
        184,
        72,
        183,
        62,
        181,
        80,
        324,
        271,
        57,
        216,
        349,
        167,
        100,
        4,
        168,
        332,
        165,
        85,
        204,
        309,
        168,
        243,
        131,
        375,
        209,
        0,
        164],
    [   233,
        276,
        196,
        261,
        258,
        236,
        287,
        184,
        381,
        305,
        163,
        229,
        134,
        194,
        337,
        265,
        384,
        185,
        224,
        190,
        386,
        317,
        350,
        136,
        96,
        175,
        224,
        334,
        172,
        88,
        68,
        233,
        155,
        351,
        386,
        210,
        264,
        432,
        116,
        318,
        336,
        87,
        221,
        214,
        119,
        165,
        157,
        167,
        241,
        221,
        220,
        141,
        52,
        226,
        201,
        263,
        160,
        320,
        311,
        193,
        112,
        149,
        278,
        320,
        183,
        50,
        244,
        244,
        164,
        0]]
;
task=[   15,
    16,
    36,
    25,
    66,
    274,
    55,
    304,
    157,
    121,
    68,
    19,
    74,
    344,
    179,
    259,
    154,
    107,
    139,
    180,
    81,
    134,
    146,
    112,
    171,
    60,
    83,
    175,
    138,
    210,
    260,
    98,
    58,
    48,
    6,
    24,
    297,
    11,
    237,
    120,
    216,
    97,
    131,
    220,
    222,
    230,
    306,
    289,
    411,
    9,
    211,
    435,
    390,
    174,
    241,
    347,
    208,
    209,
    125,
    86,
    0,
    447,
    167,
    181,
    14,
    124,
    117,
    266,
    445,
    378]
;
minW=[   106,
    37,
    152,
    203,
    14,
    31,
    84,
    74,
    63,
    190,
    24,
    22,
    58,
    81,
    54,
    31,
    167,
    168,
    223,
    118,
    119,
    48,
    134,
    34,
    22,
    5,
    124,
    97,
    101,
    36,
    53,
    126,
    29,
    105,
    221,
    60,
    118,
    78,
    61,
    143,
    48,
    72,
    84,
    164,
    82,
    103,
    66,
    4,
    105,
    143,
    58,
    60,
    159,
    157,
    71,
    117,
    44,
    194,
    62,
    151,
    0,
    45,
    171,
    40,
    106,
    3,
    16,
    21,
    27,
    103]
;
maxW=[   616,
    286,
    487,
    635,
    662,
    545,
    288,
    477,
    473,
    363,
    209,
    349,
    624,
    447,
    606,
    415,
    282,
    596,
    684,
    299,
    689,
    497,
    597,
    197,
    282,
    530,
    594,
    366,
    543,
    366,
    136,
    714,
    186,
    403,
    444,
    572,
    391,
    659,
    376,
    474,
    280,
    201,
    676,
    406,
    414,
    413,
    495,
    508,
    455,
    696,
    508,
    411,
    634,
    562,
    649,
    507,
    491,
    498,
    441,
    557,
    720,
    503,
    444,
    407,
    523,
    125,
    480,
    614,
    227,
    607]
;