// Generated by InstanceGenerator.py v0.1
// Juan Francisco Martinez Vera
// AMMM - MIRI, FIB UPC
//
// RAND_SEED=1484819003

bigM=100000;

nLocations=60;
startLocation=5;
distances=[   [   0,
        187,
        131,
        234,
        234,
        195,
        251,
        247,
        181,
        140,
        419,
        301,
        467,
        256,
        488,
        157,
        212,
        216,
        157,
        255,
        157,
        277,
        62,
        323,
        143,
        477,
        163,
        308,
        165,
        286,
        136,
        442,
        282,
        241,
        199,
        159,
        490,
        365,
        270,
        452,
        139,
        375,
        242,
        338,
        341,
        390,
        407,
        360,
        448,
        370,
        442,
        425,
        338,
        253,
        307,
        131,
        339,
        125,
        241,
        203],
    [   187,
        0,
        275,
        81,
        309,
        363,
        64,
        60,
        307,
        324,
        483,
        400,
        587,
        389,
        559,
        127,
        393,
        234,
        326,
        442,
        235,
        258,
        247,
        249,
        293,
        485,
        227,
        445,
        214,
        420,
        225,
        490,
        162,
        293,
        207,
        213,
        556,
        355,
        132,
        474,
        223,
        324,
        428,
        408,
        448,
        397,
        462,
        381,
        576,
        423,
        480,
        402,
        492,
        423,
        256,
        310,
        303,
        190,
        336,
        382],
    [   131,
        275,
        0,
        288,
        126,
        95,
        335,
        327,
        51,
        103,
        300,
        174,
        336,
        125,
        363,
        179,
        141,
        160,
        65,
        228,
        84,
        227,
        134,
        299,
        19,
        381,
        100,
        179,
        114,
        156,
        72,
        327,
        300,
        149,
        160,
        110,
        367,
        290,
        304,
        349,
        78,
        326,
        231,
        219,
        211,
        302,
        291,
        267,
        318,
        257,
        332,
        351,
        218,
        152,
        272,
        77,
        286,
        101,
        120,
        129],
    [   234,
        81,
        288,
        0,
        287,
        383,
        81,
        68,
        308,
        358,
        444,
        380,
        569,
        386,
        520,
        111,
        421,
        200,
        348,
        485,
        227,
        203,
        297,
        176,
        307,
        425,
        214,
        441,
        199,
        416,
        224,
        444,
        83,
        263,
        175,
        199,
        516,
        295,
        50,
        420,
        220,
        253,
        475,
        376,
        428,
        340,
        420,
        331,
        563,
        382,
        431,
        336,
        496,
        440,
        189,
        340,
        238,
        190,
        319,
        409],
    [   234,
        309,
        126,
        287,
        0,
        185,
        357,
        345,
        86,
        225,
        187,
        92,
        281,
        120,
        259,
        184,
        240,
        92,
        175,
        338,
        81,
        138,
        255,
        222,
        132,
        254,
        84,
        166,
        94,
        143,
        100,
        208,
        263,
        36,
        113,
        97,
        259,
        172,
        282,
        223,
        98,
        223,
        347,
        106,
        141,
        176,
        173,
        141,
        275,
        136,
        209,
        230,
        231,
        218,
        188,
        200,
        184,
        126,
        36,
        229],
    [   195,
        363,
        95,
        383,
        185,
        0,
        426,
        418,
        101,
        76,
        316,
        185,
        297,
        105,
        366,
        274,
        55,
        246,
        38,
        154,
        174,
        310,
        165,
        387,
        76,
        425,
        190,
        137,
        205,
        123,
        166,
        352,
        395,
        217,
        250,
        202,
        372,
        357,
        400,
        388,
        172,
        404,
        168,
        246,
        203,
        357,
        316,
        320,
        271,
        290,
        363,
        415,
        147,
        59,
        358,
        67,
        365,
        196,
        160,
        44],
    [   251,
        64,
        335,
        81,
        357,
        426,
        0,
        13,
        365,
        388,
        522,
        449,
        638,
        445,
        598,
        173,
        457,
        274,
        389,
        507,
        289,
        284,
        312,
        256,
        354,
        507,
        278,
        502,
        264,
        477,
        281,
        524,
        159,
        337,
        248,
        263,
        594,
        377,
        123,
        502,
        278,
        333,
        493,
        451,
        498,
        422,
        499,
        412,
        629,
        461,
        512,
        418,
        551,
        485,
        271,
        374,
        320,
        246,
        386,
        446],
    [   247,
        60,
        327,
        68,
        345,
        418,
        13,
        0,
        355,
        382,
        509,
        438,
        626,
        435,
        585,
        162,
        450,
        262,
        381,
        502,
        278,
        271,
        308,
        243,
        345,
        494,
        267,
        491,
        253,
        466,
        270,
        511,
        146,
        324,
        236,
        252,
        581,
        364,
        111,
        488,
        267,
        320,
        489,
        438,
        486,
        409,
        486,
        398,
        618,
        448,
        499,
        404,
        541,
        477,
        258,
        367,
        307,
        235,
        375,
        439],
    [   181,
        307,
        51,
        308,
        86,
        101,
        365,
        355,
        0,
        140,
        249,
        122,
        289,
        81,
        311,
        197,
        155,
        147,
        89,
        252,
        83,
        210,
        185,
        289,
        49,
        337,
        98,
        138,
        114,
        113,
        84,
        278,
        307,
        117,
        155,
        112,
        315,
        258,
        317,
        303,
        88,
        303,
        261,
        169,
        160,
        262,
        241,
        226,
        273,
        209,
        284,
        317,
        187,
        144,
        258,
        115,
        264,
        119,
        71,
        144],
    [   140,
        324,
        103,
        358,
        225,
        76,
        388,
        382,
        140,
        0,
        381,
        249,
        374,
        176,
        436,
        258,
        73,
        262,
        54,
        130,
        185,
        330,
        95,
        398,
        93,
        478,
        201,
        213,
        213,
        198,
        170,
        414,
        387,
        251,
        258,
        208,
        441,
        393,
        385,
        443,
        176,
        429,
        129,
        306,
        274,
        402,
        377,
        366,
        348,
        347,
        422,
        453,
        221,
        124,
        373,
        25,
        389,
        190,
        211,
        65],
    [   419,
        483,
        300,
        444,
        187,
        316,
        522,
        509,
        249,
        381,
        0,
        132,
        185,
        211,
        76,
        356,
        366,
        248,
        327,
        464,
        268,
        245,
        434,
        313,
        297,
        144,
        269,
        206,
        276,
        203,
        287,
        42,
        393,
        192,
        275,
        279,
        73,
        185,
        422,
        102,
        286,
        264,
        482,
        81,
        122,
        142,
        27,
        126,
        203,
        61,
        64,
        203,
        262,
        317,
        280,
        359,
        243,
        311,
        179,
        358],
    [   301,
        400,
        174,
        380,
        92,
        185,
        449,
        438,
        122,
        249,
        132,
        0,
        188,
        82,
        190,
        276,
        236,
        183,
        194,
        335,
        165,
        216,
        307,
        300,
        169,
        247,
        173,
        98,
        185,
        83,
        181,
        167,
        352,
        120,
        205,
        187,
        193,
        212,
        373,
        207,
        181,
        282,
        352,
        65,
        48,
        195,
        131,
        159,
        183,
        109,
        179,
        260,
        165,
        192,
        264,
        228,
        247,
        212,
        64,
        227],
    [   467,
        587,
        336,
        569,
        281,
        297,
        638,
        626,
        289,
        374,
        185,
        188,
        0,
        211,
        159,
        464,
        325,
        370,
        326,
        404,
        351,
        394,
        456,
        474,
        324,
        326,
        360,
        161,
        373,
        181,
        363,
        222,
        537,
        307,
        394,
        375,
        171,
        360,
        560,
        285,
        365,
        438,
        430,
        207,
        140,
        323,
        209,
        298,
        34,
        226,
        246,
        387,
        167,
        263,
        439,
        361,
        410,
        397,
        251,
        323],
    [   256,
        389,
        125,
        386,
        120,
        105,
        445,
        435,
        81,
        176,
        211,
        82,
        211,
        0,
        260,
        275,
        154,
        207,
        122,
        253,
        158,
        259,
        247,
        342,
        113,
        329,
        172,
        56,
        187,
        31,
        164,
        248,
        376,
        156,
        222,
        186,
        266,
        279,
        390,
        289,
        167,
        340,
        271,
        146,
        98,
        270,
        213,
        233,
        192,
        190,
        261,
        333,
        112,
        111,
        308,
        158,
        302,
        199,
        84,
        146],
    [   488,
        559,
        363,
        520,
        259,
        366,
        598,
        585,
        311,
        436,
        76,
        190,
        159,
        260,
        0,
        432,
        410,
        324,
        382,
        505,
        340,
        320,
        497,
        385,
        359,
        179,
        342,
        239,
        350,
        244,
        359,
        86,
        468,
        267,
        351,
        353,
        12,
        253,
        498,
        144,
        357,
        330,
        526,
        153,
        162,
        207,
        100,
        197,
        187,
        137,
        109,
        260,
        283,
        355,
        353,
        416,
        313,
        385,
        246,
        404],
    [   157,
        127,
        179,
        111,
        184,
        274,
        173,
        162,
        197,
        258,
        356,
        276,
        464,
        275,
        432,
        0,
        316,
        108,
        241,
        388,
        116,
        144,
        215,
        169,
        198,
        368,
        104,
        331,
        90,
        306,
        112,
        364,
        129,
        166,
        81,
        90,
        430,
        242,
        126,
        353,
        108,
        230,
        382,
        281,
        324,
        279,
        335,
        259,
        455,
        296,
        356,
        295,
        384,
        330,
        159,
        237,
        200,
        78,
        213,
        304],
    [   212,
        393,
        141,
        421,
        240,
        55,
        457,
        450,
        155,
        73,
        366,
        236,
        325,
        154,
        410,
        316,
        0,
        298,
        75,
        100,
        224,
        363,
        167,
        439,
        124,
        479,
        240,
        173,
        255,
        166,
        214,
        403,
        441,
        272,
        300,
        251,
        417,
        412,
        442,
        441,
        220,
        459,
        116,
        299,
        248,
        412,
        367,
        375,
        296,
        343,
        415,
        470,
        162,
        62,
        410,
        82,
        419,
        240,
        216,
        12],
    [   216,
        234,
        160,
        200,
        92,
        246,
        274,
        262,
        147,
        262,
        248,
        183,
        370,
        207,
        324,
        108,
        298,
        0,
        224,
        388,
        76,
        67,
        258,
        141,
        175,
        267,
        61,
        257,
        53,
        233,
        93,
        256,
        171,
        63,
        26,
        58,
        322,
        149,
        190,
        248,
        87,
        167,
        391,
        176,
        231,
        178,
        227,
        154,
        366,
        188,
        248,
        208,
        319,
        292,
        112,
        237,
        128,
        90,
        127,
        286],
    [   157,
        326,
        65,
        348,
        175,
        38,
        389,
        381,
        89,
        54,
        327,
        194,
        326,
        122,
        382,
        241,
        75,
        224,
        0,
        165,
        149,
        291,
        130,
        364,
        49,
        425,
        165,
        164,
        179,
        147,
        138,
        359,
        365,
        204,
        225,
        175,
        387,
        346,
        368,
        390,
        144,
        388,
        172,
        251,
        220,
        352,
        323,
        315,
        302,
        293,
        368,
        406,
        183,
        97,
        336,
        35,
        348,
        165,
        158,
        63],
    [   255,
        442,
        228,
        485,
        338,
        154,
        507,
        502,
        252,
        130,
        464,
        335,
        404,
        253,
        505,
        388,
        100,
        388,
        165,
        0,
        312,
        455,
        196,
        527,
        214,
        580,
        328,
        265,
        341,
        262,
        298,
        502,
        517,
        369,
        387,
        336,
        513,
        510,
        513,
        541,
        304,
        553,
        30,
        399,
        345,
        512,
        466,
        475,
        372,
        443,
        515,
        569,
        237,
        149,
        500,
        153,
        513,
        319,
        315,
        110],
    [   157,
        235,
        84,
        227,
        81,
        174,
        289,
        278,
        83,
        185,
        268,
        165,
        351,
        158,
        340,
        116,
        224,
        76,
        149,
        312,
        0,
        144,
        189,
        215,
        100,
        321,
        16,
        214,
        32,
        189,
        21,
        286,
        224,
        84,
        76,
        29,
        340,
        216,
        234,
        294,
        17,
        243,
        314,
        187,
        213,
        235,
        252,
        204,
        340,
        214,
        285,
        276,
        269,
        224,
        188,
        160,
        204,
        46,
        101,
        212],
    [   277,
        258,
        227,
        203,
        138,
        310,
        284,
        271,
        210,
        330,
        245,
        216,
        394,
        259,
        320,
        144,
        363,
        67,
        291,
        455,
        144,
        0,
        324,
        84,
        241,
        227,
        129,
        303,
        119,
        281,
        161,
        241,
        148,
        102,
        79,
        125,
        315,
        98,
        177,
        217,
        155,
        99,
        459,
        188,
        260,
        139,
        220,
        127,
        396,
        185,
        228,
        151,
        369,
        352,
        49,
        304,
        62,
        154,
        174,
        351],
    [   62,
        247,
        134,
        297,
        255,
        165,
        312,
        308,
        185,
        95,
        434,
        307,
        456,
        247,
        497,
        215,
        167,
        258,
        130,
        196,
        189,
        324,
        0,
        377,
        138,
        508,
        199,
        294,
        205,
        275,
        168,
        461,
        343,
        271,
        245,
        200,
        500,
        404,
        332,
        478,
        173,
        423,
        181,
        353,
        341,
        424,
        424,
        391,
        432,
        390,
        464,
        465,
        312,
        218,
        358,
        97,
        386,
        169,
        254,
        160],
    [   323,
        249,
        299,
        176,
        222,
        387,
        256,
        243,
        289,
        398,
        313,
        300,
        474,
        342,
        385,
        169,
        439,
        141,
        364,
        527,
        215,
        84,
        377,
        0,
        315,
        259,
        199,
        387,
        185,
        365,
        228,
        301,
        98,
        186,
        139,
        190,
        378,
        135,
        133,
        262,
        222,
        77,
        527,
        267,
        343,
        184,
        287,
        188,
        478,
        255,
        283,
        163,
        453,
        433,
        35,
        374,
        73,
        211,
        258,
        427],
    [   143,
        293,
        19,
        307,
        132,
        76,
        354,
        345,
        49,
        93,
        297,
        169,
        324,
        113,
        359,
        198,
        124,
        175,
        49,
        214,
        100,
        241,
        138,
        315,
        0,
        385,
        116,
        165,
        131,
        143,
        90,
        327,
        319,
        158,
        176,
        127,
        362,
        300,
        323,
        352,
        96,
        339,
        219,
        219,
        203,
        308,
        290,
        273,
        304,
        258,
        333,
        360,
        200,
        132,
        287,
        68,
        299,
        120,
        120,
        112],
    [   477,
        485,
        381,
        425,
        254,
        425,
        507,
        494,
        337,
        478,
        144,
        247,
        326,
        329,
        179,
        368,
        479,
        267,
        425,
        580,
        321,
        227,
        508,
        259,
        385,
        0,
        314,
        338,
        313,
        330,
        342,
        104,
        355,
        237,
        291,
        318,
        167,
        129,
        390,
        42,
        338,
        186,
        593,
        182,
        257,
        89,
        126,
        116,
        347,
        138,
        80,
        99,
        400,
        440,
        236,
        453,
        188,
        353,
        267,
        470],
    [   163,
        227,
        100,
        214,
        84,
        190,
        278,
        267,
        98,
        201,
        269,
        173,
        360,
        172,
        342,
        104,
        240,
        61,
        165,
        328,
        16,
        129,
        199,
        199,
        116,
        314,
        0,
        227,
        16,
        202,
        31,
        285,
        208,
        80,
        60,
        14,
        342,
        205,
        219,
        289,
        26,
        229,
        330,
        189,
        221,
        227,
        252,
        197,
        351,
        213,
        282,
        265,
        283,
        241,
        172,
        176,
        190,
        42,
        109,
        228],
    [   308,
        445,
        179,
        441,
        166,
        137,
        502,
        491,
        138,
        213,
        206,
        98,
        161,
        56,
        239,
        331,
        173,
        257,
        164,
        265,
        214,
        303,
        294,
        387,
        165,
        338,
        227,
        0,
        242,
        24,
        221,
        247,
        428,
        201,
        274,
        241,
        248,
        310,
        443,
        297,
        223,
        377,
        287,
        159,
        83,
        292,
        214,
        257,
        139,
        202,
        264,
        358,
        67,
        116,
        353,
        199,
        341,
        255,
        130,
        168],
    [   165,
        214,
        114,
        199,
        94,
        205,
        264,
        253,
        114,
        213,
        276,
        185,
        373,
        187,
        350,
        90,
        255,
        53,
        179,
        341,
        32,
        119,
        205,
        185,
        131,
        313,
        16,
        242,
        0,
        217,
        42,
        290,
        192,
        84,
        45,
        5,
        349,
        200,
        203,
        291,
        36,
        219,
        342,
        197,
        233,
        225,
        258,
        197,
        365,
        219,
        286,
        260,
        299,
        256,
        160,
        188,
        181,
        39,
        122,
        243],
    [   286,
        420,
        156,
        416,
        143,
        123,
        477,
        466,
        113,
        198,
        203,
        83,
        181,
        31,
        244,
        306,
        166,
        233,
        147,
        262,
        189,
        281,
        275,
        365,
        143,
        330,
        202,
        24,
        217,
        0,
        196,
        242,
        404,
        179,
        250,
        217,
        251,
        293,
        419,
        289,
        198,
        358,
        282,
        148,
        82,
        278,
        208,
        242,
        161,
        191,
        258,
        343,
        87,
        114,
        331,
        183,
        321,
        231,
        107,
        160],
    [   136,
        225,
        72,
        224,
        100,
        166,
        281,
        270,
        84,
        170,
        287,
        181,
        363,
        164,
        359,
        112,
        214,
        93,
        138,
        298,
        21,
        161,
        168,
        228,
        90,
        342,
        31,
        221,
        42,
        196,
        0,
        307,
        229,
        105,
        88,
        37,
        359,
        236,
        235,
        316,
        5,
        261,
        299,
        206,
        227,
        256,
        273,
        225,
        351,
        235,
        306,
        297,
        272,
        220,
        202,
        145,
        222,
        35,
        116,
        202],
    [   442,
        490,
        327,
        444,
        208,
        352,
        524,
        511,
        278,
        414,
        42,
        167,
        222,
        248,
        86,
        364,
        403,
        256,
        359,
        502,
        286,
        241,
        461,
        301,
        327,
        104,
        285,
        247,
        290,
        242,
        307,
        0,
        387,
        205,
        283,
        294,
        78,
        167,
        418,
        63,
        304,
        244,
        519,
        108,
        163,
        120,
        36,
        114,
        243,
        72,
        24,
        174,
        304,
        356,
        270,
        391,
        228,
        328,
        207,
        394],
    [   282,
        162,
        300,
        83,
        263,
        395,
        159,
        146,
        307,
        387,
        393,
        352,
        537,
        376,
        468,
        129,
        441,
        171,
        365,
        517,
        224,
        148,
        343,
        98,
        319,
        355,
        208,
        428,
        192,
        404,
        229,
        387,
        0,
        232,
        153,
        195,
        462,
        228,
        36,
        355,
        223,
        175,
        512,
        334,
        400,
        275,
        368,
        272,
        536,
        333,
        371,
        261,
        489,
        449,
        119,
        365,
        167,
        200,
        299,
        429],
    [   241,
        293,
        149,
        263,
        36,
        217,
        337,
        324,
        117,
        251,
        192,
        120,
        307,
        156,
        267,
        166,
        272,
        63,
        204,
        369,
        84,
        102,
        271,
        186,
        158,
        237,
        80,
        201,
        84,
        179,
        105,
        205,
        232,
        0,
        88,
        88,
        265,
        141,
        253,
        210,
        101,
        188,
        376,
        115,
        167,
        153,
        173,
        120,
        304,
        134,
        202,
        201,
        266,
        254,
        152,
        226,
        149,
        122,
        71,
        261],
    [   199,
        207,
        160,
        175,
        113,
        250,
        248,
        236,
        155,
        258,
        275,
        205,
        394,
        222,
        351,
        81,
        300,
        26,
        225,
        387,
        76,
        79,
        245,
        139,
        176,
        291,
        60,
        274,
        45,
        250,
        88,
        283,
        153,
        88,
        0,
        50,
        349,
        169,
        169,
        274,
        82,
        177,
        387,
        202,
        253,
        202,
        254,
        179,
        388,
        215,
        275,
        227,
        335,
        299,
        115,
        234,
        141,
        75,
        147,
        288],
    [   159,
        213,
        110,
        199,
        97,
        202,
        263,
        252,
        112,
        208,
        279,
        187,
        375,
        186,
        353,
        90,
        251,
        58,
        175,
        336,
        29,
        125,
        200,
        190,
        127,
        318,
        14,
        241,
        5,
        217,
        37,
        294,
        195,
        88,
        50,
        0,
        352,
        206,
        204,
        295,
        32,
        224,
        337,
        200,
        235,
        230,
        262,
        202,
        365,
        223,
        290,
        266,
        298,
        254,
        165,
        183,
        186,
        34,
        123,
        239],
    [   490,
        556,
        367,
        516,
        259,
        372,
        594,
        581,
        315,
        441,
        73,
        193,
        171,
        266,
        12,
        430,
        417,
        322,
        387,
        513,
        340,
        315,
        500,
        378,
        362,
        167,
        342,
        248,
        349,
        251,
        359,
        78,
        462,
        265,
        349,
        352,
        0,
        245,
        492,
        133,
        358,
        322,
        534,
        153,
        169,
        198,
        95,
        190,
        200,
        133,
        100,
        249,
        293,
        363,
        347,
        421,
        306,
        384,
        248,
        411],
    [   365,
        355,
        290,
        295,
        172,
        357,
        377,
        364,
        258,
        393,
        185,
        212,
        360,
        279,
        253,
        242,
        412,
        149,
        346,
        510,
        216,
        98,
        404,
        135,
        300,
        129,
        205,
        310,
        200,
        293,
        236,
        167,
        228,
        141,
        169,
        206,
        245,
        0,
        262,
        127,
        231,
        79,
        518,
        160,
        245,
        48,
        158,
        61,
        370,
        133,
        147,
        60,
        378,
        387,
        109,
        368,
        62,
        239,
        199,
        401],
    [   270,
        132,
        304,
        50,
        282,
        400,
        123,
        111,
        317,
        385,
        422,
        373,
        560,
        390,
        498,
        126,
        442,
        190,
        368,
        513,
        234,
        177,
        332,
        133,
        323,
        390,
        219,
        443,
        203,
        419,
        235,
        418,
        36,
        253,
        169,
        204,
        492,
        262,
        0,
        389,
        230,
        211,
        506,
        360,
        421,
        309,
        397,
        304,
        557,
        361,
        403,
        297,
        502,
        455,
        153,
        364,
        201,
        203,
        316,
        431],
    [   452,
        474,
        349,
        420,
        223,
        388,
        502,
        488,
        303,
        443,
        102,
        207,
        285,
        289,
        144,
        353,
        441,
        248,
        390,
        541,
        294,
        217,
        478,
        262,
        352,
        42,
        289,
        297,
        291,
        289,
        316,
        63,
        355,
        210,
        274,
        295,
        133,
        127,
        389,
        0,
        312,
        196,
        556,
        142,
        214,
        80,
        84,
        94,
        306,
        98,
        38,
        117,
        358,
        400,
        236,
        419,
        189,
        330,
        232,
        432],
    [   139,
        223,
        78,
        220,
        98,
        172,
        278,
        267,
        88,
        176,
        286,
        181,
        365,
        167,
        357,
        108,
        220,
        87,
        144,
        304,
        17,
        155,
        173,
        222,
        96,
        338,
        26,
        223,
        36,
        198,
        5,
        304,
        223,
        101,
        82,
        32,
        358,
        231,
        230,
        312,
        0,
        255,
        305,
        204,
        227,
        252,
        270,
        221,
        353,
        232,
        303,
        292,
        275,
        225,
        196,
        151,
        216,
        32,
        116,
        207],
    [   375,
        324,
        326,
        253,
        223,
        404,
        333,
        320,
        303,
        429,
        264,
        282,
        438,
        340,
        330,
        230,
        459,
        167,
        388,
        553,
        243,
        99,
        423,
        77,
        339,
        186,
        229,
        377,
        219,
        358,
        261,
        244,
        175,
        188,
        177,
        224,
        322,
        79,
        211,
        196,
        255,
        0,
        557,
        235,
        318,
        123,
        237,
        140,
        447,
        212,
        222,
        88,
        445,
        442,
        70,
        403,
        39,
        253,
        256,
        447],
    [   242,
        428,
        231,
        475,
        347,
        168,
        493,
        489,
        261,
        129,
        482,
        352,
        430,
        271,
        526,
        382,
        116,
        391,
        172,
        30,
        314,
        459,
        181,
        527,
        219,
        593,
        330,
        287,
        342,
        282,
        299,
        519,
        512,
        376,
        387,
        337,
        534,
        518,
        506,
        556,
        305,
        557,
        0,
        414,
        364,
        523,
        483,
        486,
        399,
        458,
        531,
        578,
        263,
        171,
        502,
        154,
        518,
        317,
        327,
        124],
    [   338,
        408,
        219,
        376,
        106,
        246,
        451,
        438,
        169,
        306,
        81,
        65,
        207,
        146,
        153,
        281,
        299,
        176,
        251,
        399,
        187,
        188,
        353,
        267,
        219,
        182,
        189,
        159,
        197,
        148,
        206,
        108,
        334,
        115,
        202,
        200,
        153,
        160,
        360,
        142,
        204,
        235,
        414,
        0,
        85,
        134,
        71,
        101,
        212,
        44,
        116,
        201,
        225,
        257,
        232,
        283,
        205,
        231,
        99,
        290],
    [   341,
        448,
        211,
        428,
        141,
        203,
        498,
        486,
        160,
        274,
        122,
        48,
        140,
        98,
        162,
        324,
        248,
        231,
        220,
        345,
        213,
        260,
        341,
        343,
        203,
        257,
        221,
        83,
        233,
        82,
        227,
        163,
        400,
        167,
        253,
        235,
        169,
        245,
        421,
        214,
        227,
        318,
        364,
        85,
        0,
        220,
        131,
        187,
        136,
        123,
        181,
        286,
        143,
        196,
        307,
        255,
        286,
        259,
        111,
        241],
    [   390,
        397,
        302,
        340,
        176,
        357,
        422,
        409,
        262,
        402,
        142,
        195,
        323,
        270,
        207,
        279,
        412,
        178,
        352,
        512,
        235,
        139,
        424,
        184,
        308,
        89,
        227,
        292,
        225,
        278,
        256,
        120,
        275,
        153,
        202,
        230,
        198,
        48,
        309,
        80,
        252,
        123,
        523,
        134,
        220,
        0,
        116,
        37,
        336,
        99,
        100,
        66,
        359,
        381,
        156,
        377,
        110,
        265,
        196,
        402],
    [   407,
        462,
        291,
        420,
        173,
        316,
        499,
        486,
        241,
        377,
        27,
        131,
        209,
        213,
        100,
        335,
        367,
        227,
        323,
        466,
        252,
        220,
        424,
        287,
        290,
        126,
        252,
        214,
        258,
        208,
        273,
        36,
        368,
        173,
        254,
        262,
        95,
        158,
        397,
        84,
        270,
        237,
        483,
        71,
        131,
        116,
        0,
        99,
        226,
        39,
        49,
        177,
        274,
        322,
        254,
        355,
        216,
        295,
        170,
        358],
    [   360,
        381,
        267,
        331,
        141,
        320,
        412,
        398,
        226,
        366,
        126,
        159,
        298,
        233,
        197,
        259,
        375,
        154,
        315,
        475,
        204,
        127,
        391,
        188,
        273,
        116,
        197,
        257,
        197,
        242,
        225,
        114,
        272,
        120,
        179,
        202,
        190,
        61,
        304,
        94,
        221,
        140,
        486,
        101,
        187,
        37,
        99,
        0,
        309,
        72,
        100,
        101,
        324,
        343,
        156,
        341,
        117,
        237,
        159,
        365],
    [   448,
        576,
        318,
        563,
        275,
        271,
        629,
        618,
        273,
        348,
        203,
        183,
        34,
        192,
        187,
        455,
        296,
        366,
        302,
        372,
        340,
        396,
        432,
        478,
        304,
        347,
        351,
        139,
        365,
        161,
        351,
        243,
        536,
        304,
        388,
        365,
        200,
        370,
        557,
        306,
        353,
        447,
        399,
        212,
        136,
        336,
        226,
        309,
        0,
        237,
        267,
        402,
        135,
        233,
        442,
        336,
        417,
        385,
        243,
        294],
    [   370,
        423,
        257,
        382,
        136,
        290,
        461,
        448,
        209,
        347,
        61,
        109,
        226,
        190,
        137,
        296,
        343,
        188,
        293,
        443,
        214,
        185,
        390,
        255,
        258,
        138,
        213,
        202,
        219,
        191,
        235,
        72,
        333,
        134,
        215,
        223,
        133,
        133,
        361,
        98,
        232,
        212,
        458,
        44,
        123,
        99,
        39,
        72,
        237,
        0,
        75,
        165,
        266,
        302,
        221,
        324,
        187,
        256,
        137,
        333],
    [   442,
        480,
        332,
        431,
        209,
        363,
        512,
        499,
        284,
        422,
        64,
        179,
        246,
        261,
        109,
        356,
        415,
        248,
        368,
        515,
        285,
        228,
        464,
        283,
        333,
        80,
        282,
        264,
        286,
        258,
        306,
        24,
        371,
        202,
        275,
        290,
        100,
        147,
        403,
        38,
        303,
        222,
        531,
        116,
        181,
        100,
        49,
        100,
        267,
        75,
        0,
        150,
        323,
        371,
        253,
        399,
        209,
        324,
        212,
        406],
    [   425,
        402,
        351,
        336,
        230,
        415,
        418,
        404,
        317,
        453,
        203,
        260,
        387,
        333,
        260,
        295,
        470,
        208,
        406,
        569,
        276,
        151,
        465,
        163,
        360,
        99,
        265,
        358,
        260,
        343,
        297,
        174,
        261,
        201,
        227,
        266,
        249,
        60,
        297,
        117,
        292,
        88,
        578,
        201,
        286,
        66,
        177,
        101,
        402,
        165,
        150,
        0,
        425,
        442,
        147,
        428,
        98,
        299,
        255,
        459],
    [   338,
        492,
        218,
        496,
        231,
        147,
        551,
        541,
        187,
        221,
        262,
        165,
        167,
        112,
        283,
        384,
        162,
        319,
        183,
        237,
        269,
        369,
        312,
        453,
        200,
        400,
        283,
        67,
        299,
        87,
        272,
        304,
        489,
        266,
        335,
        298,
        293,
        378,
        502,
        358,
        275,
        445,
        263,
        225,
        143,
        359,
        274,
        324,
        135,
        266,
        323,
        425,
        0,
        100,
        419,
        215,
        408,
        307,
        194,
        162],
    [   253,
        423,
        152,
        440,
        218,
        59,
        485,
        477,
        144,
        124,
        317,
        192,
        263,
        111,
        355,
        330,
        62,
        292,
        97,
        149,
        224,
        352,
        218,
        433,
        132,
        440,
        241,
        116,
        256,
        114,
        220,
        356,
        449,
        254,
        299,
        254,
        363,
        387,
        455,
        400,
        225,
        442,
        171,
        257,
        196,
        381,
        322,
        343,
        233,
        302,
        371,
        442,
        100,
        0,
        401,
        122,
        403,
        252,
        188,
        62],
    [   307,
        256,
        272,
        189,
        188,
        358,
        271,
        258,
        258,
        373,
        280,
        264,
        439,
        308,
        353,
        159,
        410,
        112,
        336,
        500,
        188,
        49,
        358,
        35,
        287,
        236,
        172,
        353,
        160,
        331,
        202,
        270,
        119,
        152,
        115,
        165,
        347,
        109,
        153,
        236,
        196,
        70,
        502,
        232,
        307,
        156,
        254,
        156,
        442,
        221,
        253,
        147,
        419,
        401,
        0,
        348,
        49,
        189,
        224,
        398],
    [   131,
        310,
        77,
        340,
        200,
        67,
        374,
        367,
        115,
        25,
        359,
        228,
        361,
        158,
        416,
        237,
        82,
        237,
        35,
        153,
        160,
        304,
        97,
        374,
        68,
        453,
        176,
        199,
        188,
        183,
        145,
        391,
        365,
        226,
        234,
        183,
        421,
        368,
        364,
        419,
        151,
        403,
        154,
        283,
        255,
        377,
        355,
        341,
        336,
        324,
        399,
        428,
        215,
        122,
        348,
        0,
        364,
        166,
        187,
        72],
    [   339,
        303,
        286,
        238,
        184,
        365,
        320,
        307,
        264,
        389,
        243,
        247,
        410,
        302,
        313,
        200,
        419,
        128,
        348,
        513,
        204,
        62,
        386,
        73,
        299,
        188,
        190,
        341,
        181,
        321,
        222,
        228,
        167,
        149,
        141,
        186,
        306,
        62,
        201,
        189,
        216,
        39,
        518,
        205,
        286,
        110,
        216,
        117,
        417,
        187,
        209,
        98,
        408,
        403,
        49,
        364,
        0,
        216,
        217,
        407],
    [   125,
        190,
        101,
        190,
        126,
        196,
        246,
        235,
        119,
        190,
        311,
        212,
        397,
        199,
        385,
        78,
        240,
        90,
        165,
        319,
        46,
        154,
        169,
        211,
        120,
        353,
        42,
        255,
        39,
        231,
        35,
        328,
        200,
        122,
        75,
        34,
        384,
        239,
        203,
        330,
        32,
        253,
        317,
        231,
        259,
        265,
        295,
        237,
        385,
        256,
        324,
        299,
        307,
        252,
        189,
        166,
        216,
        0,
        147,
        228],
    [   241,
        336,
        120,
        319,
        36,
        160,
        386,
        375,
        71,
        211,
        179,
        64,
        251,
        84,
        246,
        213,
        216,
        127,
        158,
        315,
        101,
        174,
        254,
        258,
        120,
        267,
        109,
        130,
        122,
        107,
        116,
        207,
        299,
        71,
        147,
        123,
        248,
        199,
        316,
        232,
        116,
        256,
        327,
        99,
        111,
        196,
        170,
        159,
        243,
        137,
        212,
        255,
        194,
        188,
        224,
        187,
        217,
        147,
        0,
        205],
    [   203,
        382,
        129,
        409,
        229,
        44,
        446,
        439,
        144,
        65,
        358,
        227,
        323,
        146,
        404,
        304,
        12,
        286,
        63,
        110,
        212,
        351,
        160,
        427,
        112,
        470,
        228,
        168,
        243,
        160,
        202,
        394,
        429,
        261,
        288,
        239,
        411,
        401,
        431,
        432,
        207,
        447,
        124,
        290,
        241,
        402,
        358,
        365,
        294,
        333,
        406,
        459,
        162,
        62,
        398,
        72,
        407,
        228,
        205,
        0]]
;
task=[   232,
    9,
    157,
    113,
    0,
    262,
    5,
    7,
    325,
    213,
    184,
    135,
    24,
    134,
    139,
    161,
    28,
    153,
    304,
    13,
    515,
    207,
    140,
    39,
    281,
    61,
    90,
    73,
    417,
    422,
    214,
    8,
    34,
    63,
    133,
    69,
    86,
    151,
    110,
    259,
    117,
    8,
    24,
    195,
    264,
    277,
    334,
    398,
    111,
    26,
    87,
    104,
    151,
    107,
    339,
    314,
    69,
    277,
    516,
    175]
;
minW=[   52,
    91,
    11,
    90,
    0,
    149,
    8,
    55,
    70,
    61,
    181,
    5,
    224,
    83,
    58,
    143,
    124,
    30,
    137,
    108,
    79,
    5,
    191,
    8,
    36,
    47,
    28,
    95,
    38,
    73,
    74,
    23,
    3,
    26,
    76,
    83,
    115,
    116,
    146,
    176,
    45,
    77,
    48,
    94,
    50,
    19,
    95,
    53,
    106,
    47,
    114,
    150,
    135,
    29,
    63,
    192,
    13,
    11,
    25,
    12]
;
maxW=[   433,
    625,
    336,
    710,
    720,
    578,
    370,
    561,
    303,
    438,
    543,
    535,
    588,
    535,
    362,
    186,
    719,
    432,
    340,
    666,
    516,
    501,
    501,
    600,
    372,
    412,
    559,
    460,
    137,
    300,
    587,
    504,
    603,
    196,
    317,
    141,
    477,
    384,
    411,
    254,
    388,
    717,
    565,
    198,
    144,
    406,
    336,
    308,
    657,
    459,
    639,
    679,
    441,
    326,
    606,
    685,
    457,
    517,
    303,
    391]
;