// Generated by InstanceGenerator.py v0.1
// Juan Francisco Martinez Vera
// AMMM - MIRI, FIB UPC
//
// RAND_SEED=1484822135

bigM=100000;

nLocations=30;
startLocation=21;
distances=[   [   0,
        409,
        395,
        314,
        207,
        81,
        252,
        380,
        71,
        205,
        145,
        352,
        358,
        453,
        514,
        538,
        348,
        438,
        405,
        143,
        257,
        256,
        481,
        334,
        293,
        277,
        166,
        280,
        36,
        158],
    [   409,
        0,
        212,
        261,
        240,
        347,
        189,
        471,
        472,
        278,
        454,
        312,
        119,
        200,
        199,
        325,
        73,
        402,
        389,
        266,
        221,
        154,
        324,
        491,
        253,
        304,
        462,
        489,
        383,
        436],
    [   395,
        212,
        0,
        98,
        189,
        314,
        156,
        281,
        467,
        194,
        366,
        119,
        101,
        65,
        139,
        151,
        164,
        191,
        183,
        282,
        138,
        234,
        120,
        321,
        110,
        154,
        365,
        341,
        359,
        340],
    [   314,
        261,
        98,
        0,
        123,
        232,
        118,
        209,
        385,
        109,
        269,
        59,
        143,
        164,
        238,
        224,
        194,
        165,
        141,
        224,
        78,
        218,
        167,
        234,
        22,
        56,
        266,
        246,
        277,
        242],
    [   207,
        240,
        189,
        123,
        0,
        128,
        53,
        283,
        279,
        43,
        214,
        177,
        157,
        245,
        308,
        336,
        168,
        280,
        251,
        101,
        51,
        128,
        287,
        278,
        100,
        115,
        221,
        260,
        172,
        195],
    [   81,
        347,
        314,
        232,
        128,
        0,
        176,
        318,
        153,
        123,
        129,
        272,
        283,
        373,
        436,
        456,
        281,
        363,
        329,
        92,
        177,
        201,
        400,
        282,
        212,
        198,
        145,
        238,
        45,
        125],
    [   252,
        189,
        156,
        118,
        53,
        176,
        0,
        309,
        323,
        89,
        267,
        178,
        106,
        204,
        262,
        307,
        116,
        283,
        258,
        126,
        43,
        101,
        266,
        314,
        98,
        134,
        274,
        304,
        219,
        247],
    [   380,
        471,
        281,
        209,
        283,
        318,
        309,
        0,
        436,
        242,
        256,
        163,
        352,
        338,
        409,
        321,
        403,
        131,
        112,
        366,
        266,
        408,
        252,
        71,
        219,
        174,
        239,
        131,
        348,
        232],
    [   71,
        472,
        467,
        385,
        279,
        153,
        323,
        436,
        0,
        276,
        185,
        421,
        428,
        524,
        585,
        609,
        414,
        504,
        470,
        208,
        329,
        318,
        552,
        383,
        365,
        346,
        205,
        324,
        108,
        205],
    [   205,
        278,
        194,
        109,
        43,
        123,
        89,
        242,
        276,
        0,
        184,
        153,
        184,
        255,
        323,
        332,
        205,
        252,
        221,
        128,
        64,
        172,
        277,
        234,
        88,
        83,
        188,
        217,
        168,
        161],
    [   145,
        454,
        366,
        269,
        214,
        129,
        267,
        256,
        185,
        184,
        0,
        283,
        368,
        431,
        502,
        485,
        383,
        344,
        311,
        219,
        248,
        321,
        419,
        199,
        255,
        216,
        21,
        139,
        127,
        28],
    [   352,
        312,
        119,
        59,
        177,
        272,
        178,
        163,
        421,
        153,
        283,
        0,
        193,
        179,
        253,
        202,
        249,
        105,
        81,
        277,
        137,
        278,
        136,
        203,
        80,
        74,
        276,
        229,
        315,
        255],
    [   358,
        119,
        101,
        143,
        157,
        283,
        106,
        352,
        428,
        184,
        368,
        193,
        0,
        118,
        161,
        240,
        63,
        284,
        270,
        224,
        120,
        146,
        221,
        376,
        138,
        190,
        372,
        381,
        326,
        346],
    [   453,
        200,
        65,
        164,
        245,
        373,
        204,
        338,
        524,
        255,
        431,
        179,
        118,
        0,
        74,
        126,
        174,
        233,
        232,
        331,
        195,
        264,
        128,
        382,
        175,
        220,
        430,
        406,
        418,
        405],
    [   514,
        199,
        139,
        238,
        308,
        436,
        262,
        409,
        585,
        323,
        502,
        253,
        161,
        74,
        0,
        146,
        201,
        296,
        301,
        385,
        261,
        303,
        179,
        456,
        247,
        294,
        502,
        480,
        480,
        477],
    [   538,
        325,
        151,
        224,
        336,
        456,
        307,
        321,
        609,
        332,
        485,
        202,
        240,
        126,
        146,
        0,
        299,
        191,
        209,
        432,
        285,
        383,
        69,
        382,
        244,
        270,
        479,
        423,
        501,
        457],
    [   348,
        73,
        164,
        194,
        168,
        281,
        116,
        403,
        414,
        205,
        383,
        249,
        63,
        174,
        201,
        299,
        0,
        345,
        328,
        206,
        148,
        105,
        284,
        420,
        184,
        233,
        390,
        416,
        319,
        364],
    [   438,
        402,
        191,
        165,
        280,
        363,
        283,
        131,
        504,
        252,
        344,
        105,
        284,
        233,
        296,
        191,
        345,
        0,
        33,
        379,
        242,
        383,
        125,
        198,
        185,
        169,
        332,
        249,
        402,
        317],
    [   405,
        389,
        183,
        141,
        251,
        329,
        258,
        112,
        470,
        221,
        311,
        81,
        270,
        232,
        301,
        209,
        328,
        33,
        0,
        349,
        216,
        359,
        140,
        173,
        160,
        138,
        299,
        220,
        369,
        283],
    [   143,
        266,
        282,
        224,
        101,
        92,
        126,
        366,
        208,
        128,
        219,
        277,
        224,
        331,
        385,
        432,
        206,
        379,
        349,
        0,
        149,
        113,
        387,
        345,
        201,
        211,
        234,
        311,
        119,
        211],
    [   257,
        221,
        138,
        78,
        51,
        177,
        43,
        266,
        329,
        64,
        248,
        137,
        120,
        195,
        261,
        285,
        148,
        242,
        216,
        149,
        0,
        144,
        237,
        274,
        57,
        91,
        252,
        268,
        222,
        225],
    [   256,
        154,
        234,
        218,
        128,
        201,
        101,
        408,
        318,
        172,
        321,
        278,
        146,
        264,
        303,
        383,
        105,
        383,
        359,
        113,
        144,
        0,
        353,
        406,
        199,
        234,
        333,
        387,
        233,
        308],
    [   481,
        324,
        120,
        167,
        287,
        400,
        266,
        252,
        552,
        277,
        419,
        136,
        221,
        128,
        179,
        69,
        284,
        125,
        140,
        387,
        237,
        353,
        0,
        313,
        189,
        207,
        412,
        353,
        444,
        391],
    [   334,
        491,
        321,
        234,
        278,
        282,
        314,
        71,
        383,
        234,
        199,
        203,
        376,
        382,
        456,
        382,
        420,
        198,
        173,
        345,
        274,
        406,
        313,
        0,
        238,
        186,
        179,
        63,
        306,
        178],
    [   293,
        253,
        110,
        22,
        100,
        212,
        98,
        219,
        365,
        88,
        255,
        80,
        138,
        175,
        247,
        244,
        184,
        185,
        160,
        201,
        57,
        199,
        189,
        238,
        0,
        52,
        254,
        244,
        256,
        229],
    [   277,
        304,
        154,
        56,
        115,
        198,
        134,
        174,
        346,
        83,
        216,
        74,
        190,
        220,
        294,
        270,
        233,
        169,
        138,
        211,
        91,
        234,
        207,
        186,
        52,
        0,
        212,
        192,
        240,
        189],
    [   166,
        462,
        365,
        266,
        221,
        145,
        274,
        239,
        205,
        188,
        21,
        276,
        372,
        430,
        502,
        479,
        390,
        332,
        299,
        234,
        252,
        333,
        412,
        179,
        254,
        212,
        0,
        119,
        147,
        26],
    [   280,
        489,
        341,
        246,
        260,
        238,
        304,
        131,
        324,
        217,
        139,
        229,
        381,
        406,
        480,
        423,
        416,
        249,
        220,
        311,
        268,
        387,
        353,
        63,
        244,
        192,
        119,
        0,
        255,
        122],
    [   36,
        383,
        359,
        277,
        172,
        45,
        219,
        348,
        108,
        168,
        127,
        315,
        326,
        418,
        480,
        501,
        319,
        402,
        369,
        119,
        222,
        233,
        444,
        306,
        256,
        240,
        147,
        255,
        0,
        134],
    [   158,
        436,
        340,
        242,
        195,
        125,
        247,
        232,
        205,
        161,
        28,
        255,
        346,
        405,
        477,
        457,
        364,
        317,
        283,
        211,
        225,
        308,
        391,
        178,
        229,
        189,
        26,
        122,
        134,
        0]]
;
task=[   180,
    266,
    184,
    47,
    552,
    321,
    585,
    106,
    9,
    228,
    27,
    148,
    366,
    251,
    188,
    91,
    113,
    133,
    80,
    269,
    0,
    378,
    24,
    46,
    144,
    348,
    91,
    48,
    99,
    263]
;
minW=[   195,
    52,
    57,
    69,
    27,
    139,
    33,
    262,
    24,
    49,
    185,
    38,
    69,
    194,
    236,
    258,
    39,
    211,
    148,
    24,
    0,
    85,
    134,
    209,
    21,
    62,
    128,
    252,
    90,
    181]
;
maxW=[   342,
    290,
    357,
    580,
    403,
    323,
    661,
    472,
    415,
    168,
    585,
    515,
    352,
    695,
    412,
    364,
    353,
    570,
    589,
    189,
    720,
    713,
    410,
    447,
    90,
    491,
    665,
    466,
    245,
    392]
;