// Generated by InstanceGenerator.py v0.1
// Juan Francisco Martinez Vera
// AMMM - MIRI, FIB UPC
//
// RAND_SEED=1484822146

bigM=100000;

nLocations=60;
startLocation=22;
distances=[   [   0,
        343,
        295,
        83,
        125,
        419,
        422,
        238,
        218,
        78,
        231,
        216,
        215,
        55,
        380,
        201,
        32,
        301,
        309,
        300,
        25,
        158,
        288,
        243,
        240,
        398,
        247,
        255,
        104,
        290,
        248,
        219,
        209,
        382,
        311,
        227,
        423,
        372,
        152,
        230,
        79,
        193,
        429,
        82,
        167,
        288,
        229,
        155,
        227,
        230,
        208,
        77,
        137,
        113,
        173,
        260,
        341,
        397,
        175,
        140],
    [   343,
        0,
        262,
        334,
        222,
        111,
        82,
        284,
        303,
        411,
        377,
        522,
        128,
        392,
        102,
        371,
        310,
        396,
        320,
        78,
        342,
        198,
        93,
        296,
        329,
        188,
        406,
        218,
        381,
        88,
        290,
        252,
        242,
        281,
        235,
        361,
        99,
        199,
        304,
        466,
        275,
        487,
        98,
        277,
        470,
        163,
        376,
        253,
        286,
        199,
        418,
        412,
        440,
        255,
        502,
        379,
        13,
        258,
        201,
        417],
    [   295,
        262,
        0,
        226,
        205,
        373,
        332,
        65,
        95,
        372,
        156,
        364,
        211,
        349,
        206,
        450,
        276,
        143,
        58,
        295,
        313,
        176,
        170,
        429,
        449,
        155,
        498,
        56,
        252,
        295,
        428,
        75,
        367,
        88,
        34,
        461,
        269,
        119,
        376,
        265,
        222,
        325,
        354,
        217,
        321,
        359,
        156,
        335,
        77,
        348,
        218,
        370,
        302,
        297,
        375,
        491,
        249,
        111,
        147,
        266],
    [   83,
        334,
        226,
        0,
        117,
        427,
        417,
        164,
        141,
        150,
        148,
        188,
        209,
        128,
        349,
        280,
        84,
        218,
        232,
        309,
        107,
        136,
        261,
        307,
        310,
        349,
        328,
        195,
        47,
        301,
        311,
        153,
        262,
        314,
        247,
        304,
        400,
        319,
        222,
        163,
        68,
        155,
        429,
        62,
        135,
        320,
        146,
        210,
        152,
        272,
        132,
        147,
        105,
        161,
        170,
        337,
        329,
        334,
        139,
        86],
    [   125,
        222,
        205,
        117,
        0,
        310,
        303,
        168,
        163,
        201,
        215,
        305,
        94,
        179,
        254,
        245,
        94,
        268,
        239,
        192,
        132,
        35,
        162,
        232,
        248,
        279,
        292,
        153,
        165,
        184,
        233,
        136,
        175,
        284,
        210,
        256,
        298,
        257,
        170,
        271,
        53,
        272,
        313,
        56,
        252,
        209,
        214,
        133,
        161,
        170,
        229,
        201,
        221,
        92,
        280,
        287,
        218,
        291,
        60,
        203],
    [   419,
        111,
        373,
        427,
        310,
        0,
        61,
        394,
        411,
        477,
        485,
        615,
        217,
        461,
        192,
        396,
        387,
        506,
        431,
        119,
        413,
        293,
        204,
        303,
        339,
        283,
        420,
        329,
        474,
        129,
        295,
        361,
        266,
        387,
        346,
        376,
        153,
        301,
        343,
        569,
        362,
        582,
        38,
        366,
        562,
        163,
        484,
        297,
        396,
        222,
        522,
        479,
        531,
        315,
        588,
        386,
        123,
        360,
        302,
        512],
    [   422,
        82,
        332,
        417,
        303,
        61,
        0,
        361,
        382,
        486,
        456,
        605,
        209,
        468,
        137,
        427,
        389,
        470,
        390,
        131,
        419,
        281,
        171,
        341,
        376,
        227,
        456,
        293,
        464,
        142,
        333,
        331,
        295,
        335,
        302,
        411,
        92,
        249,
        366,
        547,
        356,
        570,
        26,
        359,
        552,
        199,
        455,
        317,
        364,
        251,
        499,
        488,
        522,
        327,
        584,
        425,
        90,
        306,
        283,
        499],
    [   238,
        284,
        65,
        164,
        168,
        394,
        361,
        0,
        30,
        313,
        100,
        299,
        203,
        290,
        249,
        409,
        223,
        114,
        72,
        300,
        258,
        147,
        190,
        401,
        416,
        214,
        457,
        68,
        187,
        298,
        401,
        36,
        341,
        152,
        95,
        423,
        310,
        178,
        337,
        205,
        172,
        261,
        381,
        165,
        255,
        352,
        99,
        302,
        12,
        329,
        157,
        311,
        236,
        259,
        310,
        455,
        272,
        177,
        120,
        201],
    [   218,
        303,
        95,
        141,
        163,
        411,
        382,
        30,
        0,
        291,
        74,
        269,
        212,
        269,
        275,
        397,
        206,
        106,
        91,
        312,
        240,
        148,
        210,
        396,
        410,
        243,
        446,
        93,
        159,
        309,
        397,
        50,
        339,
        180,
        125,
        414,
        336,
        208,
        327,
        177,
        158,
        231,
        401,
        151,
        226,
        358,
        74,
        296,
        19,
        330,
        128,
        288,
        207,
        251,
        280,
        446,
        292,
        206,
        124,
        171],
    [   78,
        411,
        372,
        150,
        201,
        477,
        486,
        313,
        291,
        0,
        291,
        212,
        285,
        23,
        456,
        182,
        106,
        364,
        382,
        359,
        69,
        235,
        363,
        253,
        239,
        477,
        220,
        333,
        150,
        349,
        261,
        297,
        238,
        460,
        389,
        215,
        496,
        451,
        163,
        264,
        157,
        202,
        491,
        160,
        176,
        332,
        290,
        189,
        302,
        270,
        255,
        4,
        154,
        162,
        154,
        244,
        410,
        475,
        253,
        174],
    [   231,
        377,
        156,
        148,
        215,
        485,
        456,
        100,
        74,
        291,
        0,
        216,
        279,
        271,
        349,
        426,
        229,
        72,
        124,
        382,
        255,
        208,
        285,
        441,
        450,
        311,
        474,
        167,
        143,
        378,
        444,
        125,
        388,
        231,
        190,
        448,
        410,
        275,
        363,
        109,
        192,
        179,
        475,
        185,
        182,
        421,
        1,
        341,
        93,
        386,
        65,
        288,
        172,
        293,
        241,
        481,
        366,
        263,
        189,
        136],
    [   216,
        522,
        364,
        188,
        305,
        615,
        605,
        299,
        269,
        212,
        216,
        0,
        398,
        208,
        528,
        394,
        242,
        275,
        340,
        497,
        235,
        324,
        444,
        455,
        446,
        511,
        433,
        355,
        141,
        489,
        461,
        307,
        425,
        445,
        394,
        426,
        583,
        477,
        363,
        117,
        253,
        38,
        617,
        249,
        53,
        500,
        215,
        371,
        288,
        445,
        151,
        207,
        84,
        328,
        63,
        456,
        516,
        474,
        323,
        106],
    [   215,
        128,
        211,
        209,
        94,
        217,
        209,
        203,
        212,
        285,
        279,
        398,
        0,
        265,
        177,
        277,
        182,
        316,
        261,
        104,
        215,
        76,
        89,
        229,
        255,
        226,
        320,
        155,
        257,
        99,
        226,
        167,
        166,
        269,
        200,
        277,
        211,
        215,
        203,
        353,
        147,
        364,
        219,
        150,
        345,
        149,
        278,
        152,
        201,
        138,
        308,
        285,
        315,
        137,
        375,
        303,
        125,
        263,
        90,
        294],
    [   55,
        392,
        349,
        128,
        179,
        461,
        468,
        290,
        269,
        23,
        271,
        208,
        265,
        0,
        434,
        186,
        84,
        344,
        360,
        343,
        49,
        213,
        341,
        250,
        239,
        454,
        228,
        310,
        132,
        332,
        257,
        274,
        229,
        436,
        366,
        218,
        475,
        428,
        158,
        250,
        135,
        194,
        474,
        137,
        167,
        320,
        270,
        178,
        279,
        259,
        238,
        21,
        142,
        146,
        154,
        249,
        390,
        452,
        231,
        159],
    [   380,
        102,
        206,
        349,
        254,
        192,
        137,
        249,
        275,
        456,
        349,
        528,
        177,
        434,
        0,
        450,
        349,
        349,
        263,
        176,
        386,
        222,
        92,
        386,
        417,
        90,
        490,
        181,
        392,
        184,
        381,
        226,
        327,
        198,
        173,
        445,
        62,
        111,
        378,
        451,
        303,
        490,
        163,
        303,
        477,
        262,
        349,
        326,
        256,
        288,
        402,
        455,
        450,
        315,
        520,
        467,
        89,
        168,
        210,
        421],
    [   201,
        371,
        450,
        280,
        245,
        396,
        427,
        409,
        397,
        182,
        426,
        394,
        277,
        186,
        450,
        0,
        197,
        493,
        481,
        298,
        176,
        276,
        366,
        100,
        70,
        503,
        48,
        398,
        305,
        287,
        109,
        380,
        132,
        528,
        454,
        35,
        470,
        489,
        75,
        431,
        239,
        381,
        422,
        246,
        354,
        232,
        425,
        125,
        400,
        176,
        409,
        186,
        328,
        153,
        336,
        62,
        377,
        531,
        304,
        339],
    [   32,
        310,
        276,
        84,
        94,
        387,
        389,
        223,
        206,
        106,
        229,
        242,
        182,
        84,
        349,
        197,
        0,
        297,
        295,
        267,
        38,
        128,
        257,
        225,
        226,
        371,
        245,
        232,
        118,
        257,
        230,
        200,
        185,
        361,
        289,
        219,
        391,
        346,
        138,
        244,
        53,
        216,
        396,
        58,
        191,
        258,
        227,
        131,
        212,
        203,
        216,
        106,
        160,
        86,
        204,
        252,
        308,
        374,
        147,
        157],
    [   301,
        396,
        143,
        218,
        268,
        506,
        470,
        114,
        106,
        364,
        72,
        275,
        316,
        344,
        349,
        493,
        297,
        0,
        90,
        414,
        325,
        254,
        302,
        500,
        511,
        294,
        541,
        177,
        215,
        412,
        502,
        149,
        444,
        194,
        177,
        512,
        412,
        257,
        427,
        159,
        255,
        241,
        492,
        247,
        248,
        464,
        74,
        400,
        115,
        436,
        127,
        360,
        242,
        353,
        308,
        545,
        384,
        231,
        230,
        206],
    [   309,
        320,
        58,
        232,
        239,
        431,
        390,
        72,
        91,
        382,
        124,
        340,
        261,
        360,
        263,
        481,
        295,
        90,
        0,
        350,
        330,
        215,
        228,
        470,
        487,
        204,
        530,
        107,
        247,
        350,
        470,
        103,
        410,
        108,
        90,
        495,
        325,
        168,
        409,
        232,
        244,
        303,
        413,
        238,
        303,
        411,
        125,
        373,
        82,
        394,
        189,
        379,
        289,
        331,
        361,
        527,
        307,
        142,
        186,
        252],
    [   300,
        78,
        295,
        309,
        192,
        119,
        131,
        300,
        312,
        359,
        382,
        497,
        104,
        343,
        176,
        298,
        267,
        414,
        350,
        0,
        294,
        180,
        130,
        218,
        252,
        255,
        330,
        242,
        357,
        11,
        212,
        265,
        167,
        333,
        275,
        285,
        176,
        259,
        235,
        457,
        244,
        465,
        132,
        248,
        444,
        86,
        381,
        186,
        299,
        123,
        412,
        361,
        413,
        198,
        469,
        302,
        87,
        316,
        193,
        396],
    [   25,
        342,
        313,
        107,
        132,
        413,
        419,
        258,
        240,
        69,
        255,
        235,
        215,
        49,
        386,
        176,
        38,
        325,
        330,
        294,
        0,
        166,
        293,
        221,
        216,
        409,
        222,
        270,
        128,
        284,
        227,
        237,
        191,
        399,
        327,
        203,
        426,
        385,
        129,
        255,
        92,
        214,
        425,
        96,
        188,
        275,
        253,
        138,
        247,
        216,
        233,
        69,
        158,
        100,
        188,
        235,
        341,
        412,
        186,
        164],
    [   158,
        198,
        176,
        136,
        35,
        293,
        281,
        147,
        148,
        235,
        208,
        324,
        76,
        213,
        222,
        276,
        128,
        254,
        215,
        180,
        166,
        0,
        130,
        255,
        273,
        244,
        323,
        122,
        183,
        174,
        254,
        112,
        194,
        252,
        178,
        285,
        268,
        222,
        200,
        277,
        81,
        289,
        293,
        81,
        271,
        212,
        207,
        159,
        141,
        182,
        233,
        234,
        241,
        122,
        305,
        315,
        193,
        257,
        29,
        219],
    [   288,
        93,
        170,
        261,
        162,
        204,
        171,
        190,
        210,
        363,
        285,
        444,
        89,
        341,
        92,
        366,
        257,
        302,
        228,
        130,
        293,
        130,
        0,
        312,
        341,
        139,
        408,
        124,
        306,
        133,
        308,
        159,
        250,
        203,
        146,
        365,
        139,
        134,
        292,
        378,
        212,
        408,
        191,
        212,
        393,
        207,
        284,
        241,
        193,
        217,
        329,
        363,
        365,
        225,
        432,
        389,
        82,
        188,
        122,
        338],
    [   243,
        296,
        429,
        307,
        232,
        303,
        341,
        401,
        396,
        253,
        441,
        455,
        229,
        250,
        386,
        100,
        225,
        500,
        470,
        218,
        221,
        255,
        312,
        0,
        35,
        451,
        116,
        373,
        343,
        208,
        9,
        367,
        63,
        497,
        425,
        74,
        395,
        444,
        91,
        469,
        249,
        435,
        332,
        256,
        409,
        141,
        439,
        100,
        394,
        97,
        439,
        257,
        379,
        148,
        404,
        84,
        304,
        492,
        283,
        382],
    [   240,
        329,
        449,
        310,
        248,
        339,
        376,
        416,
        410,
        239,
        450,
        446,
        255,
        239,
        417,
        70,
        226,
        511,
        487,
        252,
        216,
        273,
        341,
        35,
        0,
        480,
        81,
        394,
        342,
        241,
        44,
        384,
        90,
        520,
        447,
        39,
        428,
        471,
        88,
        469,
        257,
        429,
        368,
        265,
        403,
        176,
        448,
        114,
        409,
        130,
        442,
        243,
        374,
        158,
        392,
        50,
        337,
        518,
        302,
        380],
    [   398,
        188,
        155,
        349,
        279,
        283,
        227,
        214,
        243,
        477,
        311,
        511,
        226,
        454,
        90,
        503,
        371,
        294,
        204,
        255,
        409,
        244,
        139,
        451,
        480,
        0,
        546,
        156,
        386,
        261,
        447,
        203,
        389,
        117,
        121,
        503,
        141,
        36,
        428,
        419,
        319,
        472,
        253,
        316,
        464,
        339,
        311,
        378,
        223,
        355,
        371,
        476,
        441,
        356,
        514,
        528,
        174,
        82,
        223,
        408],
    [   247,
        406,
        498,
        328,
        292,
        420,
        456,
        457,
        446,
        220,
        474,
        433,
        320,
        228,
        490,
        48,
        245,
        541,
        530,
        330,
        222,
        323,
        408,
        116,
        81,
        546,
        0,
        445,
        351,
        319,
        125,
        428,
        164,
        575,
        501,
        45,
        505,
        534,
        122,
        476,
        288,
        422,
        448,
        295,
        395,
        257,
        473,
        168,
        448,
        207,
        456,
        225,
        371,
        200,
        373,
        40,
        412,
        576,
        351,
        384],
    [   255,
        218,
        56,
        195,
        153,
        329,
        293,
        68,
        93,
        333,
        167,
        355,
        155,
        310,
        181,
        398,
        232,
        177,
        107,
        242,
        270,
        122,
        124,
        373,
        394,
        156,
        445,
        0,
        230,
        242,
        372,
        47,
        311,
        131,
        57,
        407,
        242,
        124,
        323,
        270,
        178,
        317,
        314,
        173,
        308,
        304,
        167,
        280,
        74,
        291,
        221,
        331,
        285,
        244,
        357,
        437,
        206,
        142,
        93,
        252],
    [   104,
        381,
        252,
        47,
        165,
        474,
        464,
        187,
        159,
        150,
        143,
        141,
        257,
        132,
        392,
        305,
        118,
        215,
        247,
        357,
        128,
        183,
        306,
        343,
        342,
        386,
        351,
        230,
        0,
        349,
        348,
        184,
        302,
        340,
        278,
        331,
        445,
        354,
        254,
        126,
        114,
        107,
        476,
        109,
        88,
        366,
        141,
        249,
        175,
        315,
        106,
        146,
        58,
        201,
        128,
        364,
        375,
        363,
        184,
        40],
    [   290,
        88,
        295,
        301,
        184,
        129,
        142,
        298,
        309,
        349,
        378,
        489,
        99,
        332,
        184,
        287,
        257,
        412,
        350,
        11,
        284,
        174,
        133,
        208,
        241,
        261,
        319,
        242,
        349,
        0,
        201,
        262,
        155,
        336,
        276,
        274,
        187,
        264,
        224,
        451,
        235,
        457,
        143,
        239,
        436,
        78,
        377,
        174,
        297,
        112,
        407,
        350,
        405,
        187,
        459,
        291,
        97,
        320,
        188,
        388],
    [   248,
        290,
        428,
        311,
        233,
        295,
        333,
        401,
        397,
        261,
        444,
        461,
        226,
        257,
        381,
        109,
        230,
        502,
        470,
        212,
        227,
        254,
        308,
        9,
        44,
        447,
        125,
        372,
        348,
        201,
        0,
        367,
        61,
        495,
        423,
        83,
        388,
        441,
        98,
        474,
        252,
        441,
        324,
        259,
        415,
        133,
        442,
        102,
        394,
        92,
        443,
        264,
        385,
        151,
        411,
        91,
        298,
        490,
        283,
        387],
    [   219,
        252,
        75,
        153,
        136,
        361,
        331,
        36,
        50,
        297,
        125,
        307,
        167,
        274,
        226,
        380,
        200,
        149,
        103,
        265,
        237,
        112,
        159,
        367,
        384,
        203,
        428,
        47,
        184,
        262,
        367,
        0,
        307,
        162,
        94,
        392,
        286,
        170,
        307,
        224,
        147,
        269,
        350,
        142,
        260,
        316,
        124,
        270,
        34,
        293,
        175,
        295,
        238,
        228,
        311,
        424,
        241,
        181,
        84,
        204],
    [   209,
        242,
        367,
        262,
        175,
        266,
        295,
        341,
        339,
        238,
        388,
        425,
        166,
        229,
        327,
        132,
        185,
        444,
        410,
        167,
        191,
        194,
        250,
        63,
        90,
        389,
        164,
        311,
        302,
        155,
        61,
        307,
        0,
        434,
        362,
        119,
        341,
        381,
        80,
        426,
        199,
        401,
        290,
        206,
        376,
        103,
        386,
        53,
        335,
        44,
        392,
        241,
        345,
        101,
        380,
        140,
        248,
        429,
        223,
        343],
    [   382,
        281,
        88,
        314,
        284,
        387,
        335,
        152,
        180,
        460,
        231,
        445,
        269,
        436,
        198,
        528,
        361,
        194,
        108,
        333,
        399,
        252,
        203,
        497,
        520,
        117,
        575,
        131,
        340,
        336,
        495,
        162,
        434,
        0,
        74,
        535,
        256,
        87,
        453,
        340,
        307,
        407,
        361,
        303,
        405,
        408,
        231,
        408,
        164,
        408,
        295,
        457,
        388,
        375,
        461,
        565,
        267,
        38,
        224,
        352],
    [   311,
        235,
        34,
        247,
        210,
        346,
        302,
        95,
        125,
        389,
        190,
        394,
        200,
        366,
        173,
        454,
        289,
        177,
        90,
        275,
        327,
        178,
        146,
        425,
        447,
        121,
        501,
        57,
        278,
        276,
        423,
        94,
        362,
        74,
        0,
        462,
        235,
        84,
        379,
        299,
        235,
        356,
        325,
        230,
        350,
        345,
        190,
        335,
        106,
        339,
        251,
        387,
        330,
        301,
        403,
        491,
        222,
        86,
        150,
        295],
    [   227,
        361,
        461,
        304,
        256,
        376,
        411,
        423,
        414,
        215,
        448,
        426,
        277,
        218,
        445,
        35,
        219,
        512,
        495,
        285,
        203,
        285,
        365,
        74,
        39,
        503,
        45,
        407,
        331,
        274,
        83,
        392,
        119,
        535,
        462,
        0,
        460,
        492,
        86,
        458,
        257,
        411,
        404,
        264,
        385,
        213,
        446,
        127,
        415,
        162,
        435,
        219,
        358,
        164,
        369,
        33,
        367,
        536,
        314,
        367],
    [   423,
        99,
        269,
        400,
        298,
        153,
        92,
        310,
        336,
        496,
        410,
        583,
        211,
        475,
        62,
        470,
        391,
        412,
        325,
        176,
        426,
        268,
        139,
        395,
        428,
        141,
        505,
        242,
        445,
        187,
        388,
        286,
        341,
        256,
        235,
        460,
        0,
        168,
        401,
        510,
        349,
        546,
        118,
        350,
        532,
        260,
        410,
        349,
        317,
        298,
        461,
        496,
        504,
        346,
        571,
        479,
        93,
        223,
        261,
        476],
    [   372,
        199,
        119,
        319,
        257,
        301,
        249,
        178,
        208,
        451,
        275,
        477,
        215,
        428,
        111,
        489,
        346,
        257,
        168,
        259,
        385,
        222,
        134,
        444,
        471,
        36,
        534,
        124,
        354,
        264,
        441,
        170,
        381,
        87,
        84,
        492,
        168,
        0,
        414,
        383,
        294,
        438,
        274,
        290,
        431,
        340,
        275,
        365,
        188,
        350,
        335,
        450,
        408,
        340,
        482,
        518,
        186,
        58,
        199,
        375],
    [   152,
        304,
        376,
        222,
        170,
        343,
        366,
        337,
        327,
        163,
        363,
        363,
        203,
        158,
        378,
        75,
        138,
        427,
        409,
        235,
        129,
        200,
        292,
        91,
        88,
        428,
        122,
        323,
        254,
        224,
        98,
        307,
        80,
        453,
        379,
        86,
        401,
        414,
        0,
        381,
        172,
        344,
        364,
        179,
        317,
        183,
        361,
        52,
        328,
        121,
        354,
        167,
        288,
        78,
        312,
        118,
        308,
        455,
        229,
        292],
    [   230,
        466,
        265,
        163,
        271,
        569,
        547,
        205,
        177,
        264,
        109,
        117,
        353,
        250,
        451,
        431,
        244,
        159,
        232,
        457,
        255,
        277,
        378,
        469,
        469,
        419,
        476,
        270,
        126,
        451,
        474,
        224,
        426,
        340,
        299,
        458,
        510,
        383,
        381,
        0,
        229,
        87,
        564,
        223,
        102,
        480,
        109,
        373,
        197,
        435,
        49,
        260,
        112,
        325,
        161,
        491,
        457,
        372,
        266,
        91],
    [   79,
        275,
        222,
        68,
        53,
        362,
        356,
        172,
        158,
        157,
        192,
        253,
        147,
        135,
        303,
        239,
        53,
        255,
        244,
        244,
        92,
        81,
        212,
        249,
        257,
        319,
        288,
        178,
        114,
        235,
        252,
        147,
        199,
        307,
        235,
        257,
        349,
        294,
        172,
        229,
        0,
        222,
        367,
        7,
        200,
        252,
        190,
        149,
        162,
        205,
        193,
        156,
        169,
        100,
        227,
        290,
        271,
        320,
        96,
        154],
    [   193,
        487,
        325,
        155,
        272,
        582,
        570,
        261,
        231,
        202,
        179,
        38,
        364,
        194,
        490,
        381,
        216,
        241,
        303,
        465,
        214,
        289,
        408,
        435,
        429,
        472,
        422,
        317,
        107,
        457,
        441,
        269,
        401,
        407,
        356,
        411,
        546,
        438,
        344,
        87,
        222,
        0,
        583,
        217,
        26,
        471,
        178,
        347,
        250,
        419,
        115,
        197,
        55,
        302,
        74,
        443,
        480,
        436,
        287,
        70],
    [   429,
        98,
        354,
        429,
        313,
        38,
        26,
        381,
        401,
        491,
        475,
        617,
        219,
        474,
        163,
        422,
        396,
        492,
        413,
        132,
        425,
        293,
        191,
        332,
        368,
        253,
        448,
        314,
        476,
        143,
        324,
        350,
        290,
        361,
        325,
        404,
        118,
        274,
        364,
        564,
        367,
        583,
        0,
        370,
        565,
        191,
        474,
        316,
        384,
        246,
        516,
        492,
        534,
        330,
        594,
        416,
        108,
        332,
        298,
        513],
    [   82,
        277,
        217,
        62,
        56,
        366,
        359,
        165,
        151,
        160,
        185,
        249,
        150,
        137,
        303,
        246,
        58,
        247,
        238,
        248,
        96,
        81,
        212,
        256,
        265,
        316,
        295,
        173,
        109,
        239,
        259,
        142,
        206,
        303,
        230,
        264,
        350,
        290,
        179,
        223,
        7,
        217,
        370,
        0,
        196,
        258,
        183,
        156,
        155,
        212,
        186,
        159,
        165,
        108,
        225,
        297,
        273,
        315,
        94,
        149],
    [   167,
        470,
        321,
        135,
        252,
        562,
        552,
        255,
        226,
        176,
        182,
        53,
        345,
        167,
        477,
        354,
        191,
        248,
        303,
        444,
        188,
        271,
        393,
        409,
        403,
        464,
        395,
        308,
        88,
        436,
        415,
        260,
        376,
        405,
        350,
        385,
        532,
        431,
        317,
        102,
        200,
        26,
        565,
        196,
        0,
        448,
        180,
        322,
        244,
        394,
        120,
        171,
        31,
        278,
        60,
        416,
        464,
        432,
        271,
        56],
    [   288,
        163,
        359,
        320,
        209,
        163,
        199,
        352,
        358,
        332,
        421,
        500,
        149,
        320,
        262,
        232,
        258,
        464,
        411,
        86,
        275,
        212,
        207,
        141,
        176,
        339,
        257,
        304,
        366,
        78,
        133,
        316,
        103,
        408,
        345,
        213,
        260,
        340,
        183,
        480,
        252,
        471,
        191,
        258,
        448,
        0,
        419,
        143,
        349,
        62,
        439,
        334,
        417,
        175,
        462,
        225,
        173,
        395,
        234,
        406],
    [   229,
        376,
        156,
        146,
        214,
        484,
        455,
        99,
        74,
        290,
        1,
        215,
        278,
        270,
        349,
        425,
        227,
        74,
        125,
        381,
        253,
        207,
        284,
        439,
        448,
        311,
        473,
        167,
        141,
        377,
        442,
        124,
        386,
        231,
        190,
        446,
        410,
        275,
        361,
        109,
        190,
        178,
        474,
        183,
        180,
        419,
        0,
        339,
        92,
        384,
        64,
        286,
        171,
        291,
        240,
        479,
        366,
        263,
        188,
        134],
    [   155,
        253,
        335,
        210,
        133,
        297,
        317,
        302,
        296,
        189,
        341,
        371,
        152,
        178,
        326,
        125,
        131,
        400,
        373,
        186,
        138,
        159,
        241,
        100,
        114,
        378,
        168,
        280,
        249,
        174,
        102,
        270,
        53,
        408,
        335,
        127,
        349,
        365,
        52,
        373,
        149,
        347,
        316,
        156,
        322,
        143,
        339,
        0,
        295,
        80,
        341,
        192,
        291,
        48,
        327,
        156,
        256,
        408,
        188,
        289],
    [   227,
        286,
        77,
        152,
        161,
        396,
        364,
        12,
        19,
        302,
        93,
        288,
        201,
        279,
        256,
        400,
        212,
        115,
        82,
        299,
        247,
        141,
        193,
        394,
        409,
        223,
        448,
        74,
        175,
        297,
        394,
        34,
        335,
        164,
        106,
        415,
        317,
        188,
        328,
        197,
        162,
        250,
        384,
        155,
        244,
        349,
        92,
        295,
        0,
        324,
        148,
        299,
        224,
        251,
        298,
        447,
        275,
        188,
        115,
        189],
    [   230,
        199,
        348,
        272,
        170,
        222,
        251,
        329,
        330,
        270,
        386,
        445,
        138,
        259,
        288,
        176,
        203,
        436,
        394,
        123,
        216,
        182,
        217,
        97,
        130,
        355,
        207,
        291,
        315,
        112,
        92,
        293,
        44,
        408,
        339,
        162,
        298,
        350,
        121,
        435,
        205,
        419,
        246,
        212,
        394,
        62,
        384,
        80,
        324,
        0,
        397,
        273,
        363,
        117,
        404,
        180,
        206,
        401,
        209,
        356],
    [   208,
        418,
        218,
        132,
        229,
        522,
        499,
        157,
        128,
        255,
        65,
        151,
        308,
        238,
        402,
        409,
        216,
        127,
        189,
        412,
        233,
        233,
        329,
        439,
        442,
        371,
        456,
        221,
        106,
        407,
        443,
        175,
        392,
        295,
        251,
        435,
        461,
        335,
        354,
        49,
        193,
        115,
        516,
        186,
        120,
        439,
        64,
        341,
        148,
        397,
        0,
        251,
        117,
        292,
        181,
        468,
        409,
        327,
        220,
        84],
    [   77,
        412,
        370,
        147,
        201,
        479,
        488,
        311,
        288,
        4,
        288,
        207,
        285,
        21,
        455,
        186,
        106,
        360,
        379,
        361,
        69,
        234,
        363,
        257,
        243,
        476,
        225,
        331,
        146,
        350,
        264,
        295,
        241,
        457,
        387,
        219,
        496,
        450,
        167,
        260,
        156,
        197,
        492,
        159,
        171,
        334,
        286,
        192,
        299,
        273,
        251,
        0,
        149,
        163,
        150,
        248,
        410,
        473,
        252,
        170],
    [   137,
        440,
        302,
        105,
        221,
        531,
        522,
        236,
        207,
        154,
        172,
        84,
        315,
        142,
        450,
        328,
        160,
        242,
        289,
        413,
        158,
        241,
        365,
        379,
        374,
        441,
        371,
        285,
        58,
        405,
        385,
        238,
        345,
        388,
        330,
        358,
        504,
        408,
        288,
        112,
        169,
        55,
        534,
        165,
        31,
        417,
        171,
        291,
        224,
        363,
        117,
        149,
        0,
        246,
        73,
        390,
        434,
        413,
        243,
        36],
    [   113,
        255,
        297,
        161,
        92,
        315,
        327,
        259,
        251,
        162,
        293,
        328,
        137,
        146,
        315,
        153,
        86,
        353,
        331,
        198,
        100,
        122,
        225,
        148,
        158,
        356,
        200,
        244,
        201,
        187,
        151,
        228,
        101,
        375,
        301,
        164,
        346,
        340,
        78,
        325,
        100,
        302,
        330,
        108,
        278,
        175,
        291,
        48,
        251,
        117,
        292,
        163,
        246,
        0,
        287,
        195,
        256,
        378,
        151,
        242],
    [   173,
        502,
        375,
        170,
        280,
        588,
        584,
        310,
        280,
        154,
        241,
        63,
        375,
        154,
        520,
        336,
        204,
        308,
        361,
        469,
        188,
        305,
        432,
        404,
        392,
        514,
        373,
        357,
        128,
        459,
        411,
        311,
        380,
        461,
        403,
        369,
        571,
        482,
        312,
        161,
        227,
        74,
        594,
        225,
        60,
        462,
        240,
        327,
        298,
        404,
        181,
        150,
        73,
        287,
        0,
        398,
        498,
        487,
        310,
        109],
    [   260,
        379,
        491,
        337,
        287,
        386,
        425,
        455,
        446,
        244,
        481,
        456,
        303,
        249,
        467,
        62,
        252,
        545,
        527,
        302,
        235,
        315,
        389,
        84,
        50,
        528,
        40,
        437,
        364,
        291,
        91,
        424,
        140,
        565,
        491,
        33,
        479,
        518,
        118,
        491,
        290,
        443,
        416,
        297,
        416,
        225,
        479,
        156,
        447,
        180,
        468,
        248,
        390,
        195,
        398,
        0,
        387,
        564,
        344,
        400],
    [   341,
        13,
        249,
        329,
        218,
        123,
        90,
        272,
        292,
        410,
        366,
        516,
        125,
        390,
        89,
        377,
        308,
        384,
        307,
        87,
        341,
        193,
        82,
        304,
        337,
        174,
        412,
        206,
        375,
        97,
        298,
        241,
        248,
        267,
        222,
        367,
        93,
        186,
        308,
        457,
        271,
        480,
        108,
        273,
        464,
        173,
        366,
        256,
        275,
        206,
        409,
        410,
        434,
        256,
        498,
        387,
        0,
        244,
        193,
        410],
    [   397,
        258,
        111,
        334,
        291,
        360,
        306,
        177,
        206,
        475,
        263,
        474,
        263,
        452,
        168,
        531,
        374,
        231,
        142,
        316,
        412,
        257,
        188,
        492,
        518,
        82,
        576,
        142,
        363,
        320,
        490,
        181,
        429,
        38,
        86,
        536,
        223,
        58,
        455,
        372,
        320,
        436,
        332,
        315,
        432,
        395,
        263,
        408,
        188,
        401,
        327,
        473,
        413,
        378,
        487,
        564,
        244,
        0,
        230,
        378],
    [   175,
        201,
        147,
        139,
        60,
        302,
        283,
        120,
        124,
        253,
        189,
        323,
        90,
        231,
        210,
        304,
        147,
        230,
        186,
        193,
        186,
        29,
        122,
        283,
        302,
        223,
        351,
        93,
        184,
        188,
        283,
        84,
        223,
        224,
        150,
        314,
        261,
        199,
        229,
        266,
        96,
        287,
        298,
        94,
        271,
        234,
        188,
        188,
        115,
        209,
        220,
        252,
        243,
        151,
        310,
        344,
        193,
        230,
        0,
        217],
    [   140,
        417,
        266,
        86,
        203,
        512,
        499,
        201,
        171,
        174,
        136,
        106,
        294,
        159,
        421,
        339,
        157,
        206,
        252,
        396,
        164,
        219,
        338,
        382,
        380,
        408,
        384,
        252,
        40,
        388,
        387,
        204,
        343,
        352,
        295,
        367,
        476,
        375,
        292,
        91,
        154,
        70,
        513,
        149,
        56,
        406,
        134,
        289,
        189,
        356,
        84,
        170,
        36,
        242,
        109,
        400,
        410,
        378,
        217,
        0]]
;
task=[   261,
    123,
    50,
    34,
    30,
    33,
    85,
    81,
    1,
    160,
    4,
    51,
    401,
    49,
    254,
    117,
    74,
    178,
    146,
    350,
    277,
    0,
    96,
    70,
    147,
    117,
    72,
    73,
    288,
    240,
    186,
    178,
    32,
    124,
    172,
    30,
    159,
    205,
    153,
    161,
    374,
    57,
    74,
    447,
    119,
    127,
    151,
    272,
    268,
    154,
    180,
    111,
    90,
    157,
    55,
    25,
    295,
    88,
    159,
    278]
;
minW=[   128,
    51,
    130,
    101,
    7,
    111,
    108,
    141,
    146,
    173,
    15,
    163,
    29,
    187,
    52,
    110,
    110,
    198,
    130,
    12,
    75,
    0,
    51,
    69,
    12,
    153,
    258,
    26,
    60,
    28,
    12,
    24,
    166,
    13,
    164,
    123,
    206,
    63,
    64,
    99,
    18,
    261,
    170,
    69,
    250,
    70,
    170,
    37,
    97,
    149,
    139,
    192,
    23,
    90,
    99,
    163,
    45,
    43,
    4,
    188]
;
maxW=[   252,
    656,
    463,
    463,
    637,
    399,
    668,
    547,
    649,
    716,
    595,
    677,
    476,
    415,
    489,
    602,
    671,
    459,
    633,
    350,
    521,
    720,
    235,
    686,
    713,
    609,
    472,
    213,
    258,
    241,
    391,
    283,
    625,
    700,
    187,
    641,
    290,
    502,
    400,
    319,
    639,
    350,
    464,
    234,
    349,
    313,
    621,
    608,
    342,
    367,
    455,
    424,
    503,
    386,
    717,
    651,
    224,
    298,
    703,
    244]
;