// Generated by InstanceGenerator.py v0.1
// Juan Francisco Martinez Vera
// AMMM - MIRI, FIB UPC
//
// RAND_SEED=1484819000

bigM=100000;

nLocations=50;
startLocation=34;
distances=[   [   0,
        104,
        344,
        267,
        246,
        215,
        388,
        233,
        408,
        187,
        225,
        230,
        337,
        127,
        109,
        246,
        63,
        176,
        381,
        276,
        150,
        218,
        210,
        176,
        117,
        250,
        192,
        377,
        60,
        395,
        229,
        218,
        416,
        137,
        124,
        411,
        270,
        236,
        34,
        96,
        12,
        202,
        265,
        223,
        242,
        159,
        348,
        336,
        212,
        186],
    [   104,
        0,
        250,
        163,
        158,
        144,
        296,
        159,
        312,
        232,
        144,
        313,
        273,
        106,
        6,
        150,
        147,
        125,
        283,
        195,
        134,
        210,
        107,
        86,
        123,
        254,
        255,
        310,
        70,
        298,
        251,
        114,
        366,
        58,
        45,
        310,
        333,
        201,
        132,
        200,
        113,
        125,
        161,
        214,
        321,
        123,
        251,
        252,
        199,
        144],
    [   344,
        250,
        0,
        126,
        99,
        144,
        286,
        127,
        67,
        475,
        125,
        564,
        372,
        335,
        248,
        99,
        361,
        317,
        246,
        284,
        245,
        418,
        154,
        168,
        274,
        466,
        502,
        388,
        321,
        58,
        334,
        161,
        472,
        266,
        219,
        92,
        579,
        381,
        377,
        438,
        350,
        275,
        133,
        420,
        571,
        218,
        18,
        300,
        405,
        338],
    [   267,
        163,
        126,
        0,
        100,
        145,
        191,
        140,
        168,
        364,
        122,
        466,
        250,
        223,
        158,
        73,
        303,
        196,
        159,
        160,
        226,
        296,
        58,
        112,
        241,
        343,
        396,
        271,
        227,
        153,
        343,
        49,
        352,
        156,
        153,
        153,
        469,
        256,
        296,
        364,
        276,
        151,
        7,
        297,
        469,
        199,
        116,
        185,
        283,
        216],
    [   246,
        158,
        99,
        100,
        0,
        53,
        291,
        42,
        165,
        389,
        29,
        469,
        340,
        253,
        157,
        27,
        262,
        247,
        258,
        248,
        152,
        347,
        85,
        72,
        178,
        394,
        413,
        365,
        228,
        154,
        255,
        101,
        442,
        185,
        122,
        179,
        491,
        319,
        279,
        339,
        252,
        214,
        106,
        350,
        478,
        124,
        106,
        282,
        334,
        269],
    [   215,
        144,
        144,
        145,
        53,
        0,
        335,
        18,
        212,
        376,
        23,
        444,
        367,
        248,
        145,
        75,
        221,
        254,
        305,
        276,
        101,
        349,
        111,
        65,
        130,
        395,
        394,
        396,
        209,
        202,
        202,
        130,
        469,
        186,
        100,
        230,
        473,
        330,
        249,
        302,
        219,
        230,
        150,
        352,
        455,
        74,
        155,
        317,
        337,
        275],
    [   388,
        296,
        286,
        191,
        291,
        335,
        0,
        331,
        289,
        396,
        313,
        521,
        140,
        285,
        289,
        264,
        442,
        232,
        42,
        121,
        402,
        291,
        229,
        288,
        408,
        326,
        439,
        129,
        331,
        276,
        524,
        210,
        214,
        251,
        312,
        246,
        493,
        235,
        406,
        476,
        400,
        190,
        185,
        289,
        516,
        378,
        269,
        67,
        281,
        238],
    [   233,
        159,
        127,
        140,
        42,
        18,
        331,
        0,
        194,
        391,
        19,
        462,
        371,
        262,
        159,
        67,
        239,
        264,
        299,
        279,
        118,
        361,
        113,
        76,
        148,
        407,
        411,
        398,
        226,
        185,
        215,
        132,
        473,
        198,
        116,
        214,
        490,
        339,
        267,
        321,
        237,
        238,
        146,
        364,
        472,
        92,
        138,
        318,
        349,
        286],
    [   408,
        312,
        67,
        168,
        165,
        212,
        289,
        194,
        0,
        530,
        192,
        624,
        396,
        389,
        309,
        162,
        428,
        365,
        247,
        314,
        313,
        464,
        210,
        232,
        342,
        512,
        560,
        405,
        381,
        15,
        398,
        212,
        491,
        320,
        284,
        48,
        635,
        423,
        441,
        503,
        415,
        319,
        175,
        466,
        630,
        286,
        60,
        317,
        451,
        385],
    [   187,
        232,
        475,
        364,
        389,
        376,
        396,
        391,
        530,
        0,
        377,
        128,
        285,
        140,
        232,
        377,
        236,
        175,
        409,
        277,
        334,
        110,
        321,
        318,
        303,
        103,
        44,
        324,
        166,
        515,
        414,
        318,
        322,
        209,
        275,
        517,
        105,
        165,
        162,
        183,
        193,
        226,
        358,
        115,
        119,
        337,
        472,
        330,
        118,
        162],
    [   225,
        144,
        125,
        122,
        29,
        23,
        313,
        19,
        192,
        377,
        0,
        451,
        351,
        245,
        144,
        51,
        236,
        246,
        282,
        259,
        122,
        343,
        94,
        59,
        149,
        390,
        398,
        379,
        213,
        182,
        226,
        112,
        453,
        180,
        104,
        209,
        477,
        320,
        259,
        315,
        229,
        218,
        127,
        346,
        461,
        94,
        134,
        298,
        331,
        267],
    [   230,
        313,
        564,
        466,
        469,
        444,
        521,
        462,
        624,
        128,
        451,
        0,
        413,
        248,
        315,
        464,
        250,
        293,
        531,
        401,
        376,
        238,
        415,
        398,
        341,
        225,
        83,
        452,
        243,
        610,
        423,
        417,
        446,
        310,
        347,
        618,
        84,
        293,
        196,
        166,
        228,
        343,
        461,
        243,
        24,
        388,
        564,
        456,
        246,
        284],
    [   337,
        273,
        372,
        250,
        340,
        367,
        140,
        371,
        396,
        285,
        351,
        413,
        0,
        212,
        266,
        314,
        399,
        160,
        173,
        92,
        403,
        174,
        257,
        306,
        396,
        198,
        330,
        41,
        276,
        380,
        523,
        239,
        102,
        215,
        306,
        360,
        371,
        121,
        344,
        406,
        349,
        147,
        243,
        170,
        403,
        385,
        359,
        82,
        167,
        153],
    [   127,
        106,
        335,
        223,
        253,
        248,
        285,
        262,
        389,
        140,
        245,
        248,
        212,
        0,
        103,
        239,
        190,
        54,
        288,
        165,
        233,
        104,
        180,
        186,
        213,
        148,
        173,
        253,
        69,
        374,
        340,
        177,
        289,
        69,
        151,
        377,
        246,
        109,
        131,
        195,
        139,
        97,
        218,
        109,
        248,
        227,
        332,
        225,
        95,
        59],
    [   109,
        6,
        248,
        158,
        157,
        145,
        289,
        159,
        309,
        232,
        144,
        315,
        266,
        103,
        0,
        148,
        154,
        120,
        277,
        188,
        140,
        206,
        102,
        86,
        129,
        251,
        255,
        303,
        72,
        295,
        257,
        109,
        360,
        52,
        48,
        306,
        333,
        196,
        137,
        205,
        119,
        119,
        156,
        210,
        322,
        127,
        249,
        245,
        195,
        140],
    [   246,
        150,
        99,
        73,
        27,
        75,
        264,
        67,
        162,
        377,
        51,
        464,
        314,
        239,
        148,
        0,
        268,
        228,
        231,
        222,
        168,
        329,
        63,
        69,
        190,
        376,
        403,
        338,
        221,
        150,
        277,
        76,
        416,
        170,
        121,
        169,
        481,
        298,
        278,
        341,
        252,
        192,
        78,
        331,
        471,
        140,
        102,
        254,
        316,
        250],
    [   63,
        147,
        361,
        303,
        262,
        221,
        442,
        239,
        428,
        236,
        236,
        250,
        399,
        190,
        154,
        268,
        0,
        238,
        431,
        334,
        133,
        279,
        245,
        199,
        96,
        309,
        231,
        439,
        122,
        416,
        179,
        257,
        479,
        192,
        150,
        437,
        305,
        299,
        74,
        87,
        51,
        260,
        303,
        285,
        267,
        151,
        368,
        394,
        274,
        249],
    [   176,
        125,
        317,
        196,
        247,
        254,
        232,
        264,
        365,
        175,
        246,
        293,
        160,
        54,
        120,
        228,
        238,
        0,
        237,
        111,
        260,
        100,
        165,
        188,
        245,
        148,
        214,
        201,
        115,
        349,
        374,
        156,
        244,
        69,
        167,
        347,
        280,
        76,
        184,
        250,
        188,
        50,
        190,
        103,
        291,
        248,
        311,
        171,
        88,
        21],
    [   381,
        283,
        246,
        159,
        258,
        305,
        42,
        299,
        247,
        409,
        282,
        531,
        173,
        288,
        277,
        231,
        431,
        237,
        0,
        131,
        379,
        309,
        204,
        264,
        388,
        347,
        450,
        168,
        326,
        233,
        499,
        186,
        254,
        245,
        293,
        204,
        509,
        253,
        401,
        471,
        392,
        190,
        154,
        307,
        527,
        354,
        228,
        92,
        297,
        247],
    [   276,
        195,
        284,
        160,
        248,
        276,
        121,
        279,
        314,
        277,
        259,
        401,
        92,
        165,
        188,
        222,
        334,
        111,
        131,
        0,
        319,
        178,
        165,
        216,
        316,
        218,
        320,
        120,
        216,
        299,
        441,
        147,
        194,
        141,
        222,
        284,
        377,
        123,
        290,
        358,
        288,
        73,
        152,
        177,
        396,
        299,
        272,
        60,
        166,
        117],
    [   150,
        134,
        245,
        226,
        152,
        101,
        402,
        118,
        313,
        334,
        122,
        376,
        403,
        233,
        140,
        168,
        133,
        260,
        379,
        319,
        0,
        338,
        175,
        115,
        36,
        379,
        342,
        438,
        173,
        303,
        122,
        193,
        499,
        192,
        97,
        331,
        420,
        335,
        182,
        220,
        149,
        256,
        228,
        343,
        391,
        28,
        256,
        371,
        328,
        278],
    [   218,
        210,
        418,
        296,
        347,
        349,
        291,
        361,
        464,
        110,
        343,
        238,
        174,
        104,
        206,
        329,
        279,
        100,
        309,
        178,
        338,
        0,
        266,
        284,
        316,
        47,
        155,
        213,
        168,
        449,
        441,
        257,
        218,
        162,
        255,
        444,
        201,
        56,
        209,
        258,
        228,
        145,
        289,
        5,
        229,
        331,
        412,
        224,
        13,
        79],
    [   210,
        107,
        154,
        58,
        85,
        111,
        229,
        113,
        210,
        321,
        94,
        415,
        257,
        180,
        102,
        63,
        245,
        165,
        204,
        165,
        175,
        266,
        0,
        60,
        186,
        314,
        350,
        285,
        173,
        195,
        295,
        19,
        359,
        111,
        95,
        204,
        425,
        235,
        239,
        307,
        219,
        129,
        57,
        269,
        420,
        150,
        151,
        206,
        253,
        187],
    [   176,
        86,
        168,
        112,
        72,
        65,
        288,
        76,
        232,
        318,
        59,
        398,
        306,
        186,
        86,
        69,
        199,
        188,
        264,
        216,
        115,
        284,
        60,
        0,
        129,
        331,
        341,
        337,
        156,
        219,
        235,
        78,
        406,
        121,
        52,
        238,
        419,
        264,
        209,
        271,
        183,
        166,
        113,
        288,
        406,
        89,
        171,
        262,
        272,
        210],
    [   117,
        123,
        274,
        241,
        178,
        130,
        408,
        148,
        342,
        303,
        149,
        341,
        396,
        213,
        129,
        190,
        96,
        245,
        388,
        316,
        36,
        316,
        186,
        129,
        0,
        355,
        309,
        432,
        148,
        332,
        128,
        203,
        488,
        181,
        96,
        357,
        387,
        319,
        148,
        184,
        115,
        248,
        242,
        321,
        356,
        57,
        284,
        371,
        307,
        262],
    [   250,
        254,
        466,
        343,
        394,
        395,
        326,
        407,
        512,
        103,
        390,
        225,
        198,
        148,
        251,
        376,
        309,
        148,
        347,
        218,
        379,
        47,
        314,
        331,
        355,
        0,
        145,
        234,
        207,
        496,
        478,
        305,
        220,
        209,
        300,
        490,
        173,
        94,
        236,
        275,
        259,
        192,
        336,
        45,
        211,
        374,
        459,
        259,
        60,
        127],
    [   192,
        255,
        502,
        396,
        413,
        394,
        439,
        411,
        560,
        44,
        398,
        83,
        330,
        173,
        255,
        403,
        231,
        214,
        450,
        320,
        342,
        155,
        350,
        341,
        309,
        145,
        0,
        369,
        185,
        545,
        411,
        349,
        365,
        240,
        294,
        550,
        79,
        210,
        162,
        164,
        195,
        265,
        391,
        159,
        76,
        348,
        501,
        373,
        162,
        203],
    [   377,
        310,
        388,
        271,
        365,
        396,
        129,
        398,
        405,
        324,
        379,
        452,
        41,
        253,
        303,
        338,
        439,
        201,
        168,
        120,
        438,
        213,
        285,
        337,
        432,
        234,
        369,
        0,
        316,
        390,
        559,
        266,
        87,
        252,
        341,
        366,
        407,
        161,
        385,
        448,
        389,
        184,
        263,
        209,
        441,
        419,
        373,
        88,
        207,
        194],
    [   60,
        70,
        321,
        227,
        228,
        209,
        331,
        226,
        381,
        166,
        213,
        243,
        276,
        69,
        72,
        221,
        122,
        115,
        326,
        216,
        173,
        168,
        173,
        156,
        148,
        207,
        185,
        316,
        0,
        367,
        272,
        177,
        357,
        81,
        109,
        378,
        264,
        179,
        75,
        145,
        73,
        142,
        224,
        173,
        250,
        172,
        321,
        277,
        160,
        126],
    [   395,
        298,
        58,
        153,
        154,
        202,
        276,
        185,
        15,
        515,
        182,
        610,
        380,
        374,
        295,
        150,
        416,
        349,
        233,
        299,
        303,
        449,
        195,
        219,
        332,
        496,
        545,
        390,
        367,
        0,
        392,
        197,
        476,
        305,
        271,
        41,
        620,
        407,
        428,
        491,
        402,
        303,
        159,
        450,
        616,
        276,
        48,
        302,
        436,
        369],
    [   229,
        251,
        334,
        343,
        255,
        202,
        524,
        215,
        398,
        414,
        226,
        423,
        523,
        340,
        257,
        277,
        179,
        374,
        499,
        441,
        122,
        441,
        295,
        235,
        128,
        478,
        411,
        559,
        272,
        392,
        0,
        314,
        617,
        310,
        218,
        426,
        484,
        447,
        251,
        257,
        221,
        376,
        346,
        446,
        442,
        145,
        349,
        493,
        433,
        391],
    [   218,
        114,
        161,
        49,
        101,
        130,
        210,
        132,
        212,
        318,
        112,
        417,
        239,
        177,
        109,
        76,
        257,
        156,
        186,
        147,
        193,
        257,
        19,
        78,
        203,
        305,
        349,
        266,
        177,
        197,
        314,
        0,
        341,
        108,
        110,
        201,
        423,
        223,
        246,
        315,
        228,
        116,
        46,
        259,
        421,
        168,
        155,
        187,
        244,
        177],
    [   416,
        366,
        472,
        352,
        442,
        469,
        214,
        473,
        491,
        322,
        453,
        446,
        102,
        289,
        360,
        416,
        479,
        244,
        254,
        194,
        499,
        218,
        359,
        406,
        488,
        220,
        365,
        87,
        357,
        476,
        617,
        341,
        0,
        307,
        402,
        453,
        387,
        181,
        417,
        473,
        428,
        243,
        344,
        213,
        431,
        483,
        458,
        174,
        217,
        231],
    [   137,
        58,
        266,
        156,
        185,
        186,
        251,
        198,
        320,
        209,
        180,
        310,
        215,
        69,
        52,
        170,
        192,
        69,
        245,
        141,
        192,
        162,
        111,
        121,
        181,
        209,
        240,
        252,
        81,
        305,
        310,
        108,
        307,
        0,
        98,
        310,
        314,
        146,
        156,
        227,
        149,
        69,
        151,
        166,
        313,
        179,
        262,
        201,
        151,
        90],
    [   124,
        45,
        219,
        153,
        122,
        100,
        312,
        116,
        284,
        275,
        104,
        347,
        306,
        151,
        48,
        121,
        150,
        167,
        293,
        222,
        97,
        255,
        95,
        52,
        96,
        300,
        294,
        341,
        109,
        271,
        218,
        110,
        402,
        98,
        0,
        289,
        373,
        244,
        157,
        219,
        131,
        159,
        153,
        259,
        357,
        80,
        223,
        276,
        244,
        187],
    [   411,
        310,
        92,
        153,
        179,
        230,
        246,
        214,
        48,
        517,
        209,
        618,
        360,
        377,
        306,
        169,
        437,
        347,
        204,
        284,
        331,
        444,
        204,
        238,
        357,
        490,
        550,
        366,
        378,
        41,
        426,
        201,
        453,
        310,
        289,
        0,
        623,
        398,
        442,
        507,
        419,
        298,
        158,
        444,
        623,
        303,
        77,
        280,
        431,
        365],
    [   270,
        333,
        579,
        469,
        491,
        473,
        493,
        490,
        635,
        105,
        477,
        84,
        371,
        246,
        333,
        481,
        305,
        280,
        509,
        377,
        420,
        201,
        425,
        419,
        387,
        173,
        79,
        407,
        264,
        620,
        484,
        423,
        387,
        314,
        373,
        623,
        0,
        258,
        239,
        230,
        272,
        331,
        464,
        204,
        60,
        427,
        577,
        426,
        212,
        265],
    [   236,
        201,
        381,
        256,
        319,
        330,
        235,
        339,
        423,
        165,
        320,
        293,
        121,
        109,
        196,
        298,
        299,
        76,
        253,
        123,
        335,
        56,
        235,
        264,
        319,
        94,
        210,
        161,
        179,
        407,
        447,
        223,
        181,
        146,
        244,
        398,
        258,
        0,
        235,
        293,
        248,
        106,
        249,
        54,
        285,
        324,
        373,
        168,
        47,
        56],
    [   34,
        132,
        377,
        296,
        279,
        249,
        406,
        267,
        441,
        162,
        259,
        196,
        344,
        131,
        137,
        278,
        74,
        184,
        401,
        290,
        182,
        209,
        239,
        209,
        148,
        236,
        162,
        385,
        75,
        428,
        251,
        246,
        417,
        156,
        157,
        442,
        239,
        235,
        0,
        70,
        33,
        217,
        293,
        215,
        209,
        192,
        380,
        351,
        205,
        190],
    [   96,
        200,
        438,
        364,
        339,
        302,
        476,
        321,
        503,
        183,
        315,
        166,
        406,
        195,
        205,
        341,
        87,
        250,
        471,
        358,
        220,
        258,
        307,
        271,
        184,
        275,
        164,
        448,
        145,
        491,
        257,
        315,
        473,
        227,
        219,
        507,
        230,
        293,
        70,
        0,
        88,
        286,
        362,
        263,
        185,
        237,
        442,
        419,
        257,
        253],
    [   12,
        113,
        350,
        276,
        252,
        219,
        400,
        237,
        415,
        193,
        229,
        228,
        349,
        139,
        119,
        252,
        51,
        188,
        392,
        288,
        149,
        228,
        219,
        183,
        115,
        259,
        195,
        389,
        73,
        402,
        221,
        228,
        428,
        149,
        131,
        419,
        272,
        248,
        33,
        88,
        0,
        214,
        274,
        234,
        242,
        159,
        354,
        348,
        223,
        198],
    [   202,
        125,
        275,
        151,
        214,
        230,
        190,
        238,
        319,
        226,
        218,
        343,
        147,
        97,
        119,
        192,
        260,
        50,
        190,
        73,
        256,
        145,
        129,
        166,
        248,
        192,
        265,
        184,
        142,
        303,
        376,
        116,
        243,
        69,
        159,
        298,
        331,
        106,
        217,
        286,
        214,
        0,
        144,
        147,
        341,
        239,
        267,
        134,
        132,
        67],
    [   265,
        161,
        133,
        7,
        106,
        150,
        185,
        146,
        175,
        358,
        127,
        461,
        243,
        218,
        156,
        78,
        303,
        190,
        154,
        152,
        228,
        289,
        57,
        113,
        242,
        336,
        391,
        263,
        224,
        159,
        346,
        46,
        344,
        151,
        153,
        158,
        464,
        249,
        293,
        362,
        274,
        144,
        0,
        291,
        464,
        202,
        124,
        177,
        276,
        210],
    [   223,
        214,
        420,
        297,
        350,
        352,
        289,
        364,
        466,
        115,
        346,
        243,
        170,
        109,
        210,
        331,
        285,
        103,
        307,
        177,
        343,
        5,
        269,
        288,
        321,
        45,
        159,
        209,
        173,
        450,
        446,
        259,
        213,
        166,
        259,
        444,
        204,
        54,
        215,
        263,
        234,
        147,
        291,
        0,
        233,
        336,
        413,
        222,
        15,
        81],
    [   242,
        321,
        571,
        469,
        478,
        455,
        516,
        472,
        630,
        119,
        461,
        24,
        403,
        248,
        322,
        471,
        267,
        291,
        527,
        396,
        391,
        229,
        420,
        406,
        356,
        211,
        76,
        441,
        250,
        616,
        442,
        421,
        431,
        313,
        357,
        623,
        60,
        285,
        209,
        185,
        242,
        341,
        464,
        233,
        0,
        402,
        571,
        450,
        237,
        280],
    [   159,
        123,
        218,
        199,
        124,
        74,
        378,
        92,
        286,
        337,
        94,
        388,
        385,
        227,
        127,
        140,
        151,
        248,
        354,
        299,
        28,
        331,
        150,
        89,
        57,
        374,
        348,
        419,
        172,
        276,
        145,
        168,
        483,
        179,
        80,
        303,
        427,
        324,
        192,
        237,
        159,
        239,
        202,
        336,
        402,
        0,
        228,
        349,
        321,
        267],
    [   348,
        251,
        18,
        116,
        106,
        155,
        269,
        138,
        60,
        472,
        134,
        564,
        359,
        332,
        249,
        102,
        368,
        311,
        228,
        272,
        256,
        412,
        151,
        171,
        284,
        459,
        501,
        373,
        321,
        48,
        349,
        155,
        458,
        262,
        223,
        77,
        577,
        373,
        380,
        442,
        354,
        267,
        124,
        413,
        571,
        228,
        0,
        285,
        399,
        332],
    [   336,
        252,
        300,
        185,
        282,
        317,
        67,
        318,
        317,
        330,
        298,
        456,
        82,
        225,
        245,
        254,
        394,
        171,
        92,
        60,
        371,
        224,
        206,
        262,
        371,
        259,
        373,
        88,
        277,
        302,
        493,
        187,
        174,
        201,
        276,
        280,
        426,
        168,
        351,
        419,
        348,
        134,
        177,
        222,
        450,
        349,
        285,
        0,
        214,
        174],
    [   212,
        199,
        405,
        283,
        334,
        337,
        281,
        349,
        451,
        118,
        331,
        246,
        167,
        95,
        195,
        316,
        274,
        88,
        297,
        166,
        328,
        13,
        253,
        272,
        307,
        60,
        162,
        207,
        160,
        436,
        433,
        244,
        217,
        151,
        244,
        431,
        212,
        47,
        205,
        257,
        223,
        132,
        276,
        15,
        237,
        321,
        399,
        214,
        0,
        66],
    [   186,
        144,
        338,
        216,
        269,
        275,
        238,
        286,
        385,
        162,
        267,
        284,
        153,
        59,
        140,
        250,
        249,
        21,
        247,
        117,
        278,
        79,
        187,
        210,
        262,
        127,
        203,
        194,
        126,
        369,
        391,
        177,
        231,
        90,
        187,
        365,
        265,
        56,
        190,
        253,
        198,
        67,
        210,
        81,
        280,
        267,
        332,
        174,
        66,
        0]]
;
task=[   191,
    593,
    86,
    43,
    8,
    29,
    67,
    274,
    0,
    201,
    329,
    7,
    148,
    228,
    511,
    148,
    124,
    193,
    106,
    51,
    240,
    365,
    469,
    8,
    350,
    13,
    184,
    140,
    61,
    84,
    15,
    29,
    35,
    0,
    416,
    25,
    52,
    173,
    53,
    171,
    61,
    236,
    209,
    287,
    35,
    238,
    41,
    198,
    328,
    468]
;
minW=[   22,
    7,
    194,
    19,
    120,
    118,
    143,
    36,
    128,
    172,
    36,
    85,
    11,
    11,
    21,
    104,
    95,
    59,
    221,
    82,
    70,
    91,
    80,
    22,
    172,
    48,
    128,
    160,
    46,
    115,
    203,
    62,
    135,
    0,
    65,
    214,
    281,
    103,
    5,
    53,
    109,
    43,
    40,
    125,
    291,
    109,
    161,
    77,
    40,
    27]
;
maxW=[   395,
    104,
    401,
    328,
    288,
    683,
    316,
    215,
    595,
    661,
    357,
    419,
    607,
    499,
    522,
    213,
    448,
    212,
    699,
    472,
    269,
    442,
    482,
    488,
    319,
    381,
    618,
    608,
    294,
    658,
    384,
    146,
    688,
    720,
    395,
    487,
    487,
    248,
    317,
    266,
    307,
    220,
    411,
    270,
    680,
    648,
    266,
    495,
    206,
    584]
;