// Generated by InstanceGenerator.py v0.1
// Juan Francisco Martinez Vera
// AMMM - MIRI, FIB UPC
//
// RAND_SEED=1484822149

bigM=100000;

nLocations=70;
startLocation=9;
distances=[   [   0,
        328,
        301,
        257,
        383,
        276,
        215,
        310,
        141,
        347,
        42,
        283,
        200,
        325,
        176,
        367,
        298,
        135,
        345,
        69,
        288,
        199,
        329,
        241,
        142,
        260,
        202,
        197,
        381,
        328,
        236,
        210,
        123,
        252,
        319,
        336,
        347,
        187,
        298,
        323,
        153,
        378,
        155,
        113,
        62,
        451,
        287,
        287,
        197,
        353,
        265,
        182,
        459,
        126,
        322,
        314,
        225,
        352,
        164,
        39,
        287,
        92,
        153,
        324,
        257,
        92,
        275,
        299,
        275,
        240],
    [   328,
        0,
        441,
        188,
        303,
        210,
        260,
        450,
        301,
        540,
        366,
        178,
        256,
        580,
        296,
        509,
        177,
        194,
        448,
        294,
        54,
        186,
        509,
        460,
        436,
        97,
        380,
        488,
        647,
        416,
        279,
        232,
        451,
        528,
        93,
        424,
        445,
        471,
        511,
        173,
        210,
        645,
        176,
        434,
        317,
        402,
        559,
        362,
        500,
        26,
        446,
        345,
        419,
        202,
        41,
        80,
        103,
        459,
        430,
        327,
        163,
        238,
        383,
        133,
        272,
        292,
        140,
        441,
        72,
        278],
    [   301,
        441,
        0,
        255,
        240,
        241,
        181,
        10,
        178,
        108,
        284,
        274,
        187,
        198,
        160,
        72,
        283,
        341,
        52,
        247,
        386,
        259,
        75,
        103,
        219,
        344,
        99,
        218,
        259,
        60,
        161,
        209,
        344,
        202,
        366,
        62,
        57,
        464,
        107,
        302,
        399,
        259,
        314,
        277,
        361,
        238,
        209,
        87,
        244,
        454,
        53,
        125,
        234,
        326,
        462,
        373,
        373,
        55,
        455,
        340,
        289,
        331,
        152,
        336,
        173,
        226,
        305,
        4,
        435,
        162],
    [   257,
        188,
        255,
        0,
        149,
        28,
        81,
        264,
        155,
        359,
        279,
        28,
        86,
        415,
        133,
        321,
        43,
        179,
        259,
        193,
        136,
        60,
        326,
        292,
        307,
        96,
        211,
        350,
        483,
        228,
        94,
        61,
        372,
        377,
        111,
        235,
        256,
        441,
        336,
        68,
        238,
        482,
        136,
        329,
        283,
        242,
        403,
        173,
        368,
        199,
        268,
        180,
        256,
        172,
        216,
        117,
        149,
        270,
        410,
        279,
        38,
        205,
        234,
        87,
        83,
        177,
        50,
        256,
        201,
        92],
    [   383,
        303,
        240,
        149,
        0,
        121,
        167,
        246,
        250,
        346,
        393,
        139,
        183,
        436,
        216,
        282,
        132,
        327,
        213,
        314,
        261,
        205,
        313,
        322,
        388,
        231,
        257,
        415,
        499,
        185,
        151,
        174,
        482,
        423,
        210,
        188,
        207,
        571,
        345,
        130,
        387,
        499,
        284,
        427,
        420,
        98,
        439,
        158,
        439,
        304,
        280,
        242,
        115,
        319,
        340,
        223,
        294,
        222,
        545,
        411,
        150,
        348,
        305,
        169,
        127,
        292,
        176,
        243,
        337,
        147],
    [   276,
        210,
        241,
        28,
        121,
        0,
        81,
        251,
        163,
        348,
        295,
        33,
        91,
        411,
        136,
        305,
        41,
        206,
        240,
        210,
        158,
        85,
        315,
        288,
        315,
        121,
        209,
        354,
        478,
        209,
        86,
        69,
        387,
        377,
        125,
        216,
        237,
        462,
        329,
        64,
        265,
        477,
        163,
        342,
        306,
        214,
        402,
        157,
        374,
        218,
        260,
        180,
        228,
        198,
        240,
        134,
        177,
        252,
        433,
        300,
        48,
        230,
        238,
        94,
        69,
        192,
        69,
        243,
        227,
        83],
    [   215,
        260,
        181,
        81,
        167,
        81,
        0,
        191,
        85,
        281,
        226,
        107,
        15,
        334,
        55,
        251,
        120,
        185,
        195,
        146,
        205,
        79,
        249,
        210,
        235,
        162,
        130,
        273,
        401,
        166,
        26,
        28,
        316,
        296,
        191,
        174,
        193,
        403,
        255,
        145,
        247,
        400,
        147,
        265,
        257,
        239,
        322,
        110,
        293,
        274,
        188,
        99,
        248,
        172,
        281,
        196,
        195,
        206,
        379,
        245,
        120,
        193,
        156,
        169,
        42,
        124,
        129,
        182,
        256,
        29],
    [   310,
        450,
        10,
        264,
        246,
        251,
        191,
        0,
        188,
        100,
        292,
        283,
        197,
        195,
        170,
        62,
        292,
        351,
        50,
        256,
        396,
        269,
        67,
        105,
        224,
        354,
        108,
        221,
        254,
        63,
        171,
        219,
        350,
        203,
        375,
        64,
        55,
        470,
        103,
        311,
        409,
        255,
        324,
        282,
        370,
        240,
        208,
        96,
        247,
        464,
        56,
        134,
        235,
        336,
        472,
        382,
        383,
        50,
        463,
        349,
        298,
        341,
        160,
        345,
        182,
        235,
        315,
        11,
        445,
        172],
    [   141,
        301,
        178,
        155,
        250,
        163,
        85,
        188,
        0,
        255,
        144,
        183,
        72,
        279,
        35,
        250,
        197,
        164,
        213,
        75,
        248,
        118,
        228,
        161,
        152,
        208,
        88,
        196,
        346,
        192,
        99,
        94,
        232,
        229,
        252,
        200,
        214,
        326,
        216,
        223,
        220,
        344,
        143,
        180,
        193,
        311,
        259,
        146,
        214,
        321,
        160,
        54,
        317,
        149,
        312,
        253,
        213,
        222,
        306,
        177,
        192,
        152,
        82,
        240,
        123,
        51,
        193,
        177,
        276,
        103],
    [   347,
        540,
        108,
        359,
        346,
        348,
        281,
        100,
        255,
        0,
        318,
        380,
        283,
        114,
        247,
        78,
        389,
        418,
        136,
        309,
        486,
        355,
        33,
        106,
        226,
        443,
        167,
        199,
        162,
        160,
        264,
        308,
        352,
        157,
        470,
        159,
        142,
        479,
        52,
        409,
        470,
        163,
        398,
        286,
        409,
        329,
        145,
        196,
        221,
        555,
        95,
        201,
        321,
        403,
        559,
        476,
        464,
        129,
        481,
        386,
        394,
        399,
        196,
        442,
        279,
        292,
        409,
        105,
        528,
        266],
    [   42,
        366,
        284,
        279,
        393,
        295,
        226,
        292,
        144,
        318,
        0,
        306,
        211,
        287,
        179,
        346,
        321,
        175,
        331,
        85,
        324,
        224,
        303,
        212,
        103,
        293,
        186,
        156,
        341,
        318,
        243,
        226,
        93,
        212,
        350,
        325,
        333,
        184,
        267,
        346,
        196,
        338,
        191,
        71,
        97,
        454,
        248,
        282,
        155,
        391,
        243,
        173,
        460,
        165,
        362,
        346,
        263,
        337,
        171,
        72,
        311,
        134,
        131,
        351,
        266,
        102,
        303,
        281,
        316,
        247],
    [   283,
        178,
        274,
        28,
        139,
        33,
        107,
        283,
        183,
        380,
        306,
        0,
        113,
        440,
        160,
        338,
        15,
        198,
        274,
        221,
        128,
        84,
        347,
        317,
        336,
        93,
        237,
        378,
        508,
        242,
        116,
        89,
        399,
        404,
        92,
        249,
        270,
        466,
        360,
        40,
        254,
        507,
        154,
        358,
        307,
        236,
        429,
        190,
        397,
        185,
        291,
        206,
        251,
        192,
        209,
        101,
        155,
        285,
        434,
        304,
        15,
        227,
        261,
        62,
        101,
        205,
        39,
        276,
        200,
        114],
    [   200,
        256,
        187,
        86,
        183,
        91,
        15,
        197,
        72,
        283,
        211,
        113,
        0,
        331,
        46,
        258,
        127,
        171,
        204,
        130,
        202,
        72,
        252,
        207,
        224,
        159,
        127,
        264,
        398,
        176,
        40,
        26,
        302,
        290,
        193,
        185,
        203,
        387,
        255,
        152,
        233,
        397,
        135,
        252,
        241,
        255,
        317,
        121,
        284,
        272,
        189,
        94,
        264,
        158,
        276,
        196,
        187,
        215,
        363,
        229,
        125,
        178,
        148,
        174,
        58,
        109,
        131,
        187,
        248,
        43],
    [   325,
        580,
        198,
        415,
        436,
        411,
        334,
        195,
        279,
        114,
        287,
        440,
        331,
        0,
        286,
        192,
        452,
        427,
        241,
        309,
        527,
        395,
        136,
        123,
        183,
        486,
        204,
        134,
        67,
        258,
        325,
        357,
        290,
        76,
        524,
        259,
        246,
        415,
        91,
        475,
        469,
        66,
        418,
        233,
        384,
        434,
        45,
        278,
        147,
        599,
        156,
        237,
        428,
        412,
        592,
        527,
        491,
        236,
        427,
        359,
        454,
        398,
        200,
        503,
        345,
        299,
        462,
        194,
        554,
        328],
    [   176,
        296,
        160,
        133,
        216,
        136,
        55,
        170,
        35,
        247,
        179,
        160,
        46,
        286,
        0,
        232,
        174,
        181,
        188,
        108,
        242,
        109,
        218,
        164,
        179,
        200,
        84,
        218,
        354,
        164,
        64,
        72,
        266,
        244,
        238,
        173,
        188,
        361,
        215,
        199,
        241,
        352,
        154,
        212,
        226,
        276,
        271,
        115,
        238,
        314,
        151,
        49,
        282,
        167,
        312,
        240,
        217,
        198,
        341,
        210,
        171,
        177,
        101,
        220,
        89,
        84,
        177,
        159,
        280,
        69],
    [   367,
        509,
        72,
        321,
        282,
        305,
        251,
        62,
        250,
        78,
        346,
        338,
        258,
        192,
        232,
        0,
        345,
        413,
        69,
        316,
        455,
        330,
        59,
        142,
        268,
        413,
        167,
        254,
        240,
        99,
        229,
        279,
        396,
        223,
        431,
        94,
        74,
        520,
        112,
        362,
        471,
        242,
        386,
        328,
        428,
        254,
        218,
        148,
        279,
        521,
        103,
        196,
        245,
        398,
        532,
        439,
        445,
        59,
        516,
        406,
        354,
        402,
        215,
        399,
        238,
        296,
        371,
        73,
        507,
        230],
    [   298,
        177,
        283,
        43,
        132,
        41,
        120,
        292,
        197,
        389,
        321,
        15,
        127,
        452,
        174,
        345,
        0,
        210,
        280,
        236,
        130,
        99,
        356,
        329,
        350,
        98,
        249,
        392,
        519,
        248,
        127,
        103,
        414,
        417,
        88,
        255,
        276,
        481,
        371,
        25,
        265,
        519,
        167,
        373,
        321,
        230,
        442,
        197,
        411,
        182,
        301,
        219,
        246,
        205,
        210,
        98,
        163,
        291,
        449,
        318,
        17,
        241,
        275,
        53,
        110,
        220,
        43,
        285,
        205,
        125],
    [   135,
        194,
        341,
        179,
        327,
        206,
        185,
        351,
        164,
        418,
        175,
        198,
        171,
        427,
        181,
        413,
        210,
        0,
        369,
        118,
        159,
        122,
        392,
        319,
        259,
        141,
        251,
        314,
        490,
        344,
        211,
        163,
        256,
        363,
        201,
        352,
        369,
        285,
        376,
        230,
        62,
        487,
        43,
        246,
        125,
        415,
        397,
        290,
        321,
        220,
        324,
        218,
        426,
        14,
        186,
        192,
        91,
        379,
        248,
        133,
        194,
        43,
        229,
        217,
        223,
        128,
        174,
        340,
        140,
        214],
    [   345,
        448,
        52,
        259,
        213,
        240,
        195,
        50,
        213,
        136,
        331,
        274,
        204,
        241,
        188,
        69,
        280,
        369,
        0,
        286,
        394,
        275,
        106,
        156,
        271,
        353,
        145,
        271,
        297,
        31,
        171,
        223,
        395,
        253,
        366,
        25,
        5,
        513,
        151,
        295,
        430,
        298,
        338,
        328,
        403,
        194,
        257,
        86,
        297,
        458,
        106,
        163,
        187,
        355,
        473,
        375,
        390,
        11,
        503,
        383,
        289,
        365,
        201,
        333,
        175,
        263,
        308,
        56,
        451,
        171],
    [   69,
        294,
        247,
        193,
        314,
        210,
        146,
        256,
        75,
        309,
        85,
        221,
        130,
        309,
        108,
        316,
        236,
        118,
        286,
        0,
        247,
        139,
        286,
        205,
        143,
        213,
        149,
        197,
        371,
        266,
        166,
        142,
        178,
        244,
        268,
        274,
        287,
        257,
        263,
        261,
        163,
        369,
        118,
        143,
        118,
        382,
        278,
        221,
        207,
        317,
        219,
        122,
        390,
        104,
        295,
        265,
        194,
        294,
        234,
        102,
        225,
        91,
        114,
        267,
        188,
        23,
        218,
        245,
        253,
        170],
    [   288,
        54,
        386,
        136,
        261,
        158,
        205,
        396,
        248,
        486,
        324,
        128,
        202,
        527,
        242,
        455,
        130,
        159,
        394,
        247,
        0,
        132,
        454,
        406,
        387,
        42,
        326,
        438,
        594,
        363,
        225,
        178,
        412,
        477,
        59,
        371,
        391,
        444,
        457,
        131,
        190,
        593,
        133,
        390,
        285,
        359,
        507,
        308,
        451,
        72,
        391,
        291,
        375,
        164,
        81,
        45,
        71,
        405,
        405,
        292,
        114,
        202,
        331,
        96,
        218,
        243,
        89,
        387,
        80,
        224],
    [   199,
        186,
        259,
        60,
        205,
        85,
        79,
        269,
        118,
        355,
        224,
        84,
        72,
        395,
        109,
        330,
        99,
        122,
        275,
        139,
        132,
        0,
        324,
        273,
        266,
        90,
        194,
        313,
        462,
        245,
        104,
        51,
        317,
        347,
        134,
        253,
        273,
        381,
        324,
        123,
        183,
        461,
        79,
        280,
        223,
        293,
        377,
        189,
        329,
        204,
        260,
        159,
        306,
        113,
        204,
        134,
        115,
        285,
        350,
        219,
        87,
        145,
        201,
        128,
        108,
        126,
        79,
        259,
        176,
        105],
    [   329,
        509,
        75,
        326,
        313,
        315,
        249,
        67,
        228,
        33,
        303,
        347,
        252,
        136,
        218,
        59,
        356,
        392,
        106,
        286,
        454,
        324,
        0,
        92,
        218,
        412,
        140,
        198,
        190,
        129,
        232,
        276,
        346,
        164,
        438,
        127,
        112,
        471,
        53,
        376,
        446,
        191,
        370,
        278,
        391,
        300,
        159,
        163,
        222,
        524,
        68,
        174,
        293,
        377,
        528,
        444,
        435,
        101,
        470,
        368,
        362,
        376,
        176,
        410,
        246,
        268,
        376,
        72,
        498,
        234],
    [   241,
        460,
        103,
        292,
        322,
        288,
        210,
        105,
        161,
        106,
        212,
        317,
        207,
        123,
        164,
        142,
        329,
        319,
        156,
        205,
        406,
        273,
        92,
        0,
        126,
        364,
        80,
        115,
        190,
        161,
        202,
        233,
        254,
        102,
        400,
        165,
        160,
        379,
        57,
        352,
        369,
        189,
        304,
        186,
        303,
        336,
        117,
        164,
        141,
        478,
        50,
        114,
        334,
        304,
        473,
        404,
        375,
        156,
        378,
        279,
        330,
        297,
        91,
        379,
        222,
        191,
        339,
        99,
        438,
        205],
    [   142,
        436,
        219,
        307,
        388,
        315,
        235,
        224,
        152,
        226,
        103,
        336,
        224,
        183,
        179,
        268,
        350,
        259,
        271,
        143,
        387,
        266,
        218,
        126,
        0,
        350,
        138,
        55,
        239,
        267,
        241,
        247,
        128,
        109,
        400,
        273,
        275,
        252,
        174,
        376,
        292,
        236,
        261,
        60,
        200,
        428,
        145,
        248,
        64,
        459,
        169,
        146,
        430,
        246,
        439,
        400,
        337,
        274,
        254,
        175,
        345,
        224,
        83,
        392,
        266,
        144,
        344,
        215,
        396,
        245],
    [   260,
        97,
        344,
        96,
        231,
        121,
        162,
        354,
        208,
        443,
        293,
        93,
        159,
        486,
        200,
        413,
        98,
        141,
        353,
        213,
        42,
        90,
        412,
        364,
        350,
        0,
        284,
        400,
        553,
        322,
        183,
        135,
        383,
        437,
        60,
        329,
        350,
        426,
        414,
        107,
        183,
        551,
        106,
        357,
        265,
        329,
        467,
        267,
        414,
        113,
        349,
        249,
        344,
        142,
        120,
        53,
        68,
        364,
        389,
        269,
        81,
        181,
        291,
        81,
        177,
        206,
        55,
        345,
        107,
        182],
    [   202,
        380,
        99,
        211,
        257,
        209,
        130,
        108,
        88,
        167,
        186,
        237,
        127,
        204,
        84,
        167,
        249,
        251,
        145,
        149,
        326,
        194,
        140,
        80,
        138,
        284,
        0,
        158,
        271,
        133,
        124,
        153,
        254,
        170,
        320,
        140,
        147,
        368,
        131,
        273,
        306,
        270,
        231,
        189,
        261,
        291,
        192,
        110,
        182,
        398,
        72,
        35,
        292,
        237,
        395,
        323,
        299,
        151,
        358,
        240,
        250,
        236,
        58,
        299,
        146,
        129,
        258,
        97,
        362,
        127],
    [   197,
        488,
        218,
        350,
        415,
        354,
        273,
        221,
        196,
        199,
        156,
        378,
        264,
        134,
        218,
        254,
        392,
        314,
        271,
        197,
        438,
        313,
        198,
        115,
        55,
        400,
        158,
        0,
        185,
        273,
        275,
        288,
        158,
        58,
        448,
        278,
        275,
        284,
        147,
        417,
        348,
        182,
        315,
        98,
        253,
        444,
        92,
        265,
        26,
        510,
        164,
        177,
        444,
        301,
        492,
        448,
        390,
        272,
        293,
        228,
        388,
        279,
        116,
        436,
        299,
        196,
        390,
        214,
        450,
        279],
    [   381,
        647,
        259,
        483,
        499,
        478,
        401,
        254,
        346,
        162,
        341,
        508,
        398,
        67,
        354,
        240,
        519,
        490,
        297,
        371,
        594,
        462,
        190,
        190,
        239,
        553,
        271,
        185,
        0,
        317,
        392,
        424,
        331,
        129,
        591,
        317,
        303,
        451,
        153,
        542,
        529,
        4,
        483,
        281,
        438,
        490,
        94,
        342,
        191,
        666,
        221,
        304,
        483,
        476,
        658,
        594,
        557,
        290,
        468,
        413,
        521,
        459,
        265,
        570,
        411,
        364,
        530,
        255,
        619,
        395],
    [   328,
        416,
        60,
        228,
        185,
        209,
        166,
        63,
        192,
        160,
        318,
        242,
        176,
        258,
        164,
        99,
        248,
        344,
        31,
        266,
        363,
        245,
        129,
        161,
        267,
        322,
        133,
        273,
        317,
        0,
        141,
        193,
        387,
        262,
        335,
        8,
        28,
        501,
        167,
        264,
        405,
        318,
        311,
        321,
        384,
        177,
        270,
        55,
        299,
        427,
        111,
        146,
        174,
        330,
        443,
        343,
        361,
        42,
        489,
        366,
        257,
        342,
        191,
        301,
        144,
        243,
        277,
        64,
        421,
        141],
    [   236,
        279,
        161,
        94,
        151,
        86,
        26,
        171,
        99,
        264,
        243,
        116,
        40,
        325,
        64,
        229,
        127,
        211,
        171,
        166,
        225,
        104,
        232,
        202,
        241,
        183,
        124,
        275,
        392,
        141,
        0,
        52,
        331,
        293,
        205,
        149,
        169,
        423,
        243,
        150,
        274,
        391,
        174,
        277,
        280,
        216,
        317,
        85,
        297,
        292,
        174,
        98,
        224,
        199,
        303,
        212,
        220,
        182,
        400,
        267,
        130,
        219,
        159,
        179,
        24,
        144,
        144,
        162,
        279,
        4],
    [   210,
        232,
        209,
        61,
        174,
        69,
        28,
        219,
        94,
        308,
        226,
        89,
        26,
        357,
        72,
        279,
        103,
        163,
        223,
        142,
        178,
        51,
        276,
        233,
        247,
        135,
        153,
        288,
        424,
        193,
        52,
        0,
        318,
        316,
        167,
        201,
        221,
        397,
        281,
        129,
        226,
        423,
        124,
        272,
        246,
        253,
        343,
        138,
        307,
        247,
        214,
        120,
        264,
        152,
        253,
        170,
        167,
        234,
        371,
        237,
        99,
        177,
        172,
        148,
        59,
        123,
        105,
        210,
        228,
        53],
    [   123,
        451,
        344,
        372,
        482,
        387,
        316,
        350,
        232,
        352,
        93,
        399,
        302,
        290,
        266,
        396,
        414,
        256,
        395,
        178,
        412,
        317,
        346,
        254,
        128,
        383,
        254,
        158,
        331,
        387,
        331,
        318,
        0,
        214,
        441,
        394,
        399,
        126,
        300,
        439,
        261,
        327,
        279,
        68,
        145,
        537,
        246,
        360,
        142,
        476,
        296,
        251,
        541,
        248,
        442,
        437,
        347,
        399,
        136,
        127,
        404,
        213,
        196,
        444,
        355,
        195,
        395,
        341,
        395,
        335],
    [   252,
        528,
        202,
        377,
        423,
        377,
        296,
        203,
        229,
        157,
        212,
        404,
        290,
        76,
        244,
        223,
        417,
        363,
        253,
        244,
        477,
        347,
        164,
        102,
        109,
        437,
        170,
        58,
        129,
        262,
        293,
        316,
        214,
        0,
        480,
        265,
        258,
        339,
        110,
        442,
        400,
        126,
        359,
        156,
        310,
        439,
        35,
        266,
        71,
        549,
        150,
        197,
        436,
        349,
        536,
        482,
        434,
        252,
        350,
        285,
        415,
        330,
        146,
        464,
        316,
        239,
        420,
        198,
        495,
        297],
    [   319,
        93,
        366,
        111,
        210,
        125,
        191,
        375,
        252,
        470,
        350,
        92,
        193,
        524,
        238,
        431,
        88,
        201,
        366,
        268,
        59,
        134,
        438,
        400,
        400,
        60,
        320,
        448,
        591,
        335,
        205,
        167,
        441,
        480,
        0,
        342,
        363,
        486,
        447,
        80,
        241,
        590,
        166,
        411,
        325,
        309,
        509,
        282,
        464,
        95,
        379,
        286,
        326,
        202,
        130,
        13,
        122,
        378,
        449,
        329,
        77,
        241,
        335,
        40,
        193,
        259,
        61,
        367,
        138,
        204],
    [   336,
        424,
        62,
        235,
        188,
        216,
        174,
        64,
        200,
        159,
        325,
        249,
        185,
        259,
        173,
        94,
        255,
        352,
        25,
        274,
        371,
        253,
        127,
        165,
        273,
        329,
        140,
        278,
        317,
        8,
        149,
        201,
        394,
        265,
        342,
        0,
        21,
        509,
        168,
        270,
        414,
        318,
        319,
        328,
        392,
        175,
        272,
        63,
        304,
        434,
        115,
        154,
        171,
        339,
        450,
        350,
        369,
        36,
        497,
        374,
        264,
        350,
        198,
        308,
        152,
        252,
        284,
        67,
        429,
        149],
    [   347,
        445,
        57,
        256,
        207,
        237,
        193,
        55,
        214,
        142,
        333,
        270,
        203,
        246,
        188,
        74,
        276,
        369,
        5,
        287,
        391,
        273,
        112,
        160,
        275,
        350,
        147,
        275,
        303,
        28,
        169,
        221,
        399,
        258,
        363,
        21,
        0,
        515,
        157,
        291,
        430,
        304,
        337,
        331,
        404,
        188,
        263,
        83,
        301,
        455,
        111,
        165,
        181,
        355,
        471,
        372,
        389,
        15,
        505,
        385,
        286,
        365,
        204,
        329,
        172,
        264,
        305,
        61,
        449,
        169],
    [   187,
        471,
        464,
        441,
        571,
        462,
        403,
        470,
        326,
        479,
        184,
        466,
        387,
        415,
        361,
        520,
        481,
        285,
        513,
        257,
        444,
        381,
        471,
        379,
        252,
        426,
        368,
        284,
        451,
        501,
        423,
        397,
        126,
        339,
        486,
        509,
        515,
        0,
        426,
        504,
        261,
        447,
        321,
        193,
        161,
        637,
        370,
        467,
        267,
        497,
        418,
        358,
        644,
        284,
        451,
        478,
        373,
        518,
        44,
        162,
        467,
        245,
        311,
        499,
        445,
        279,
        452,
        460,
        404,
        427],
    [   298,
        511,
        107,
        336,
        345,
        329,
        255,
        103,
        216,
        52,
        267,
        360,
        255,
        91,
        215,
        112,
        371,
        376,
        151,
        263,
        457,
        324,
        53,
        57,
        174,
        414,
        131,
        147,
        153,
        167,
        243,
        281,
        300,
        110,
        447,
        168,
        157,
        426,
        0,
        393,
        426,
        153,
        360,
        233,
        360,
        344,
        107,
        188,
        171,
        528,
        69,
        166,
        338,
        361,
        527,
        451,
        429,
        147,
        428,
        336,
        374,
        354,
        149,
        423,
        261,
        249,
        385,
        103,
        493,
        245],
    [   323,
        173,
        302,
        68,
        130,
        64,
        145,
        311,
        223,
        409,
        346,
        40,
        152,
        475,
        199,
        362,
        25,
        230,
        295,
        261,
        131,
        123,
        376,
        352,
        376,
        107,
        273,
        417,
        542,
        264,
        150,
        129,
        439,
        442,
        80,
        270,
        291,
        504,
        393,
        0,
        283,
        542,
        188,
        398,
        344,
        228,
        466,
        215,
        436,
        175,
        323,
        244,
        245,
        226,
        210,
        93,
        175,
        307,
        471,
        342,
        36,
        262,
        301,
        40,
        131,
        246,
        56,
        304,
        210,
        147],
    [   153,
        210,
        399,
        238,
        387,
        265,
        247,
        409,
        220,
        470,
        196,
        254,
        233,
        469,
        241,
        471,
        265,
        62,
        430,
        163,
        190,
        183,
        446,
        369,
        292,
        183,
        306,
        348,
        529,
        405,
        274,
        226,
        261,
        400,
        241,
        414,
        430,
        261,
        426,
        283,
        0,
        527,
        103,
        267,
        116,
        476,
        435,
        352,
        351,
        236,
        378,
        275,
        488,
        75,
        190,
        230,
        119,
        439,
        219,
        135,
        248,
        72,
        277,
        264,
        285,
        178,
        226,
        398,
        143,
        276],
    [   378,
        645,
        259,
        482,
        499,
        477,
        400,
        255,
        344,
        163,
        338,
        507,
        397,
        66,
        352,
        242,
        519,
        487,
        298,
        369,
        593,
        461,
        191,
        189,
        236,
        551,
        270,
        182,
        4,
        318,
        391,
        423,
        327,
        126,
        590,
        318,
        304,
        447,
        153,
        542,
        527,
        0,
        481,
        278,
        435,
        492,
        91,
        342,
        188,
        665,
        221,
        303,
        485,
        473,
        656,
        593,
        555,
        292,
        464,
        410,
        520,
        456,
        263,
        569,
        411,
        361,
        528,
        256,
        617,
        394],
    [   155,
        176,
        314,
        136,
        284,
        163,
        147,
        324,
        143,
        398,
        191,
        154,
        135,
        418,
        154,
        386,
        167,
        43,
        338,
        118,
        133,
        79,
        370,
        304,
        261,
        106,
        231,
        315,
        483,
        311,
        174,
        124,
        279,
        359,
        166,
        319,
        337,
        321,
        360,
        188,
        103,
        481,
        0,
        258,
        160,
        373,
        392,
        256,
        325,
        200,
        302,
        196,
        385,
        38,
        177,
        159,
        75,
        348,
        286,
        163,
        151,
        76,
        218,
        178,
        183,
        120,
        133,
        313,
        136,
        176],
    [   113,
        434,
        277,
        329,
        427,
        342,
        265,
        282,
        180,
        286,
        71,
        358,
        252,
        233,
        212,
        328,
        373,
        246,
        328,
        143,
        390,
        280,
        278,
        186,
        60,
        357,
        189,
        98,
        281,
        321,
        277,
        272,
        68,
        156,
        411,
        328,
        331,
        193,
        233,
        398,
        267,
        278,
        258,
        0,
        161,
        476,
        190,
        297,
        90,
        459,
        228,
        189,
        479,
        235,
        431,
        409,
        332,
        332,
        196,
        137,
        365,
        205,
        131,
        408,
        301,
        153,
        360,
        273,
        386,
        281],
    [   62,
        317,
        361,
        283,
        420,
        306,
        257,
        370,
        193,
        409,
        97,
        307,
        241,
        384,
        226,
        428,
        321,
        125,
        403,
        118,
        285,
        223,
        391,
        303,
        200,
        265,
        261,
        253,
        438,
        384,
        280,
        246,
        145,
        310,
        325,
        392,
        404,
        161,
        360,
        344,
        116,
        435,
        160,
        161,
        0,
        496,
        345,
        340,
        250,
        343,
        327,
        239,
        505,
        122,
        302,
        317,
        215,
        410,
        127,
        25,
        307,
        83,
        215,
        337,
        299,
        141,
        291,
        359,
        255,
        283],
    [   451,
        402,
        238,
        242,
        98,
        214,
        239,
        240,
        311,
        329,
        454,
        236,
        255,
        434,
        276,
        254,
        230,
        415,
        194,
        382,
        359,
        293,
        300,
        336,
        428,
        329,
        291,
        444,
        490,
        177,
        216,
        253,
        537,
        439,
        309,
        175,
        188,
        637,
        344,
        228,
        476,
        492,
        373,
        476,
        496,
        0,
        448,
        180,
        470,
        401,
        288,
        286,
        18,
        405,
        438,
        322,
        391,
        199,
        616,
        484,
        247,
        431,
        346,
        268,
        197,
        359,
        274,
        242,
        436,
        212],
    [   287,
        559,
        209,
        403,
        439,
        402,
        322,
        208,
        259,
        145,
        248,
        429,
        317,
        45,
        271,
        218,
        442,
        397,
        257,
        278,
        507,
        377,
        159,
        117,
        145,
        467,
        192,
        92,
        94,
        270,
        317,
        343,
        246,
        35,
        509,
        272,
        263,
        370,
        107,
        466,
        435,
        91,
        392,
        190,
        345,
        448,
        0,
        281,
        103,
        580,
        161,
        223,
        444,
        383,
        568,
        511,
        467,
        254,
        382,
        320,
        442,
        365,
        176,
        491,
        338,
        272,
        448,
        205,
        528,
        320],
    [   287,
        362,
        87,
        173,
        158,
        157,
        110,
        96,
        146,
        196,
        282,
        190,
        121,
        278,
        115,
        148,
        197,
        290,
        86,
        221,
        308,
        189,
        163,
        164,
        248,
        267,
        110,
        265,
        342,
        55,
        85,
        138,
        360,
        266,
        282,
        63,
        83,
        467,
        188,
        215,
        352,
        342,
        256,
        297,
        340,
        180,
        281,
        0,
        290,
        373,
        121,
        109,
        182,
        277,
        387,
        290,
        305,
        97,
        451,
        323,
        205,
        291,
        165,
        251,
        90,
        198,
        223,
        90,
        365,
        85],
    [   197,
        500,
        244,
        368,
        439,
        374,
        293,
        247,
        214,
        221,
        155,
        397,
        284,
        147,
        238,
        279,
        411,
        321,
        297,
        207,
        451,
        329,
        222,
        141,
        64,
        414,
        182,
        26,
        191,
        299,
        297,
        307,
        142,
        71,
        464,
        304,
        301,
        267,
        171,
        436,
        351,
        188,
        325,
        90,
        250,
        470,
        103,
        290,
        0,
        523,
        190,
        199,
        469,
        308,
        502,
        463,
        401,
        298,
        279,
        226,
        406,
        284,
        137,
        454,
        321,
        208,
        407,
        240,
        459,
        301],
    [   353,
        26,
        454,
        199,
        304,
        218,
        274,
        464,
        321,
        555,
        391,
        185,
        272,
        599,
        314,
        521,
        182,
        220,
        458,
        317,
        72,
        204,
        524,
        478,
        459,
        113,
        398,
        510,
        666,
        427,
        292,
        247,
        476,
        549,
        95,
        434,
        455,
        497,
        528,
        175,
        236,
        665,
        200,
        459,
        343,
        401,
        580,
        373,
        523,
        0,
        462,
        363,
        418,
        227,
        58,
        84,
        128,
        470,
        456,
        353,
        170,
        264,
        403,
        134,
        283,
        314,
        150,
        455,
        97,
        291],
    [   265,
        446,
        53,
        268,
        280,
        260,
        188,
        56,
        160,
        95,
        243,
        291,
        189,
        156,
        151,
        103,
        301,
        324,
        106,
        219,
        391,
        260,
        68,
        50,
        169,
        349,
        72,
        164,
        221,
        111,
        174,
        214,
        296,
        150,
        379,
        115,
        111,
        418,
        69,
        323,
        378,
        221,
        302,
        228,
        327,
        288,
        161,
        121,
        190,
        462,
        0,
        106,
        285,
        309,
        463,
        384,
        369,
        107,
        413,
        304,
        305,
        308,
        112,
        354,
        192,
        200,
        317,
        49,
        432,
        176],
    [   182,
        345,
        125,
        180,
        242,
        180,
        99,
        134,
        54,
        201,
        173,
        206,
        94,
        237,
        49,
        196,
        219,
        218,
        163,
        122,
        291,
        159,
        174,
        114,
        146,
        249,
        35,
        177,
        304,
        146,
        98,
        120,
        251,
        197,
        286,
        154,
        165,
        358,
        166,
        244,
        275,
        303,
        196,
        189,
        239,
        286,
        223,
        109,
        199,
        363,
        106,
        0,
        290,
        204,
        360,
        290,
        263,
        171,
        343,
        220,
        218,
        206,
        63,
        268,
        122,
        101,
        225,
        123,
        327,
        102],
    [   459,
        419,
        234,
        256,
        115,
        228,
        248,
        235,
        317,
        321,
        460,
        251,
        264,
        428,
        282,
        245,
        246,
        426,
        187,
        390,
        375,
        306,
        293,
        334,
        430,
        344,
        292,
        444,
        483,
        174,
        224,
        264,
        541,
        436,
        326,
        171,
        181,
        644,
        338,
        245,
        488,
        485,
        385,
        479,
        505,
        18,
        444,
        182,
        469,
        418,
        285,
        290,
        0,
        416,
        455,
        338,
        405,
        192,
        624,
        492,
        263,
        441,
        348,
        285,
        206,
        367,
        289,
        238,
        451,
        221],
    [   126,
        202,
        326,
        172,
        319,
        198,
        172,
        336,
        149,
        403,
        165,
        192,
        158,
        412,
        167,
        398,
        205,
        14,
        355,
        104,
        164,
        113,
        377,
        304,
        246,
        142,
        237,
        301,
        476,
        330,
        199,
        152,
        248,
        349,
        202,
        339,
        355,
        284,
        361,
        226,
        75,
        473,
        38,
        235,
        122,
        405,
        383,
        277,
        308,
        227,
        309,
        204,
        416,
        0,
        196,
        195,
        99,
        365,
        247,
        128,
        190,
        38,
        214,
        216,
        211,
        113,
        171,
        325,
        151,
        202],
    [   322,
        41,
        462,
        216,
        340,
        240,
        281,
        472,
        312,
        559,
        362,
        209,
        276,
        592,
        312,
        532,
        210,
        186,
        473,
        295,
        81,
        204,
        528,
        473,
        439,
        120,
        395,
        492,
        658,
        443,
        303,
        253,
        442,
        536,
        130,
        450,
        471,
        451,
        527,
        210,
        190,
        656,
        177,
        431,
        302,
        438,
        568,
        387,
        502,
        58,
        463,
        360,
        455,
        196,
        0,
        117,
        101,
        484,
        409,
        316,
        195,
        229,
        392,
        171,
        298,
        297,
        170,
        463,
        47,
        302],
    [   314,
        80,
        373,
        117,
        223,
        134,
        196,
        382,
        253,
        476,
        346,
        101,
        196,
        527,
        240,
        439,
        98,
        192,
        375,
        265,
        45,
        134,
        444,
        404,
        400,
        53,
        323,
        448,
        594,
        343,
        212,
        170,
        437,
        482,
        13,
        350,
        372,
        478,
        451,
        93,
        230,
        593,
        159,
        409,
        317,
        322,
        511,
        290,
        463,
        84,
        384,
        290,
        338,
        195,
        117,
        0,
        111,
        386,
        440,
        322,
        86,
        234,
        336,
        54,
        200,
        257,
        67,
        374,
        125,
        210],
    [   225,
        103,
        373,
        149,
        294,
        177,
        195,
        383,
        213,
        464,
        263,
        155,
        187,
        491,
        217,
        445,
        163,
        91,
        390,
        194,
        71,
        115,
        435,
        375,
        337,
        68,
        299,
        390,
        557,
        361,
        220,
        167,
        347,
        434,
        122,
        369,
        389,
        373,
        429,
        175,
        119,
        555,
        75,
        332,
        215,
        391,
        467,
        305,
        401,
        128,
        369,
        263,
        405,
        99,
        101,
        111,
        0,
        401,
        334,
        225,
        145,
        135,
        291,
        149,
        221,
        195,
        120,
        373,
        63,
        220],
    [   352,
        459,
        55,
        270,
        222,
        252,
        206,
        50,
        222,
        129,
        337,
        285,
        215,
        236,
        198,
        59,
        291,
        379,
        11,
        294,
        405,
        285,
        101,
        156,
        274,
        364,
        151,
        272,
        290,
        42,
        182,
        234,
        399,
        252,
        378,
        36,
        15,
        518,
        147,
        307,
        439,
        292,
        348,
        332,
        410,
        199,
        254,
        97,
        298,
        470,
        107,
        171,
        192,
        365,
        484,
        386,
        401,
        0,
        509,
        390,
        300,
        374,
        206,
        344,
        186,
        272,
        320,
        59,
        462,
        182],
    [   164,
        430,
        455,
        410,
        545,
        433,
        379,
        463,
        306,
        481,
        171,
        434,
        363,
        427,
        341,
        516,
        449,
        248,
        503,
        234,
        405,
        350,
        470,
        378,
        254,
        389,
        358,
        293,
        468,
        489,
        400,
        371,
        136,
        350,
        449,
        497,
        505,
        44,
        428,
        471,
        219,
        464,
        286,
        196,
        127,
        616,
        382,
        451,
        279,
        456,
        413,
        343,
        624,
        247,
        409,
        440,
        334,
        509,
        0,
        133,
        434,
        209,
        303,
        464,
        421,
        257,
        418,
        453,
        362,
        404],
    [   39,
        327,
        340,
        279,
        411,
        300,
        245,
        349,
        177,
        386,
        72,
        304,
        229,
        359,
        210,
        406,
        318,
        133,
        383,
        102,
        292,
        219,
        368,
        279,
        175,
        269,
        240,
        228,
        413,
        366,
        267,
        237,
        127,
        285,
        329,
        374,
        385,
        162,
        336,
        342,
        135,
        410,
        163,
        137,
        25,
        484,
        320,
        323,
        226,
        353,
        304,
        220,
        492,
        128,
        316,
        322,
        225,
        390,
        133,
        0,
        305,
        89,
        192,
        338,
        288,
        125,
        291,
        338,
        268,
        271],
    [   287,
        163,
        289,
        38,
        150,
        48,
        120,
        298,
        192,
        394,
        311,
        15,
        125,
        454,
        171,
        354,
        17,
        194,
        289,
        225,
        114,
        87,
        362,
        330,
        345,
        81,
        250,
        388,
        521,
        257,
        130,
        99,
        404,
        415,
        77,
        264,
        286,
        467,
        374,
        36,
        248,
        520,
        151,
        365,
        307,
        247,
        442,
        205,
        406,
        170,
        305,
        218,
        263,
        190,
        195,
        86,
        145,
        300,
        434,
        305,
        0,
        226,
        272,
        49,
        116,
        211,
        26,
        291,
        188,
        128],
    [   92,
        238,
        331,
        205,
        348,
        230,
        193,
        341,
        152,
        399,
        134,
        227,
        178,
        398,
        177,
        402,
        241,
        43,
        365,
        91,
        202,
        145,
        376,
        297,
        224,
        181,
        236,
        279,
        459,
        342,
        219,
        177,
        213,
        330,
        241,
        350,
        365,
        245,
        354,
        262,
        72,
        456,
        76,
        205,
        83,
        431,
        365,
        291,
        284,
        264,
        308,
        206,
        441,
        38,
        229,
        234,
        135,
        374,
        209,
        89,
        226,
        0,
        205,
        254,
        234,
        107,
        208,
        329,
        182,
        222],
    [   153,
        383,
        152,
        234,
        305,
        238,
        156,
        160,
        82,
        196,
        131,
        261,
        148,
        200,
        101,
        215,
        275,
        229,
        201,
        114,
        331,
        201,
        176,
        91,
        83,
        291,
        58,
        116,
        265,
        191,
        159,
        172,
        196,
        146,
        335,
        198,
        204,
        311,
        149,
        301,
        277,
        263,
        218,
        131,
        215,
        346,
        176,
        165,
        137,
        403,
        112,
        63,
        348,
        214,
        392,
        336,
        291,
        206,
        303,
        192,
        272,
        205,
        0,
        320,
        184,
        101,
        275,
        149,
        354,
        163],
    [   324,
        133,
        336,
        87,
        169,
        94,
        169,
        345,
        240,
        442,
        351,
        62,
        174,
        503,
        220,
        399,
        53,
        217,
        333,
        267,
        96,
        128,
        410,
        379,
        392,
        81,
        299,
        436,
        570,
        301,
        179,
        148,
        444,
        464,
        40,
        308,
        329,
        499,
        423,
        40,
        264,
        569,
        178,
        408,
        337,
        268,
        491,
        251,
        454,
        134,
        354,
        268,
        285,
        216,
        171,
        54,
        149,
        344,
        464,
        338,
        49,
        254,
        320,
        0,
        163,
        254,
        48,
        338,
        176,
        177],
    [   257,
        272,
        173,
        83,
        127,
        69,
        42,
        182,
        123,
        279,
        266,
        101,
        58,
        345,
        89,
        238,
        110,
        223,
        175,
        188,
        218,
        108,
        246,
        222,
        266,
        177,
        146,
        299,
        411,
        144,
        24,
        59,
        355,
        316,
        193,
        152,
        172,
        445,
        261,
        131,
        285,
        411,
        183,
        301,
        299,
        197,
        338,
        90,
        321,
        283,
        192,
        122,
        206,
        211,
        298,
        200,
        221,
        186,
        421,
        288,
        116,
        234,
        184,
        163,
        0,
        166,
        133,
        174,
        278,
        20],
    [   92,
        292,
        226,
        177,
        292,
        192,
        124,
        235,
        51,
        292,
        102,
        205,
        109,
        299,
        84,
        296,
        220,
        128,
        263,
        23,
        243,
        126,
        268,
        191,
        144,
        206,
        129,
        196,
        364,
        243,
        144,
        123,
        195,
        239,
        259,
        252,
        264,
        279,
        249,
        246,
        178,
        361,
        120,
        153,
        141,
        359,
        272,
        198,
        208,
        314,
        200,
        101,
        367,
        113,
        297,
        257,
        195,
        272,
        257,
        125,
        211,
        107,
        101,
        254,
        166,
        0,
        206,
        224,
        256,
        148],
    [   275,
        140,
        305,
        50,
        176,
        69,
        129,
        315,
        193,
        409,
        303,
        39,
        131,
        462,
        177,
        371,
        43,
        174,
        308,
        218,
        89,
        79,
        376,
        339,
        344,
        55,
        258,
        390,
        530,
        277,
        144,
        105,
        395,
        420,
        61,
        284,
        305,
        452,
        385,
        56,
        226,
        528,
        133,
        360,
        291,
        274,
        448,
        223,
        407,
        150,
        317,
        225,
        289,
        171,
        170,
        67,
        120,
        320,
        418,
        291,
        26,
        208,
        275,
        48,
        133,
        206,
        0,
        307,
        162,
        143],
    [   299,
        441,
        4,
        256,
        243,
        243,
        182,
        11,
        177,
        105,
        281,
        276,
        187,
        194,
        159,
        73,
        285,
        340,
        56,
        245,
        387,
        259,
        72,
        99,
        215,
        345,
        97,
        214,
        255,
        64,
        162,
        210,
        341,
        198,
        367,
        67,
        61,
        460,
        103,
        304,
        398,
        256,
        313,
        273,
        359,
        242,
        205,
        90,
        240,
        455,
        49,
        123,
        238,
        325,
        463,
        374,
        373,
        59,
        453,
        338,
        291,
        329,
        149,
        338,
        174,
        224,
        307,
        0,
        436,
        164],
    [   275,
        72,
        435,
        201,
        337,
        227,
        256,
        445,
        276,
        528,
        316,
        200,
        248,
        554,
        280,
        507,
        205,
        140,
        451,
        253,
        80,
        176,
        498,
        438,
        396,
        107,
        362,
        450,
        619,
        421,
        279,
        228,
        395,
        495,
        138,
        429,
        449,
        404,
        493,
        210,
        143,
        617,
        136,
        386,
        255,
        436,
        528,
        365,
        459,
        97,
        432,
        327,
        451,
        151,
        47,
        125,
        63,
        462,
        362,
        268,
        188,
        182,
        354,
        176,
        278,
        256,
        162,
        436,
        0,
        280],
    [   240,
        278,
        162,
        92,
        147,
        83,
        29,
        172,
        103,
        266,
        247,
        114,
        43,
        328,
        69,
        230,
        125,
        214,
        171,
        170,
        224,
        105,
        234,
        205,
        245,
        182,
        127,
        279,
        395,
        141,
        4,
        53,
        335,
        297,
        204,
        149,
        169,
        427,
        245,
        147,
        276,
        394,
        176,
        281,
        283,
        212,
        320,
        85,
        301,
        291,
        176,
        102,
        221,
        202,
        302,
        210,
        220,
        182,
        404,
        271,
        128,
        222,
        163,
        177,
        20,
        148,
        143,
        164,
        280,
        0]]
;
task=[   422,
    103,
    185,
    204,
    61,
    310,
    163,
    80,
    0,
    25,
    189,
    249,
    107,
    23,
    426,
    98,
    40,
    213,
    9,
    9,
    26,
    260,
    46,
    284,
    286,
    170,
    137,
    149,
    23,
    83,
    513,
    356,
    236,
    67,
    123,
    306,
    32,
    32,
    285,
    136,
    273,
    29,
    280,
    11,
    294,
    89,
    162,
    164,
    287,
    64,
    5,
    148,
    53,
    145,
    77,
    87,
    165,
    152,
    78,
    346,
    281,
    146,
    42,
    39,
    455,
    340,
    108,
    202,
    157,
    382]
;
minW=[   50,
    260,
    139,
    115,
    42,
    103,
    3,
    137,
    0,
    67,
    124,
    162,
    50,
    271,
    4,
    41,
    73,
    8,
    136,
    21,
    153,
    114,
    97,
    62,
    57,
    137,
    87,
    54,
    103,
    163,
    76,
    31,
    81,
    28,
    12,
    194,
    55,
    92,
    81,
    145,
    137,
    182,
    33,
    110,
    43,
    105,
    69,
    53,
    92,
    203,
    112,
    41,
    248,
    40,
    72,
    231,
    129,
    140,
    192,
    173,
    162,
    29,
    22,
    40,
    85,
    37,
    24,
    16,
    85,
    43]
;
maxW=[   384,
    468,
    683,
    372,
    704,
    648,
    712,
    487,
    720,
    334,
    494,
    384,
    134,
    703,
    126,
    543,
    333,
    205,
    672,
    151,
    509,
    250,
    557,
    471,
    666,
    717,
    377,
    701,
    395,
    192,
    246,
    150,
    329,
    293,
    638,
    564,
    333,
    578,
    566,
    326,
    499,
    627,
    584,
    686,
    616,
    384,
    285,
    457,
    444,
    621,
    597,
    55,
    365,
    477,
    566,
    385,
    252,
    322,
    558,
    711,
    432,
    607,
    665,
    309,
    221,
    606,
    534,
    640,
    469,
    567]
;