// Generated by InstanceGenerator.py v0.1
// Juan Francisco Martinez Vera
// AMMM - MIRI, FIB UPC
//
// RAND_SEED=1484822153

bigM=100000;

nLocations=80;
startLocation=49;
distances=[   [   0,
        178,
        354,
        383,
        318,
        111,
        322,
        237,
        259,
        201,
        484,
        375,
        324,
        34,
        417,
        49,
        237,
        40,
        237,
        221,
        117,
        376,
        66,
        105,
        483,
        304,
        462,
        457,
        305,
        237,
        239,
        111,
        514,
        343,
        269,
        217,
        189,
        22,
        419,
        410,
        478,
        116,
        190,
        284,
        468,
        85,
        508,
        326,
        209,
        182,
        143,
        209,
        304,
        141,
        202,
        98,
        441,
        187,
        175,
        131,
        397,
        277,
        280,
        68,
        462,
        331,
        315,
        446,
        234,
        195,
        360,
        291,
        229,
        487,
        281,
        430,
        39,
        378,
        325,
        494],
    [   178,
        0,
        425,
        358,
        218,
        123,
        391,
        416,
        407,
        232,
        553,
        491,
        443,
        155,
        338,
        226,
        358,
        162,
        129,
        398,
        63,
        481,
        245,
        204,
        563,
        459,
        545,
        472,
        301,
        389,
        207,
        273,
        598,
        294,
        234,
        381,
        353,
        192,
        422,
        483,
        410,
        268,
        184,
        202,
        559,
        220,
        580,
        437,
        272,
        5,
        142,
        339,
        303,
        220,
        42,
        176,
        515,
        362,
        155,
        63,
        505,
        193,
        172,
        111,
        533,
        410,
        286,
        542,
        408,
        178,
        327,
        351,
        193,
        419,
        356,
        369,
        142,
        410,
        437,
        576],
    [   354,
        425,
        0,
        208,
        336,
        309,
        34,
        372,
        206,
        193,
        131,
        127,
        120,
        336,
        324,
        365,
        145,
        392,
        346,
        337,
        381,
        96,
        358,
        252,
        137,
        237,
        120,
        158,
        172,
        216,
        244,
        275,
        173,
        250,
        236,
        261,
        262,
        333,
        160,
        58,
        328,
        258,
        245,
        304,
        137,
        269,
        156,
        99,
        156,
        424,
        283,
        175,
        167,
        219,
        408,
        271,
        90,
        314,
        272,
        429,
        117,
        308,
        345,
        381,
        109,
        25,
        214,
        126,
        318,
        253,
        220,
        74,
        254,
        334,
        73,
        293,
        376,
        90,
        100,
        151],
    [   383,
        358,
        208,
        0,
        176,
        286,
        192,
        509,
        372,
        184,
        277,
        335,
        317,
        352,
        118,
        418,
        293,
        410,
        236,
        474,
        344,
        304,
        421,
        286,
        303,
        419,
        299,
        133,
        80,
        372,
        155,
        362,
        339,
        72,
        125,
        406,
        393,
        371,
        82,
        239,
        124,
        343,
        197,
        165,
        323,
        321,
        304,
        297,
        201,
        355,
        250,
        308,
        83,
        252,
        323,
        285,
        259,
        440,
        220,
        392,
        326,
        174,
        209,
        373,
        267,
        217,
        73,
        323,
        464,
        196,
        32,
        172,
        168,
        131,
        203,
        85,
        385,
        124,
        298,
        318],
    [   318,
        218,
        336,
        176,
        0,
        206,
        307,
        514,
        427,
        188,
        437,
        445,
        411,
        283,
        120,
        365,
        351,
        328,
        90,
        485,
        231,
        422,
        376,
        257,
        458,
        481,
        448,
        309,
        165,
        418,
        111,
        351,
        495,
        104,
        103,
        435,
        413,
        316,
        257,
        383,
        194,
        336,
        149,
        40,
        469,
        294,
        465,
        396,
        234,
        213,
        179,
        350,
        169,
        240,
        176,
        240,
        410,
        446,
        149,
        270,
        447,
        43,
        46,
        278,
        422,
        333,
        125,
        462,
        483,
        140,
        145,
        270,
        110,
        202,
        293,
        157,
        302,
        278,
        396,
        473],
    [   111,
        123,
        309,
        286,
        206,
        0,
        274,
        324,
        287,
        122,
        439,
        367,
        319,
        77,
        307,
        158,
        234,
        127,
        129,
        300,
        72,
        358,
        171,
        82,
        446,
        341,
        427,
        379,
        213,
        270,
        133,
        166,
        480,
        237,
        164,
        269,
        242,
        110,
        334,
        367,
        370,
        156,
        89,
        172,
        439,
        107,
        465,
        314,
        153,
        124,
        35,
        216,
        214,
        97,
        123,
        55,
        399,
        261,
        67,
        121,
        382,
        165,
        169,
        87,
        418,
        291,
        214,
        421,
        305,
        90,
        259,
        236,
        122,
        379,
        237,
        324,
        101,
        308,
        313,
        459],
    [   322,
        391,
        34,
        192,
        307,
        274,
        0,
        357,
        196,
        159,
        164,
        144,
        125,
        304,
        304,
        336,
        127,
        361,
        313,
        322,
        347,
        116,
        330,
        220,
        171,
        234,
        154,
        167,
        146,
        203,
        212,
        249,
        207,
        226,
        206,
        246,
        243,
        302,
        157,
        92,
        316,
        231,
        211,
        274,
        170,
        238,
        190,
        104,
        121,
        390,
        249,
        154,
        140,
        186,
        373,
        238,
        124,
        295,
        238,
        395,
        140,
        278,
        314,
        348,
        143,
        26,
        189,
        158,
        304,
        219,
        200,
        40,
        222,
        322,
        41,
        277,
        344,
        88,
        105,
        185],
    [   237,
        416,
        372,
        509,
        514,
        324,
        357,
        0,
        171,
        340,
        472,
        309,
        271,
        262,
        584,
        193,
        230,
        262,
        451,
        35,
        354,
        331,
        173,
        256,
        455,
        170,
        431,
        524,
        430,
        156,
        410,
        162,
        472,
        499,
        432,
        110,
        116,
        224,
        506,
        408,
        627,
        178,
        365,
        475,
        423,
        220,
        486,
        288,
        309,
        419,
        340,
        205,
        427,
        276,
        436,
        277,
        432,
        69,
        366,
        367,
        339,
        471,
        486,
        306,
        451,
        347,
        460,
        397,
        55,
        374,
        498,
        351,
        406,
        635,
        323,
        580,
        275,
        443,
        287,
        460],
    [   259,
        407,
        206,
        372,
        427,
        287,
        196,
        171,
        0,
        239,
        301,
        142,
        100,
        263,
        467,
        241,
        80,
        298,
        390,
        138,
        346,
        161,
        225,
        204,
        285,
        55,
        261,
        362,
        302,
        22,
        316,
        147,
        305,
        381,
        329,
        65,
        82,
        237,
        353,
        237,
        496,
        144,
        283,
        387,
        255,
        188,
        315,
        117,
        193,
        408,
        284,
        76,
        298,
        199,
        410,
        232,
        261,
        125,
        297,
        380,
        172,
        386,
        413,
        317,
        280,
        182,
        340,
        229,
        115,
        293,
        369,
        202,
        318,
        504,
        171,
        453,
        296,
        285,
        115,
        291],
    [   201,
        232,
        193,
        184,
        188,
        122,
        159,
        340,
        239,
        0,
        320,
        275,
        233,
        173,
        244,
        234,
        164,
        232,
        163,
        308,
        193,
        258,
        237,
        102,
        330,
        293,
        313,
        259,
        104,
        230,
        77,
        183,
        366,
        159,
        93,
        250,
        230,
        188,
        218,
        251,
        292,
        165,
        53,
        148,
        328,
        137,
        348,
        222,
        49,
        231,
        91,
        162,
        102,
        68,
        214,
        103,
        282,
        270,
        79,
        242,
        283,
        148,
        176,
        205,
        300,
        179,
        123,
        314,
        302,
        63,
        165,
        118,
        79,
        300,
        127,
        244,
        210,
        186,
        222,
        344],
    [   484,
        553,
        131,
        277,
        437,
        439,
        164,
        472,
        301,
        320,
        0,
        169,
        200,
        467,
        394,
        492,
        261,
        523,
        463,
        439,
        511,
        142,
        483,
        383,
        33,
        313,
        48,
        161,
        274,
        317,
        361,
        399,
        63,
        338,
        346,
        364,
        372,
        463,
        200,
        74,
        374,
        383,
        370,
        411,
        71,
        398,
        28,
        184,
        286,
        551,
        412,
        293,
        270,
        350,
        532,
        402,
        42,
        422,
        398,
        559,
        140,
        417,
        455,
        513,
        22,
        152,
        312,
        90,
        416,
        377,
        301,
        202,
        372,
        376,
        204,
        352,
        507,
        159,
        185,
        45],
    [   375,
        491,
        127,
        335,
        445,
        367,
        144,
        309,
        142,
        275,
        169,
        0,
        51,
        369,
        448,
        369,
        138,
        416,
        438,
        278,
        437,
        33,
        356,
        292,
        147,
        144,
        124,
        275,
        289,
        162,
        342,
        271,
        163,
        370,
        342,
        208,
        222,
        352,
        286,
        124,
        456,
        261,
        328,
        410,
        114,
        292,
        178,
        53,
        226,
        491,
        351,
        166,
        283,
        270,
        483,
        318,
        135,
        268,
        352,
        479,
        30,
        412,
        446,
        421,
        151,
        117,
        332,
        87,
        253,
        338,
        344,
        176,
        350,
        461,
        152,
        420,
        407,
        217,
        54,
        151],
    [   324,
        443,
        120,
        317,
        411,
        319,
        125,
        271,
        100,
        233,
        200,
        51,
        0,
        318,
        425,
        318,
        87,
        365,
        396,
        239,
        387,
        60,
        305,
        242,
        185,
        119,
        160,
        278,
        261,
        118,
        304,
        221,
        206,
        343,
        308,
        165,
        176,
        301,
        279,
        140,
        441,
        210,
        286,
        374,
        156,
        241,
        215,
        21,
        184,
        443,
        305,
        115,
        256,
        222,
        436,
        268,
        161,
        224,
        307,
        429,
        75,
        376,
        408,
        371,
        179,
        102,
        304,
        131,
        215,
        296,
        322,
        148,
        311,
        447,
        120,
        402,
        356,
        209,
        20,
        191],
    [   34,
        155,
        336,
        352,
        283,
        77,
        304,
        262,
        263,
        173,
        467,
        369,
        318,
        0,
        383,
        82,
        231,
        59,
        203,
        243,
        92,
        367,
        97,
        84,
        469,
        312,
        448,
        431,
        275,
        243,
        205,
        120,
        501,
        310,
        235,
        228,
        200,
        38,
        391,
        393,
        444,
        119,
        157,
        249,
        456,
        77,
        492,
        318,
        186,
        158,
        108,
        205,
        274,
        118,
        173,
        70,
        426,
        207,
        141,
        117,
        389,
        242,
        245,
        54,
        446,
        315,
        283,
        435,
        253,
        161,
        328,
        270,
        195,
        453,
        263,
        397,
        40,
        354,
        317,
        481],
    [   417,
        338,
        324,
        118,
        120,
        307,
        304,
        584,
        467,
        244,
        394,
        448,
        425,
        383,
        0,
        460,
        387,
        434,
        209,
        552,
        345,
        419,
        468,
        337,
        421,
        518,
        417,
        241,
        166,
        464,
        180,
        426,
        456,
        86,
        153,
        491,
        473,
        411,
        194,
        357,
        74,
        408,
        229,
        139,
        442,
        375,
        420,
        406,
        279,
        333,
        274,
        396,
        170,
        310,
        296,
        327,
        377,
        515,
        241,
        387,
        441,
        147,
        166,
        387,
        384,
        330,
        127,
        441,
        545,
        223,
        103,
        277,
        188,
        82,
        306,
        48,
        407,
        243,
        407,
        436],
    [   49,
        226,
        365,
        418,
        365,
        158,
        336,
        193,
        241,
        234,
        492,
        369,
        318,
        82,
        460,
        0,
        235,
        69,
        286,
        180,
        166,
        374,
        20,
        132,
        488,
        281,
        466,
        481,
        338,
        219,
        280,
        97,
        517,
        383,
        309,
        190,
        163,
        49,
        446,
        418,
        518,
        109,
        231,
        329,
        469,
        100,
        514,
        324,
        231,
        230,
        187,
        204,
        336,
        168,
        251,
        134,
        449,
        150,
        219,
        174,
        393,
        323,
        328,
        115,
        470,
        341,
        352,
        445,
        197,
        237,
        396,
        309,
        271,
        527,
        294,
        470,
        83,
        400,
        323,
        498],
    [   237,
        358,
        145,
        293,
        351,
        234,
        127,
        230,
        80,
        164,
        261,
        138,
        87,
        231,
        387,
        235,
        0,
        278,
        323,
        195,
        301,
        139,
        224,
        156,
        254,
        131,
        231,
        294,
        222,
        80,
        241,
        139,
        281,
        301,
        251,
        120,
        117,
        215,
        278,
        190,
        417,
        126,
        213,
        312,
        233,
        153,
        281,
        88,
        116,
        359,
        224,
        31,
        218,
        139,
        354,
        182,
        219,
        169,
        231,
        342,
        159,
        312,
        341,
        283,
        239,
        119,
        260,
        210,
        178,
        223,
        289,
        124,
        244,
        424,
        94,
        373,
        269,
        213,
        87,
        263],
    [   40,
        162,
        392,
        410,
        328,
        127,
        361,
        262,
        298,
        232,
        523,
        416,
        365,
        59,
        434,
        69,
        278,
        0,
        242,
        250,
        107,
        417,
        90,
        141,
        523,
        343,
        502,
        490,
        333,
        277,
        260,
        150,
        554,
        364,
        290,
        253,
        226,
        63,
        450,
        449,
        498,
        156,
        213,
        297,
        508,
        126,
        547,
        367,
        244,
        166,
        162,
        250,
        333,
        177,
        192,
        129,
        481,
        219,
        194,
        105,
        438,
        289,
        287,
        53,
        501,
        370,
        339,
        486,
        266,
        216,
        384,
        328,
        249,
        507,
        319,
        451,
        26,
        413,
        366,
        535],
    [   237,
        129,
        346,
        236,
        90,
        129,
        313,
        451,
        390,
        163,
        463,
        438,
        396,
        203,
        209,
        286,
        323,
        242,
        0,
        425,
        141,
        420,
        300,
        198,
        479,
        445,
        465,
        360,
        193,
        377,
        102,
        290,
        516,
        168,
        120,
        385,
        360,
        239,
        308,
        400,
        281,
        277,
        110,
        73,
        483,
        231,
        492,
        385,
        212,
        125,
        112,
        314,
        196,
        191,
        89,
        174,
        430,
        387,
        93,
        179,
        445,
        64,
        45,
        190,
        446,
        337,
        167,
        471,
        428,
        100,
        204,
        273,
        91,
        290,
        288,
        240,
        216,
        309,
        385,
        494],
    [   221,
        398,
        337,
        474,
        485,
        300,
        322,
        35,
        138,
        308,
        439,
        278,
        239,
        243,
        552,
        180,
        195,
        250,
        425,
        0,
        335,
        299,
        160,
        228,
        423,
        143,
        399,
        489,
        396,
        122,
        379,
        135,
        442,
        466,
        400,
        76,
        81,
        205,
        471,
        374,
        594,
        149,
        335,
        445,
        392,
        194,
        454,
        255,
        275,
        401,
        313,
        170,
        393,
        246,
        415,
        250,
        399,
        38,
        338,
        352,
        308,
        442,
        459,
        289,
        418,
        312,
        427,
        366,
        26,
        344,
        464,
        316,
        376,
        602,
        288,
        547,
        260,
        408,
        253,
        429],
    [   117,
        63,
        381,
        344,
        231,
        72,
        347,
        354,
        346,
        193,
        511,
        437,
        387,
        92,
        345,
        166,
        301,
        107,
        141,
        335,
        0,
        429,
        184,
        145,
        518,
        397,
        500,
        446,
        277,
        327,
        188,
        210,
        553,
        287,
        218,
        318,
        290,
        129,
        399,
        439,
        414,
        206,
        152,
        205,
        511,
        158,
        538,
        383,
        225,
        66,
        101,
        280,
        278,
        167,
        85,
        119,
        472,
        299,
        125,
        49,
        453,
        197,
        187,
        53,
        490,
        363,
        270,
        493,
        345,
        150,
        314,
        309,
        175,
        423,
        310,
        370,
        84,
        378,
        383,
        531],
    [   376,
        481,
        96,
        304,
        422,
        358,
        116,
        331,
        161,
        258,
        142,
        33,
        60,
        367,
        419,
        374,
        139,
        417,
        420,
        299,
        429,
        0,
        362,
        287,
        124,
        171,
        100,
        242,
        262,
        179,
        322,
        277,
        145,
        343,
        320,
        226,
        236,
        353,
        253,
        91,
        424,
        265,
        312,
        388,
        96,
        291,
        154,
        50,
        212,
        481,
        340,
        169,
        257,
        262,
        470,
        311,
        105,
        285,
        337,
        473,
        25,
        391,
        426,
        418,
        122,
        90,
        306,
        71,
        275,
        321,
        316,
        152,
        331,
        430,
        132,
        390,
        406,
        185,
        51,
        130],
    [   66,
        245,
        358,
        421,
        376,
        171,
        330,
        173,
        225,
        237,
        483,
        356,
        305,
        97,
        468,
        20,
        224,
        90,
        300,
        160,
        184,
        362,
        0,
        135,
        478,
        263,
        455,
        479,
        341,
        203,
        287,
        85,
        506,
        390,
        316,
        172,
        146,
        60,
        446,
        410,
        525,
        100,
        239,
        340,
        458,
        100,
        505,
        312,
        230,
        248,
        197,
        193,
        339,
        169,
        269,
        141,
        441,
        130,
        229,
        194,
        381,
        334,
        341,
        134,
        461,
        333,
        357,
        434,
        177,
        245,
        401,
        305,
        280,
        533,
        288,
        477,
        103,
        397,
        311,
        488],
    [   105,
        204,
        252,
        286,
        257,
        82,
        220,
        256,
        204,
        102,
        383,
        292,
        242,
        84,
        337,
        132,
        156,
        141,
        198,
        228,
        145,
        287,
        135,
        0,
        386,
        258,
        365,
        352,
        206,
        187,
        157,
        94,
        418,
        256,
        184,
        188,
        163,
        87,
        315,
        310,
        391,
        79,
        110,
        218,
        374,
        37,
        408,
        240,
        104,
        205,
        86,
        134,
        204,
        37,
        205,
        27,
        342,
        190,
        109,
        186,
        310,
        214,
        230,
        131,
        362,
        231,
        223,
        354,
        230,
        118,
        266,
        187,
        152,
        400,
        179,
        343,
        124,
        273,
        239,
        398],
    [   483,
        563,
        137,
        303,
        458,
        446,
        171,
        455,
        285,
        330,
        33,
        147,
        185,
        469,
        421,
        488,
        254,
        523,
        479,
        423,
        518,
        124,
        478,
        386,
        0,
        292,
        24,
        193,
        293,
        303,
        376,
        393,
        37,
        361,
        364,
        350,
        360,
        462,
        229,
        79,
        404,
        379,
        381,
        431,
        39,
        397,
        30,
        171,
        292,
        561,
        420,
        285,
        289,
        354,
        544,
        406,
        48,
        409,
        409,
        566,
        117,
        436,
        473,
        516,
        36,
        155,
        333,
        62,
        399,
        389,
        325,
        211,
        387,
        407,
        208,
        381,
        509,
        182,
        172,
        15],
    [   304,
        459,
        237,
        419,
        481,
        341,
        234,
        170,
        55,
        293,
        313,
        144,
        119,
        312,
        518,
        281,
        131,
        343,
        445,
        143,
        397,
        171,
        263,
        258,
        292,
        0,
        269,
        396,
        352,
        70,
        370,
        193,
        306,
        432,
        382,
        91,
        117,
        283,
        392,
        258,
        543,
        193,
        338,
        442,
        258,
        239,
        323,
        139,
        247,
        461,
        339,
        131,
        347,
        254,
        464,
        286,
        276,
        145,
        352,
        429,
        175,
        441,
        468,
        366,
        294,
        216,
        391,
        232,
        117,
        348,
        418,
        246,
        372,
        550,
        215,
        501,
        343,
        323,
        138,
        295],
    [   462,
        545,
        120,
        299,
        448,
        427,
        154,
        431,
        261,
        313,
        48,
        124,
        160,
        448,
        417,
        466,
        231,
        502,
        465,
        399,
        500,
        100,
        455,
        365,
        24,
        269,
        0,
        197,
        283,
        279,
        363,
        370,
        53,
        354,
        352,
        326,
        336,
        440,
        228,
        65,
        405,
        356,
        365,
        420,
        26,
        376,
        54,
        147,
        274,
        544,
        403,
        262,
        279,
        335,
        528,
        386,
        40,
        385,
        393,
        546,
        94,
        424,
        461,
        496,
        39,
        136,
        324,
        42,
        375,
        373,
        319,
        195,
        374,
        408,
        189,
        379,
        488,
        175,
        148,
        32],
    [   457,
        472,
        158,
        133,
        309,
        379,
        167,
        524,
        362,
        259,
        161,
        275,
        278,
        431,
        241,
        481,
        294,
        490,
        360,
        489,
        446,
        242,
        479,
        352,
        193,
        396,
        197,
        0,
        170,
        370,
        265,
        404,
        225,
        204,
        240,
        413,
        409,
        440,
        52,
        154,
        213,
        386,
        293,
        294,
        223,
        380,
        185,
        257,
        249,
        469,
        345,
        319,
        168,
        315,
        442,
        361,
        159,
        461,
        321,
        496,
        256,
        302,
        338,
        464,
        159,
        180,
        192,
        232,
        471,
        296,
        164,
        177,
        278,
        215,
        201,
        196,
        469,
        82,
        258,
        206],
    [   305,
        301,
        172,
        80,
        165,
        213,
        146,
        430,
        302,
        104,
        274,
        289,
        261,
        275,
        166,
        338,
        222,
        333,
        193,
        396,
        277,
        262,
        341,
        206,
        293,
        352,
        283,
        170,
        0,
        300,
        94,
        282,
        331,
        82,
        73,
        330,
        316,
        292,
        122,
        218,
        197,
        263,
        125,
        137,
        304,
        241,
        303,
        243,
        121,
        299,
        178,
        233,
        5,
        171,
        272,
        207,
        245,
        361,
        151,
        327,
        286,
        143,
        180,
        300,
        259,
        172,
        43,
        297,
        387,
        126,
        67,
        113,
        108,
        205,
        141,
        151,
        310,
        117,
        244,
        309],
    [   237,
        389,
        216,
        372,
        418,
        270,
        203,
        156,
        22,
        230,
        317,
        162,
        118,
        243,
        464,
        219,
        80,
        277,
        377,
        122,
        327,
        179,
        203,
        187,
        303,
        70,
        279,
        370,
        300,
        0,
        307,
        126,
        324,
        377,
        321,
        47,
        60,
        215,
        358,
        252,
        496,
        123,
        272,
        378,
        274,
        168,
        333,
        133,
        186,
        390,
        269,
        68,
        296,
        186,
        393,
        215,
        276,
        106,
        284,
        360,
        191,
        377,
        401,
        297,
        296,
        191,
        336,
        248,
        102,
        282,
        367,
        204,
        308,
        503,
        174,
        451,
        275,
        291,
        131,
        309],
    [   239,
        207,
        244,
        155,
        111,
        133,
        212,
        410,
        316,
        77,
        361,
        342,
        304,
        205,
        180,
        280,
        241,
        260,
        102,
        379,
        188,
        322,
        287,
        157,
        376,
        370,
        363,
        265,
        94,
        307,
        0,
        249,
        414,
        104,
        30,
        325,
        304,
        231,
        215,
        298,
        239,
        232,
        48,
        71,
        381,
        195,
        389,
        291,
        124,
        204,
        97,
        239,
        97,
        133,
        177,
        146,
        328,
        341,
        65,
        237,
        347,
        71,
        103,
        219,
        343,
        236,
        82,
        370,
        376,
        43,
        127,
        172,
        13,
        248,
        190,
        191,
        234,
        208,
        291,
        391],
    [   111,
        273,
        275,
        362,
        351,
        166,
        249,
        162,
        147,
        183,
        399,
        271,
        221,
        120,
        426,
        97,
        139,
        150,
        290,
        135,
        210,
        277,
        85,
        94,
        393,
        193,
        370,
        404,
        282,
        126,
        249,
        0,
        421,
        343,
        273,
        108,
        80,
        89,
        376,
        326,
        475,
        19,
        203,
        312,
        372,
        59,
        420,
        227,
        162,
        275,
        178,
        108,
        279,
        116,
        285,
        115,
        356,
        96,
        203,
        237,
        296,
        308,
        324,
        173,
        377,
        250,
        306,
        349,
        139,
        211,
        347,
        228,
        244,
        483,
        208,
        427,
        149,
        322,
        226,
        403],
    [   514,
        598,
        173,
        339,
        495,
        480,
        207,
        472,
        305,
        366,
        63,
        163,
        206,
        501,
        456,
        517,
        281,
        554,
        516,
        442,
        553,
        145,
        506,
        418,
        37,
        306,
        53,
        225,
        331,
        324,
        414,
        421,
        0,
        398,
        401,
        370,
        382,
        492,
        263,
        116,
        437,
        407,
        418,
        468,
        49,
        428,
        41,
        195,
        327,
        597,
        456,
        313,
        327,
        388,
        580,
        440,
        86,
        430,
        445,
        600,
        133,
        473,
        511,
        549,
        73,
        189,
        370,
        75,
        417,
        425,
        362,
        247,
        425,
        440,
        243,
        416,
        541,
        219,
        196,
        22],
    [   343,
        294,
        250,
        72,
        104,
        237,
        226,
        499,
        381,
        159,
        338,
        370,
        343,
        310,
        86,
        383,
        301,
        364,
        168,
        466,
        287,
        343,
        390,
        256,
        361,
        432,
        354,
        204,
        82,
        377,
        104,
        343,
        398,
        0,
        74,
        404,
        387,
        334,
        152,
        291,
        135,
        324,
        152,
        95,
        377,
        294,
        366,
        325,
        192,
        290,
        202,
        309,
        87,
        226,
        256,
        249,
        315,
        429,
        170,
        333,
        366,
        104,
        137,
        322,
        325,
        253,
        40,
        373,
        459,
        148,
        40,
        195,
        115,
        144,
        223,
        87,
        339,
        179,
        326,
        377],
    [   269,
        234,
        236,
        125,
        103,
        164,
        206,
        432,
        329,
        93,
        346,
        342,
        308,
        235,
        153,
        309,
        251,
        290,
        120,
        400,
        218,
        320,
        316,
        184,
        364,
        382,
        352,
        240,
        73,
        321,
        30,
        273,
        401,
        74,
        0,
        343,
        324,
        260,
        189,
        287,
        209,
        255,
        78,
        68,
        372,
        221,
        374,
        292,
        135,
        231,
        128,
        253,
        76,
        156,
        201,
        175,
        315,
        363,
        96,
        266,
        344,
        72,
        109,
        250,
        330,
        231,
        52,
        362,
        396,
        74,
        96,
        167,
        43,
        218,
        190,
        161,
        265,
        190,
        293,
        379],
    [   217,
        381,
        261,
        406,
        435,
        269,
        246,
        110,
        65,
        250,
        364,
        208,
        165,
        228,
        491,
        190,
        120,
        253,
        385,
        76,
        318,
        226,
        172,
        188,
        350,
        91,
        326,
        413,
        330,
        47,
        325,
        108,
        370,
        404,
        343,
        0,
        28,
        196,
        398,
        299,
        528,
        113,
        285,
        394,
        321,
        161,
        380,
        180,
        211,
        383,
        274,
        98,
        326,
        196,
        390,
        215,
        323,
        59,
        294,
        345,
        238,
        392,
        414,
        281,
        343,
        236,
        364,
        295,
        58,
        295,
        398,
        243,
        324,
        536,
        214,
        482,
        256,
        333,
        179,
        356],
    [   189,
        353,
        262,
        393,
        413,
        242,
        243,
        116,
        82,
        230,
        372,
        222,
        176,
        200,
        473,
        163,
        117,
        226,
        360,
        81,
        290,
        236,
        146,
        163,
        360,
        117,
        336,
        409,
        316,
        60,
        304,
        80,
        382,
        387,
        324,
        28,
        0,
        168,
        391,
        303,
        513,
        85,
        263,
        373,
        333,
        134,
        389,
        188,
        195,
        355,
        249,
        90,
        312,
        173,
        363,
        188,
        330,
        51,
        270,
        317,
        251,
        370,
        390,
        253,
        350,
        236,
        348,
        307,
        72,
        272,
        383,
        235,
        303,
        521,
        208,
        467,
        228,
        328,
        187,
        367],
    [   22,
        192,
        333,
        371,
        316,
        110,
        302,
        224,
        237,
        188,
        463,
        352,
        301,
        38,
        411,
        49,
        215,
        63,
        239,
        205,
        129,
        353,
        60,
        87,
        462,
        283,
        440,
        440,
        292,
        215,
        231,
        89,
        492,
        334,
        260,
        196,
        168,
        0,
        403,
        389,
        469,
        93,
        182,
        280,
        446,
        64,
        486,
        303,
        191,
        195,
        138,
        186,
        290,
        125,
        212,
        86,
        420,
        170,
        170,
        149,
        375,
        274,
        280,
        85,
        441,
        310,
        304,
        423,
        217,
        187,
        349,
        272,
        222,
        478,
        260,
        422,
        59,
        361,
        303,
        473],
    [   419,
        422,
        160,
        82,
        257,
        334,
        157,
        506,
        353,
        218,
        200,
        286,
        279,
        391,
        194,
        446,
        278,
        450,
        308,
        471,
        399,
        253,
        446,
        315,
        229,
        392,
        228,
        52,
        122,
        358,
        215,
        376,
        263,
        152,
        189,
        398,
        391,
        403,
        0,
        175,
        176,
        357,
        247,
        241,
        254,
        346,
        226,
        258,
        215,
        420,
        299,
        300,
        121,
        278,
        391,
        321,
        188,
        441,
        274,
        449,
        271,
        249,
        285,
        420,
        193,
        177,
        140,
        257,
        456,
        249,
        111,
        155,
        229,
        180,
        184,
        152,
        428,
        69,
        259,
        243],
    [   410,
        483,
        58,
        239,
        383,
        367,
        92,
        408,
        237,
        251,
        74,
        124,
        140,
        393,
        357,
        418,
        190,
        449,
        400,
        374,
        439,
        91,
        410,
        310,
        79,
        258,
        65,
        154,
        218,
        252,
        298,
        326,
        116,
        291,
        287,
        299,
        303,
        389,
        175,
        0,
        351,
        310,
        302,
        354,
        86,
        324,
        99,
        121,
        214,
        482,
        341,
        221,
        214,
        277,
        464,
        329,
        32,
        355,
        330,
        487,
        101,
        359,
        396,
        439,
        52,
        78,
        259,
        83,
        353,
        309,
        257,
        132,
        309,
        355,
        131,
        322,
        434,
        114,
        122,
        93],
    [   478,
        410,
        328,
        124,
        194,
        370,
        316,
        627,
        496,
        292,
        374,
        456,
        441,
        444,
        74,
        518,
        417,
        498,
        281,
        594,
        414,
        424,
        525,
        391,
        404,
        543,
        405,
        213,
        197,
        496,
        239,
        475,
        437,
        135,
        209,
        528,
        513,
        469,
        176,
        351,
        0,
        456,
        287,
        209,
        430,
        428,
        398,
        420,
        318,
        406,
        336,
        430,
        201,
        360,
        370,
        384,
        365,
        558,
        303,
        458,
        444,
        218,
        240,
        454,
        369,
        340,
        168,
        434,
        584,
        283,
        129,
        297,
        249,
        8,
        328,
        47,
        472,
        239,
        421,
        418],
    [   116,
        268,
        258,
        343,
        336,
        156,
        231,
        178,
        144,
        165,
        383,
        261,
        210,
        119,
        408,
        109,
        126,
        156,
        277,
        149,
        206,
        265,
        100,
        79,
        379,
        193,
        356,
        386,
        263,
        123,
        232,
        19,
        407,
        324,
        255,
        113,
        85,
        93,
        357,
        310,
        456,
        0,
        187,
        296,
        359,
        48,
        405,
        214,
        143,
        270,
        165,
        95,
        260,
        98,
        277,
        103,
        341,
        110,
        189,
        236,
        284,
        293,
        310,
        173,
        361,
        233,
        287,
        336,
        150,
        195,
        328,
        209,
        228,
        465,
        190,
        409,
        152,
        303,
        213,
        389],
    [   190,
        184,
        245,
        197,
        149,
        89,
        211,
        365,
        283,
        53,
        370,
        328,
        286,
        157,
        229,
        231,
        213,
        213,
        110,
        335,
        152,
        312,
        239,
        110,
        381,
        338,
        365,
        293,
        125,
        272,
        48,
        203,
        418,
        152,
        78,
        285,
        263,
        182,
        247,
        302,
        287,
        187,
        0,
        110,
        381,
        148,
        398,
        275,
        102,
        182,
        53,
        206,
        125,
        90,
        162,
        97,
        333,
        297,
        28,
        202,
        337,
        107,
        129,
        176,
        350,
        232,
        125,
        367,
        334,
        10,
        170,
        170,
        41,
        296,
        181,
        240,
        188,
        227,
        275,
        396],
    [   284,
        202,
        304,
        165,
        40,
        172,
        274,
        475,
        387,
        148,
        411,
        410,
        374,
        249,
        139,
        329,
        312,
        297,
        73,
        445,
        205,
        388,
        340,
        218,
        431,
        442,
        420,
        294,
        137,
        378,
        71,
        312,
        468,
        95,
        68,
        394,
        373,
        280,
        241,
        354,
        209,
        296,
        110,
        0,
        440,
        256,
        440,
        359,
        195,
        198,
        142,
        310,
        141,
        200,
        163,
        202,
        382,
        407,
        111,
        248,
        413,
        9,
        44,
        248,
        396,
        299,
        102,
        431,
        444,
        100,
        133,
        236,
        70,
        218,
        257,
        167,
        270,
        253,
        360,
        446],
    [   468,
        559,
        137,
        323,
        469,
        439,
        170,
        423,
        255,
        328,
        71,
        114,
        156,
        456,
        442,
        469,
        233,
        508,
        483,
        392,
        511,
        96,
        458,
        374,
        39,
        258,
        26,
        223,
        304,
        274,
        381,
        372,
        49,
        377,
        372,
        321,
        333,
        446,
        254,
        86,
        430,
        359,
        381,
        440,
        0,
        382,
        69,
        146,
        287,
        558,
        416,
        264,
        300,
        345,
        543,
        396,
        65,
        380,
        408,
        557,
        83,
        444,
        481,
        505,
        65,
        149,
        345,
        26,
        368,
        389,
        343,
        211,
        391,
        434,
        202,
        404,
        496,
        199,
        147,
        38],
    [   85,
        220,
        269,
        321,
        294,
        107,
        238,
        220,
        188,
        137,
        398,
        292,
        241,
        77,
        375,
        100,
        153,
        126,
        231,
        194,
        158,
        291,
        100,
        37,
        397,
        239,
        376,
        380,
        241,
        168,
        195,
        59,
        428,
        294,
        221,
        161,
        134,
        64,
        346,
        324,
        428,
        48,
        148,
        256,
        382,
        0,
        422,
        242,
        130,
        222,
        119,
        127,
        239,
        69,
        228,
        56,
        356,
        155,
        145,
        192,
        313,
        251,
        265,
        131,
        376,
        245,
        260,
        360,
        198,
        156,
        302,
        209,
        190,
        437,
        196,
        380,
        115,
        299,
        241,
        409],
    [   508,
        580,
        156,
        304,
        465,
        465,
        190,
        486,
        315,
        348,
        28,
        178,
        215,
        492,
        420,
        514,
        281,
        547,
        492,
        454,
        538,
        154,
        505,
        408,
        30,
        323,
        54,
        185,
        303,
        333,
        389,
        420,
        41,
        366,
        374,
        380,
        389,
        486,
        226,
        99,
        398,
        405,
        398,
        440,
        69,
        422,
        0,
        200,
        312,
        579,
        439,
        313,
        298,
        376,
        560,
        428,
        66,
        438,
        426,
        586,
        148,
        446,
        483,
        538,
        47,
        177,
        340,
        93,
        430,
        404,
        328,
        229,
        401,
        400,
        230,
        378,
        532,
        187,
        202,
        32],
    [   326,
        437,
        99,
        297,
        396,
        314,
        104,
        288,
        117,
        222,
        184,
        53,
        21,
        318,
        406,
        324,
        88,
        367,
        385,
        255,
        383,
        50,
        312,
        240,
        171,
        139,
        147,
        257,
        243,
        133,
        291,
        227,
        195,
        325,
        292,
        180,
        188,
        303,
        258,
        121,
        420,
        214,
        275,
        359,
        146,
        242,
        200,
        0,
        173,
        437,
        298,
        119,
        238,
        217,
        429,
        265,
        143,
        238,
        298,
        426,
        71,
        362,
        394,
        370,
        163,
        81,
        286,
        122,
        232,
        285,
        303,
        130,
        298,
        426,
        103,
        382,
        357,
        188,
        1,
        179],
    [   209,
        272,
        156,
        201,
        234,
        153,
        121,
        309,
        193,
        49,
        286,
        226,
        184,
        186,
        279,
        231,
        116,
        244,
        212,
        275,
        225,
        212,
        230,
        104,
        292,
        247,
        274,
        249,
        121,
        186,
        124,
        162,
        327,
        192,
        135,
        211,
        195,
        191,
        215,
        214,
        318,
        143,
        102,
        195,
        287,
        130,
        312,
        173,
        0,
        271,
        129,
        118,
        118,
        67,
        258,
        117,
        246,
        240,
        125,
        273,
        237,
        196,
        225,
        227,
        265,
        138,
        152,
        270,
        267,
        111,
        188,
        85,
        128,
        326,
        84,
        271,
        226,
        169,
        173,
        306],
    [   182,
        5,
        424,
        355,
        213,
        124,
        390,
        419,
        408,
        231,
        551,
        491,
        443,
        158,
        333,
        230,
        359,
        166,
        125,
        401,
        66,
        481,
        248,
        205,
        561,
        461,
        544,
        469,
        299,
        390,
        204,
        275,
        597,
        290,
        231,
        383,
        355,
        195,
        420,
        482,
        406,
        270,
        182,
        198,
        558,
        222,
        579,
        437,
        271,
        0,
        142,
        340,
        301,
        221,
        37,
        177,
        514,
        365,
        153,
        68,
        505,
        189,
        167,
        115,
        532,
        409,
        283,
        542,
        411,
        176,
        323,
        350,
        191,
        415,
        356,
        365,
        146,
        408,
        437,
        575],
    [   143,
        142,
        283,
        250,
        179,
        35,
        249,
        340,
        284,
        91,
        412,
        351,
        305,
        108,
        274,
        187,
        224,
        162,
        112,
        313,
        101,
        340,
        197,
        86,
        420,
        339,
        403,
        345,
        178,
        269,
        97,
        178,
        456,
        202,
        128,
        274,
        249,
        138,
        299,
        341,
        336,
        165,
        53,
        142,
        416,
        119,
        439,
        298,
        129,
        142,
        0,
        210,
        179,
        85,
        131,
        63,
        373,
        275,
        32,
        151,
        364,
        136,
        146,
        122,
        391,
        267,
        178,
        400,
        316,
        54,
        223,
        209,
        87,
        345,
        214,
        289,
        136,
        276,
        297,
        434],
    [   209,
        339,
        175,
        308,
        350,
        216,
        154,
        205,
        76,
        162,
        293,
        166,
        115,
        205,
        396,
        204,
        31,
        250,
        314,
        170,
        280,
        169,
        193,
        134,
        285,
        131,
        262,
        319,
        233,
        68,
        239,
        108,
        313,
        309,
        253,
        98,
        90,
        186,
        300,
        221,
        430,
        95,
        206,
        310,
        264,
        127,
        313,
        119,
        118,
        340,
        210,
        0,
        229,
        124,
        338,
        162,
        250,
        141,
        221,
        318,
        189,
        310,
        336,
        258,
        271,
        149,
        269,
        241,
        156,
        216,
        301,
        145,
        241,
        438,
        118,
        385,
        242,
        237,
        118,
        295],
    [   304,
        303,
        167,
        83,
        169,
        214,
        140,
        427,
        298,
        102,
        270,
        283,
        256,
        274,
        170,
        336,
        218,
        333,
        196,
        393,
        278,
        257,
        339,
        204,
        289,
        347,
        279,
        168,
        5,
        296,
        97,
        279,
        327,
        87,
        76,
        326,
        312,
        290,
        121,
        214,
        201,
        260,
        125,
        141,
        300,
        239,
        298,
        238,
        118,
        301,
        179,
        229,
        0,
        169,
        274,
        206,
        241,
        358,
        152,
        328,
        281,
        147,
        184,
        300,
        254,
        167,
        48,
        292,
        383,
        128,
        71,
        108,
        110,
        209,
        136,
        155,
        309,
        113,
        239,
        304],
    [   141,
        220,
        219,
        252,
        240,
        97,
        186,
        276,
        199,
        68,
        350,
        270,
        222,
        118,
        310,
        168,
        139,
        177,
        191,
        246,
        167,
        262,
        169,
        37,
        354,
        254,
        335,
        315,
        171,
        186,
        133,
        116,
        388,
        226,
        156,
        196,
        173,
        125,
        278,
        277,
        360,
        98,
        90,
        200,
        345,
        69,
        376,
        217,
        67,
        221,
        85,
        124,
        169,
        0,
        215,
        51,
        309,
        208,
        98,
        212,
        286,
        197,
        218,
        162,
        329,
        199,
        191,
        326,
        243,
        99,
        233,
        152,
        130,
        368,
        146,
        312,
        158,
        236,
        216,
        367],
    [   202,
        42,
        408,
        323,
        176,
        123,
        373,
        436,
        410,
        214,
        532,
        483,
        436,
        173,
        296,
        251,
        354,
        192,
        89,
        415,
        85,
        470,
        269,
        205,
        544,
        464,
        528,
        442,
        272,
        393,
        177,
        285,
        580,
        256,
        201,
        390,
        363,
        212,
        391,
        464,
        370,
        277,
        162,
        163,
        543,
        228,
        560,
        429,
        258,
        37,
        131,
        338,
        274,
        215,
        0,
        178,
        496,
        378,
        135,
        103,
        495,
        154,
        130,
        138,
        513,
        394,
        252,
        528,
        423,
        155,
        291,
        333,
        164,
        378,
        342,
        329,
        169,
        384,
        428,
        558],
    [   98,
        176,
        271,
        285,
        240,
        55,
        238,
        277,
        232,
        103,
        402,
        318,
        268,
        70,
        327,
        134,
        182,
        129,
        174,
        250,
        119,
        311,
        141,
        27,
        406,
        286,
        386,
        361,
        207,
        215,
        146,
        115,
        440,
        249,
        175,
        215,
        188,
        86,
        321,
        329,
        384,
        103,
        97,
        202,
        396,
        56,
        428,
        265,
        117,
        177,
        63,
        162,
        206,
        51,
        178,
        0,
        361,
        212,
        90,
        161,
        335,
        197,
        209,
        110,
        381,
        251,
        218,
        377,
        254,
        104,
        263,
        203,
        139,
        393,
        198,
        336,
        108,
        284,
        264,
        419],
    [   441,
        515,
        90,
        259,
        410,
        399,
        124,
        432,
        261,
        282,
        42,
        135,
        161,
        426,
        377,
        449,
        219,
        481,
        430,
        399,
        472,
        105,
        441,
        342,
        48,
        276,
        40,
        159,
        245,
        276,
        328,
        356,
        86,
        315,
        315,
        323,
        330,
        420,
        188,
        32,
        365,
        341,
        333,
        382,
        65,
        356,
        66,
        143,
        246,
        514,
        373,
        250,
        241,
        309,
        496,
        361,
        0,
        381,
        361,
        520,
        108,
        387,
        425,
        471,
        20,
        110,
        285,
        72,
        376,
        340,
        279,
        164,
        339,
        369,
        163,
        339,
        466,
        135,
        145,
        63],
    [   187,
        362,
        314,
        440,
        446,
        261,
        295,
        69,
        125,
        270,
        422,
        268,
        224,
        207,
        515,
        150,
        169,
        219,
        387,
        38,
        299,
        285,
        130,
        190,
        409,
        145,
        385,
        461,
        361,
        106,
        341,
        96,
        430,
        429,
        363,
        59,
        51,
        170,
        441,
        355,
        558,
        110,
        297,
        407,
        380,
        155,
        438,
        238,
        240,
        365,
        275,
        141,
        358,
        208,
        378,
        212,
        381,
        0,
        299,
        319,
        297,
        403,
        420,
        255,
        400,
        288,
        391,
        354,
        47,
        306,
        429,
        286,
        338,
        567,
        259,
        511,
        227,
        379,
        236,
        415],
    [   175,
        155,
        272,
        220,
        149,
        67,
        238,
        366,
        297,
        79,
        398,
        352,
        307,
        141,
        241,
        219,
        231,
        194,
        93,
        338,
        125,
        337,
        229,
        109,
        409,
        352,
        393,
        321,
        151,
        284,
        65,
        203,
        445,
        170,
        96,
        294,
        270,
        170,
        274,
        330,
        303,
        189,
        28,
        111,
        408,
        145,
        426,
        298,
        125,
        153,
        32,
        221,
        152,
        98,
        135,
        90,
        361,
        299,
        0,
        175,
        362,
        106,
        120,
        153,
        379,
        259,
        147,
        393,
        339,
        24,
        192,
        198,
        54,
        312,
        207,
        256,
        168,
        255,
        298,
        423],
    [   131,
        63,
        429,
        392,
        270,
        121,
        395,
        367,
        380,
        242,
        559,
        479,
        429,
        117,
        387,
        174,
        342,
        105,
        179,
        352,
        49,
        473,
        194,
        186,
        566,
        429,
        546,
        496,
        327,
        360,
        237,
        237,
        600,
        333,
        266,
        345,
        317,
        149,
        449,
        487,
        458,
        236,
        202,
        248,
        557,
        192,
        586,
        426,
        273,
        68,
        151,
        318,
        328,
        212,
        103,
        161,
        520,
        319,
        175,
        0,
        497,
        239,
        224,
        64,
        539,
        410,
        319,
        539,
        366,
        200,
        362,
        357,
        223,
        466,
        357,
        414,
        91,
        427,
        426,
        579],
    [   397,
        505,
        117,
        326,
        447,
        382,
        140,
        339,
        172,
        283,
        140,
        30,
        75,
        389,
        441,
        393,
        159,
        438,
        445,
        308,
        453,
        25,
        381,
        310,
        117,
        175,
        94,
        256,
        286,
        191,
        347,
        296,
        133,
        366,
        344,
        238,
        251,
        375,
        271,
        101,
        444,
        284,
        337,
        413,
        83,
        313,
        148,
        71,
        237,
        505,
        364,
        189,
        281,
        286,
        495,
        335,
        108,
        297,
        362,
        497,
        0,
        416,
        451,
        440,
        122,
        114,
        329,
        57,
        284,
        346,
        338,
        177,
        356,
        449,
        157,
        410,
        428,
        204,
        72,
        121],
    [   277,
        193,
        308,
        174,
        43,
        165,
        278,
        471,
        386,
        148,
        417,
        412,
        376,
        242,
        147,
        323,
        312,
        289,
        64,
        442,
        197,
        391,
        334,
        214,
        436,
        441,
        424,
        302,
        143,
        377,
        71,
        308,
        473,
        104,
        72,
        392,
        370,
        274,
        249,
        359,
        218,
        293,
        107,
        9,
        444,
        251,
        446,
        362,
        196,
        189,
        136,
        310,
        147,
        197,
        154,
        197,
        387,
        403,
        106,
        239,
        416,
        0,
        37,
        241,
        401,
        303,
        110,
        435,
        441,
        97,
        141,
        239,
        68,
        227,
        260,
        176,
        263,
        259,
        362,
        451],
    [   280,
        172,
        345,
        209,
        46,
        169,
        314,
        486,
        413,
        176,
        455,
        446,
        408,
        245,
        166,
        328,
        341,
        287,
        45,
        459,
        187,
        426,
        341,
        230,
        473,
        468,
        461,
        338,
        180,
        401,
        103,
        324,
        511,
        137,
        109,
        414,
        390,
        280,
        285,
        396,
        240,
        310,
        129,
        44,
        481,
        265,
        483,
        394,
        225,
        167,
        146,
        336,
        184,
        218,
        130,
        209,
        425,
        420,
        120,
        224,
        451,
        37,
        0,
        235,
        439,
        338,
        147,
        471,
        459,
        119,
        176,
        274,
        97,
        248,
        294,
        201,
        261,
        297,
        395,
        488],
    [   68,
        111,
        381,
        373,
        278,
        87,
        348,
        306,
        317,
        205,
        513,
        421,
        371,
        54,
        387,
        115,
        283,
        53,
        190,
        289,
        53,
        418,
        134,
        131,
        516,
        366,
        496,
        464,
        300,
        297,
        219,
        173,
        549,
        322,
        250,
        281,
        253,
        85,
        420,
        439,
        454,
        173,
        176,
        248,
        505,
        131,
        538,
        370,
        227,
        115,
        122,
        258,
        300,
        162,
        138,
        110,
        471,
        255,
        153,
        64,
        440,
        241,
        235,
        0,
        491,
        361,
        301,
        485,
        302,
        177,
        346,
        312,
        207,
        463,
        308,
        408,
        31,
        390,
        369,
        528],
    [   462,
        533,
        109,
        267,
        422,
        418,
        143,
        451,
        280,
        300,
        22,
        151,
        179,
        446,
        384,
        470,
        239,
        501,
        446,
        418,
        490,
        122,
        461,
        362,
        36,
        294,
        39,
        159,
        259,
        296,
        343,
        377,
        73,
        325,
        330,
        343,
        350,
        441,
        193,
        52,
        369,
        361,
        350,
        396,
        65,
        376,
        47,
        163,
        265,
        532,
        391,
        271,
        254,
        329,
        513,
        381,
        20,
        400,
        379,
        539,
        122,
        401,
        439,
        491,
        0,
        130,
        297,
        79,
        395,
        357,
        289,
        182,
        355,
        372,
        182,
        345,
        486,
        145,
        164,
        51],
    [   331,
        410,
        25,
        217,
        333,
        291,
        26,
        347,
        182,
        179,
        152,
        117,
        102,
        315,
        330,
        341,
        119,
        370,
        337,
        312,
        363,
        90,
        333,
        231,
        155,
        216,
        136,
        180,
        172,
        191,
        236,
        250,
        189,
        253,
        231,
        236,
        236,
        310,
        177,
        78,
        340,
        233,
        232,
        299,
        149,
        245,
        177,
        81,
        138,
        409,
        267,
        149,
        167,
        199,
        394,
        251,
        110,
        288,
        259,
        410,
        114,
        303,
        338,
        361,
        130,
        0,
        215,
        134,
        293,
        240,
        226,
        64,
        245,
        346,
        53,
        303,
        355,
        107,
        82,
        168],
    [   315,
        286,
        214,
        73,
        125,
        214,
        189,
        460,
        340,
        123,
        312,
        332,
        304,
        283,
        127,
        352,
        260,
        339,
        167,
        427,
        270,
        306,
        357,
        223,
        333,
        391,
        324,
        192,
        43,
        336,
        82,
        306,
        370,
        40,
        52,
        364,
        348,
        304,
        140,
        259,
        168,
        287,
        125,
        102,
        345,
        260,
        340,
        286,
        152,
        283,
        178,
        269,
        48,
        191,
        252,
        218,
        285,
        391,
        147,
        319,
        329,
        110,
        147,
        301,
        297,
        215,
        0,
        339,
        419,
        123,
        45,
        156,
        95,
        177,
        184,
        121,
        314,
        152,
        287,
        348],
    [   446,
        542,
        126,
        323,
        462,
        421,
        158,
        397,
        229,
        314,
        90,
        87,
        131,
        435,
        441,
        445,
        210,
        486,
        471,
        366,
        493,
        71,
        434,
        354,
        62,
        232,
        42,
        232,
        297,
        248,
        370,
        349,
        75,
        373,
        362,
        295,
        307,
        423,
        257,
        83,
        434,
        336,
        367,
        431,
        26,
        360,
        93,
        122,
        270,
        542,
        400,
        241,
        292,
        326,
        528,
        377,
        72,
        354,
        393,
        539,
        57,
        435,
        471,
        485,
        79,
        134,
        339,
        0,
        341,
        375,
        340,
        198,
        380,
        438,
        186,
        405,
        475,
        198,
        123,
        63],
    [   234,
        408,
        318,
        464,
        483,
        305,
        304,
        55,
        115,
        302,
        416,
        253,
        215,
        253,
        545,
        197,
        178,
        266,
        428,
        26,
        345,
        275,
        177,
        230,
        399,
        117,
        375,
        471,
        387,
        102,
        376,
        139,
        417,
        459,
        396,
        58,
        72,
        217,
        456,
        353,
        584,
        150,
        334,
        444,
        368,
        198,
        430,
        232,
        267,
        411,
        316,
        156,
        383,
        243,
        423,
        254,
        376,
        47,
        339,
        366,
        284,
        441,
        459,
        302,
        395,
        293,
        419,
        341,
        0,
        343,
        455,
        301,
        374,
        592,
        272,
        538,
        274,
        391,
        231,
        404],
    [   195,
        178,
        253,
        196,
        140,
        90,
        219,
        374,
        293,
        63,
        377,
        338,
        296,
        161,
        223,
        237,
        223,
        216,
        100,
        344,
        150,
        321,
        245,
        118,
        389,
        348,
        373,
        296,
        126,
        282,
        43,
        211,
        425,
        148,
        74,
        295,
        272,
        187,
        249,
        309,
        283,
        195,
        10,
        100,
        389,
        156,
        404,
        285,
        111,
        176,
        54,
        216,
        128,
        99,
        155,
        104,
        340,
        306,
        24,
        200,
        346,
        97,
        119,
        177,
        357,
        240,
        123,
        375,
        343,
        0,
        168,
        178,
        34,
        292,
        190,
        235,
        191,
        232,
        284,
        403],
    [   360,
        327,
        220,
        32,
        145,
        259,
        200,
        498,
        369,
        165,
        301,
        344,
        322,
        328,
        103,
        396,
        289,
        384,
        204,
        464,
        314,
        316,
        401,
        266,
        325,
        418,
        319,
        164,
        67,
        367,
        127,
        347,
        362,
        40,
        96,
        398,
        383,
        349,
        111,
        257,
        129,
        328,
        170,
        133,
        343,
        302,
        328,
        303,
        188,
        323,
        223,
        301,
        71,
        233,
        291,
        263,
        279,
        429,
        192,
        362,
        338,
        141,
        176,
        346,
        289,
        226,
        45,
        340,
        455,
        168,
        0,
        174,
        139,
        137,
        204,
        83,
        359,
        143,
        303,
        340],
    [   291,
        351,
        74,
        172,
        270,
        236,
        40,
        351,
        202,
        118,
        202,
        176,
        148,
        270,
        277,
        309,
        124,
        328,
        273,
        316,
        309,
        152,
        305,
        187,
        211,
        246,
        195,
        177,
        113,
        204,
        172,
        228,
        247,
        195,
        167,
        243,
        235,
        272,
        155,
        132,
        297,
        209,
        170,
        236,
        211,
        209,
        229,
        130,
        85,
        350,
        209,
        145,
        108,
        152,
        333,
        203,
        164,
        286,
        198,
        357,
        177,
        239,
        274,
        312,
        182,
        64,
        156,
        198,
        301,
        178,
        174,
        0,
        181,
        304,
        30,
        255,
        310,
        94,
        130,
        225],
    [   229,
        193,
        254,
        168,
        110,
        122,
        222,
        406,
        318,
        79,
        372,
        350,
        311,
        195,
        188,
        271,
        244,
        249,
        91,
        376,
        175,
        331,
        280,
        152,
        387,
        372,
        374,
        278,
        108,
        308,
        13,
        244,
        425,
        115,
        43,
        324,
        303,
        222,
        229,
        309,
        249,
        228,
        41,
        70,
        391,
        190,
        401,
        298,
        128,
        191,
        87,
        241,
        110,
        130,
        164,
        139,
        339,
        338,
        54,
        223,
        356,
        68,
        97,
        207,
        355,
        245,
        95,
        380,
        374,
        34,
        139,
        181,
        0,
        258,
        198,
        202,
        223,
        221,
        298,
        402],
    [   487,
        419,
        334,
        131,
        202,
        379,
        322,
        635,
        504,
        300,
        376,
        461,
        447,
        453,
        82,
        527,
        424,
        507,
        290,
        602,
        423,
        430,
        533,
        400,
        407,
        550,
        408,
        215,
        205,
        503,
        248,
        483,
        440,
        144,
        218,
        536,
        521,
        478,
        180,
        355,
        8,
        465,
        296,
        218,
        434,
        437,
        400,
        426,
        326,
        415,
        345,
        438,
        209,
        368,
        378,
        393,
        369,
        567,
        312,
        466,
        449,
        227,
        248,
        463,
        372,
        346,
        177,
        438,
        592,
        292,
        137,
        304,
        258,
        0,
        334,
        56,
        481,
        244,
        427,
        421],
    [   281,
        356,
        73,
        203,
        293,
        237,
        41,
        323,
        171,
        127,
        204,
        152,
        120,
        263,
        306,
        294,
        94,
        319,
        288,
        288,
        310,
        132,
        288,
        179,
        208,
        215,
        189,
        201,
        141,
        174,
        190,
        208,
        243,
        223,
        190,
        214,
        208,
        260,
        184,
        131,
        328,
        190,
        181,
        257,
        202,
        196,
        230,
        103,
        84,
        356,
        214,
        118,
        136,
        146,
        342,
        198,
        163,
        259,
        207,
        357,
        157,
        260,
        294,
        308,
        182,
        53,
        184,
        186,
        272,
        190,
        204,
        30,
        198,
        334,
        0,
        286,
        303,
        119,
        103,
        221],
    [   430,
        369,
        293,
        85,
        157,
        324,
        277,
        580,
        453,
        244,
        352,
        420,
        402,
        397,
        48,
        470,
        373,
        451,
        240,
        547,
        370,
        390,
        477,
        343,
        381,
        501,
        379,
        196,
        151,
        451,
        191,
        427,
        416,
        87,
        161,
        482,
        467,
        422,
        152,
        322,
        47,
        409,
        240,
        167,
        404,
        380,
        378,
        382,
        271,
        365,
        289,
        385,
        155,
        312,
        329,
        336,
        339,
        511,
        256,
        414,
        410,
        176,
        201,
        408,
        345,
        303,
        121,
        405,
        538,
        235,
        83,
        255,
        202,
        56,
        286,
        0,
        425,
        207,
        382,
        395],
    [   39,
        142,
        376,
        385,
        302,
        101,
        344,
        275,
        296,
        210,
        507,
        407,
        356,
        40,
        407,
        83,
        269,
        26,
        216,
        260,
        84,
        406,
        103,
        124,
        509,
        343,
        488,
        469,
        310,
        275,
        234,
        149,
        541,
        339,
        265,
        256,
        228,
        59,
        428,
        434,
        472,
        152,
        188,
        270,
        496,
        115,
        532,
        357,
        226,
        146,
        136,
        242,
        309,
        158,
        169,
        108,
        466,
        227,
        168,
        91,
        428,
        263,
        261,
        31,
        486,
        355,
        314,
        475,
        274,
        191,
        359,
        310,
        223,
        481,
        303,
        425,
        0,
        393,
        356,
        521],
    [   378,
        410,
        90,
        124,
        278,
        308,
        88,
        443,
        285,
        186,
        159,
        217,
        209,
        354,
        243,
        400,
        213,
        413,
        309,
        408,
        378,
        185,
        397,
        273,
        182,
        323,
        175,
        82,
        117,
        291,
        208,
        322,
        219,
        179,
        190,
        333,
        328,
        361,
        69,
        114,
        239,
        303,
        227,
        253,
        199,
        299,
        187,
        188,
        169,
        408,
        276,
        237,
        113,
        236,
        384,
        284,
        135,
        379,
        255,
        427,
        204,
        259,
        297,
        390,
        145,
        107,
        152,
        198,
        391,
        232,
        143,
        94,
        221,
        244,
        119,
        207,
        393,
        0,
        189,
        197],
    [   325,
        437,
        100,
        298,
        396,
        313,
        105,
        287,
        115,
        222,
        185,
        54,
        20,
        317,
        407,
        323,
        87,
        366,
        385,
        253,
        383,
        51,
        311,
        239,
        172,
        138,
        148,
        258,
        244,
        131,
        291,
        226,
        196,
        326,
        293,
        179,
        187,
        303,
        259,
        122,
        421,
        213,
        275,
        360,
        147,
        241,
        202,
        1,
        173,
        437,
        297,
        118,
        239,
        216,
        428,
        264,
        145,
        236,
        298,
        426,
        72,
        362,
        395,
        369,
        164,
        82,
        287,
        123,
        231,
        284,
        303,
        130,
        298,
        427,
        103,
        382,
        356,
        189,
        0,
        180],
    [   494,
        576,
        151,
        318,
        473,
        459,
        185,
        460,
        291,
        344,
        45,
        151,
        191,
        481,
        436,
        498,
        263,
        535,
        494,
        429,
        531,
        130,
        488,
        398,
        15,
        295,
        32,
        206,
        309,
        309,
        391,
        403,
        22,
        377,
        379,
        356,
        367,
        473,
        243,
        93,
        418,
        389,
        396,
        446,
        38,
        409,
        32,
        179,
        306,
        575,
        434,
        295,
        304,
        367,
        558,
        419,
        63,
        415,
        423,
        579,
        121,
        451,
        488,
        528,
        51,
        168,
        348,
        63,
        404,
        403,
        340,
        225,
        402,
        421,
        221,
        395,
        521,
        197,
        180,
        0]]
;
task=[   120,
    110,
    204,
    81,
    155,
    196,
    4,
    14,
    73,
    376,
    19,
    72,
    71,
    123,
    74,
    218,
    328,
    59,
    282,
    67,
    120,
    53,
    8,
    286,
    103,
    190,
    80,
    92,
    309,
    274,
    298,
    263,
    53,
    20,
    335,
    55,
    271,
    216,
    153,
    50,
    26,
    432,
    42,
    110,
    30,
    211,
    54,
    152,
    0,
    177,
    243,
    176,
    52,
    310,
    129,
    245,
    21,
    206,
    60,
    95,
    62,
    305,
    116,
    104,
    93,
    8,
    346,
    18,
    20,
    457,
    102,
    128,
    260,
    42,
    222,
    48,
    191,
    332,
    118,
    3]
;
minW=[   172,
    243,
    50,
    97,
    77,
    25,
    39,
    284,
    43,
    45,
    87,
    144,
    103,
    112,
    74,
    95,
    73,
    187,
    13,
    248,
    47,
    138,
    82,
    36,
    96,
    233,
    83,
    54,
    92,
    94,
    44,
    53,
    279,
    114,
    63,
    118,
    81,
    123,
    23,
    61,
    173,
    82,
    85,
    124,
    75,
    105,
    77,
    72,
    0,
    110,
    48,
    54,
    43,
    33,
    75,
    91,
    225,
    203,
    120,
    264,
    186,
    151,
    37,
    196,
    213,
    27,
    53,
    206,
    112,
    54,
    88,
    21,
    27,
    260,
    19,
    180,
    10,
    58,
    52,
    199]
;
maxW=[   324,
    548,
    704,
    706,
    540,
    186,
    560,
    397,
    416,
    217,
    543,
    250,
    375,
    506,
    331,
    275,
    655,
    543,
    457,
    601,
    438,
    671,
    415,
    556,
    547,
    454,
    290,
    323,
    462,
    658,
    362,
    639,
    509,
    604,
    223,
    392,
    411,
    312,
    264,
    418,
    443,
    315,
    348,
    617,
    694,
    209,
    652,
    705,
    720,
    567,
    508,
    183,
    398,
    472,
    301,
    243,
    248,
    531,
    246,
    651,
    293,
    279,
    513,
    408,
    628,
    184,
    174,
    355,
    387,
    607,
    508,
    403,
    465,
    658,
    236,
    555,
    618,
    194,
    305,
    585]
;