// Generated by InstanceGenerator.py v0.1
// Juan Francisco Martinez Vera
// AMMM - MIRI, FIB UPC
//
// RAND_SEED=1484822137

bigM=100000;

nLocations=40;
startLocation=3;
distances=[   [   0,
        266,
        108,
        324,
        331,
        378,
        188,
        296,
        336,
        108,
        447,
        216,
        329,
        259,
        176,
        275,
        110,
        307,
        153,
        185,
        171,
        344,
        177,
        239,
        327,
        288,
        165,
        345,
        156,
        91,
        214,
        152,
        309,
        45,
        201,
        81,
        154,
        95,
        396,
        289],
    [   266,
        0,
        163,
        135,
        91,
        117,
        307,
        267,
        70,
        283,
        198,
        59,
        133,
        133,
        427,
        155,
        156,
        142,
        412,
        257,
        259,
        333,
        222,
        273,
        67,
        253,
        421,
        365,
        133,
        307,
        86,
        410,
        376,
        263,
        467,
        214,
        363,
        357,
        131,
        344],
    [   108,
        163,
        0,
        218,
        223,
        271,
        180,
        280,
        234,
        129,
        338,
        123,
        222,
        195,
        264,
        217,
        36,
        238,
        249,
        146,
        139,
        341,
        174,
        244,
        228,
        216,
        272,
        302,
        51,
        146,
        134,
        247,
        284,
        100,
        306,
        54,
        207,
        195,
        290,
        257],
    [   324,
        135,
        218,
        0,
        68,
        119,
        279,
        402,
        146,
        293,
        141,
        181,
        8,
        268,
        450,
        290,
        234,
        276,
        445,
        227,
        236,
        468,
        341,
        401,
        167,
        164,
        490,
        273,
        168,
        329,
        214,
        442,
        304,
        302,
        512,
        249,
        366,
        399,
        150,
        273],
    [   331,
        91,
        223,
        68,
        0,
        58,
        324,
        355,
        79,
        322,
        115,
        148,
        61,
        220,
        476,
        240,
        228,
        218,
        466,
        270,
        277,
        420,
        312,
        364,
        102,
        226,
        494,
        338,
        179,
        354,
        177,
        464,
        364,
        318,
        528,
        265,
        400,
        416,
        87,
        333],
    [   378,
        117,
        271,
        119,
        58,
        0,
        381,
        359,
        64,
        377,
        85,
        176,
        111,
        226,
        529,
        241,
        271,
        212,
        518,
        328,
        335,
        421,
        334,
        378,
        90,
        282,
        537,
        393,
        230,
        407,
        199,
        516,
        421,
        369,
        577,
        316,
        455,
        465,
        30,
        390],
    [   188,
        307,
        180,
        279,
        324,
        381,
        0,
        456,
        370,
        80,
        421,
        289,
        287,
        374,
        198,
        396,
        214,
        414,
        209,
        53,
        47,
        513,
        342,
        411,
        374,
        153,
        310,
        165,
        178,
        112,
        309,
        205,
        121,
        142,
        284,
        135,
        104,
        190,
        409,
        105],
    [   296,
        267,
        280,
        402,
        355,
        359,
        456,
        0,
        294,
        389,
        444,
        223,
        400,
        135,
        462,
        117,
        244,
        151,
        432,
        427,
        419,
        66,
        118,
        69,
        268,
        481,
        358,
        579,
        305,
        385,
        189,
        432,
        565,
        332,
        447,
        321,
        450,
        377,
        353,
        537],
    [   336,
        70,
        234,
        146,
        79,
        64,
        370,
        294,
        0,
        352,
        150,
        123,
        140,
        161,
        498,
        177,
        226,
        148,
        483,
        318,
        322,
        356,
        274,
        314,
        26,
        295,
        489,
        408,
        202,
        377,
        141,
        481,
        427,
        334,
        538,
        284,
        432,
        428,
        65,
        396],
    [   108,
        283,
        129,
        293,
        322,
        377,
        80,
        389,
        352,
        0,
        430,
        251,
        299,
        322,
        156,
        343,
        157,
        367,
        155,
        92,
        77,
        443,
        272,
        339,
        350,
        206,
        236,
        243,
        150,
        39,
        263,
        151,
        202,
        62,
        227,
        75,
        80,
        120,
        401,
        184],
    [   447,
        198,
        338,
        141,
        115,
        85,
        421,
        444,
        150,
        430,
        0,
        257,
        133,
        311,
        587,
        327,
        344,
        295,
        579,
        368,
        377,
        505,
        419,
        464,
        175,
        297,
        610,
        398,
        293,
        464,
        283,
        577,
        437,
        432,
        643,
        378,
        506,
        530,
        93,
        408],
    [   216,
        59,
        123,
        181,
        148,
        176,
        289,
        223,
        123,
        251,
        257,
        0,
        180,
        97,
        385,
        122,
        107,
        127,
        367,
        245,
        243,
        289,
        164,
        219,
        110,
        267,
        366,
        374,
        111,
        270,
        33,
        366,
        374,
        221,
        417,
        177,
        330,
        311,
        187,
        344],
    [   329,
        133,
        222,
        8,
        61,
        111,
        287,
        400,
        140,
        299,
        133,
        180,
        0,
        266,
        456,
        288,
        237,
        272,
        451,
        234,
        243,
        466,
        342,
        400,
        162,
        172,
        494,
        281,
        172,
        335,
        214,
        448,
        312,
        308,
        518,
        254,
        373,
        404,
        142,
        281],
    [   259,
        133,
        195,
        268,
        220,
        226,
        374,
        135,
        161,
        322,
        311,
        97,
        266,
        0,
        435,
        24,
        165,
        49,
        411,
        334,
        330,
        200,
        127,
        154,
        136,
        365,
        378,
        471,
        201,
        332,
        67,
        411,
        468,
        278,
        448,
        247,
        397,
        353,
        224,
        438],
    [   176,
        427,
        264,
        450,
        476,
        529,
        198,
        462,
        498,
        156,
        587,
        385,
        456,
        435,
        0,
        452,
        279,
        484,
        34,
        238,
        224,
        501,
        346,
        398,
        492,
        350,
        163,
        351,
        299,
        122,
        388,
        32,
        292,
        164,
        94,
        213,
        94,
        85,
        552,
        290],
    [   275,
        155,
        217,
        290,
        240,
        241,
        396,
        117,
        177,
        343,
        327,
        122,
        288,
        24,
        452,
        0,
        186,
        43,
        427,
        357,
        353,
        180,
        130,
        146,
        151,
        390,
        387,
        495,
        225,
        351,
        92,
        427,
        492,
        297,
        461,
        268,
        416,
        369,
        237,
        462],
    [   110,
        156,
        36,
        234,
        228,
        271,
        214,
        244,
        226,
        157,
        344,
        107,
        237,
        165,
        279,
        186,
        0,
        210,
        260,
        183,
        175,
        304,
        138,
        208,
        217,
        250,
        266,
        338,
        76,
        168,
        109,
        259,
        320,
        116,
        311,
        82,
        232,
        204,
        287,
        294],
    [   307,
        142,
        238,
        276,
        218,
        212,
        414,
        151,
        148,
        367,
        295,
        127,
        272,
        49,
        484,
        43,
        210,
        0,
        461,
        371,
        369,
        210,
        173,
        187,
        121,
        391,
        427,
        500,
        237,
        379,
        104,
        460,
        502,
        326,
        498,
        291,
        443,
        403,
        203,
        471],
    [   153,
        412,
        249,
        445,
        466,
        518,
        209,
        432,
        483,
        155,
        579,
        367,
        451,
        411,
        34,
        427,
        260,
        461,
        0,
        242,
        228,
        469,
        316,
        366,
        476,
        357,
        130,
        368,
        288,
        116,
        367,
        3,
        311,
        149,
        75,
        201,
        108,
        58,
        539,
        306],
    [   185,
        257,
        146,
        227,
        270,
        328,
        53,
        427,
        318,
        92,
        368,
        245,
        234,
        334,
        238,
        357,
        183,
        371,
        242,
        0,
        15,
        487,
        318,
        388,
        324,
        114,
        328,
        162,
        133,
        131,
        267,
        239,
        137,
        141,
        316,
        114,
        146,
        213,
        356,
        111],
    [   171,
        259,
        139,
        236,
        277,
        335,
        47,
        419,
        322,
        77,
        377,
        243,
        243,
        330,
        224,
        353,
        175,
        369,
        228,
        15,
        0,
        479,
        309,
        379,
        326,
        129,
        313,
        174,
        132,
        116,
        264,
        224,
        146,
        127,
        302,
        103,
        133,
        198,
        362,
        122],
    [   344,
        333,
        341,
        468,
        420,
        421,
        513,
        66,
        356,
        443,
        505,
        289,
        466,
        200,
        501,
        180,
        304,
        210,
        469,
        487,
        479,
        0,
        171,
        105,
        330,
        546,
        380,
        641,
        369,
        435,
        255,
        470,
        625,
        383,
        474,
        378,
        499,
        417,
        414,
        598],
    [   177,
        222,
        174,
        341,
        312,
        334,
        342,
        118,
        274,
        272,
        419,
        164,
        342,
        127,
        346,
        130,
        138,
        173,
        316,
        318,
        309,
        171,
        0,
        70,
        252,
        387,
        259,
        476,
        210,
        266,
        135,
        317,
        455,
        213,
        339,
        207,
        331,
        261,
        339,
        430],
    [   239,
        273,
        244,
        401,
        364,
        378,
        411,
        69,
        314,
        339,
        464,
        219,
        400,
        154,
        398,
        146,
        208,
        187,
        366,
        388,
        379,
        105,
        70,
        0,
        290,
        456,
        288,
        546,
        279,
        330,
        187,
        368,
        525,
        279,
        378,
        276,
        394,
        314,
        378,
        500],
    [   327,
        67,
        228,
        167,
        102,
        90,
        374,
        268,
        26,
        350,
        175,
        110,
        162,
        136,
        492,
        151,
        217,
        121,
        476,
        324,
        326,
        330,
        252,
        290,
        0,
        309,
        475,
        423,
        201,
        374,
        123,
        475,
        438,
        328,
        528,
        280,
        430,
        420,
        87,
        407],
    [   288,
        253,
        216,
        164,
        226,
        282,
        153,
        481,
        295,
        206,
        297,
        267,
        172,
        365,
        350,
        390,
        250,
        391,
        357,
        114,
        129,
        546,
        387,
        456,
        309,
        0,
        441,
        113,
        177,
        246,
        298,
        353,
        140,
        248,
        431,
        208,
        256,
        327,
        313,
        111],
    [   165,
        421,
        272,
        490,
        494,
        537,
        310,
        358,
        489,
        236,
        610,
        366,
        494,
        378,
        163,
        387,
        266,
        427,
        130,
        328,
        313,
        380,
        259,
        288,
        475,
        441,
        0,
        475,
        322,
        199,
        354,
        133,
        425,
        195,
        98,
        244,
        225,
        120,
        552,
        415],
    [   345,
        365,
        302,
        273,
        338,
        393,
        165,
        579,
        408,
        243,
        398,
        374,
        281,
        471,
        351,
        495,
        338,
        500,
        368,
        162,
        174,
        641,
        476,
        546,
        423,
        113,
        475,
        0,
        273,
        277,
        403,
        364,
        64,
        300,
        442,
        276,
        259,
        355,
        423,
        61],
    [   156,
        133,
        51,
        168,
        179,
        230,
        178,
        305,
        202,
        150,
        293,
        111,
        172,
        201,
        299,
        225,
        76,
        237,
        288,
        133,
        132,
        369,
        210,
        279,
        201,
        177,
        322,
        273,
        0,
        177,
        134,
        285,
        266,
        139,
        350,
        86,
        230,
        237,
        253,
        237],
    [   91,
        307,
        146,
        329,
        354,
        407,
        112,
        385,
        377,
        39,
        464,
        270,
        335,
        332,
        122,
        351,
        168,
        379,
        116,
        131,
        116,
        435,
        266,
        330,
        374,
        246,
        199,
        277,
        177,
        0,
        277,
        113,
        231,
        54,
        187,
        93,
        65,
        81,
        430,
        217],
    [   214,
        86,
        134,
        214,
        177,
        199,
        309,
        189,
        141,
        263,
        283,
        33,
        214,
        67,
        388,
        92,
        109,
        104,
        367,
        267,
        264,
        255,
        135,
        187,
        123,
        298,
        354,
        403,
        134,
        277,
        0,
        367,
        400,
        226,
        413,
        188,
        340,
        310,
        207,
        370],
    [   152,
        410,
        247,
        442,
        464,
        516,
        205,
        432,
        481,
        151,
        577,
        366,
        448,
        411,
        32,
        427,
        259,
        460,
        3,
        239,
        224,
        470,
        317,
        368,
        475,
        353,
        133,
        364,
        285,
        113,
        367,
        0,
        307,
        147,
        78,
        199,
        104,
        57,
        537,
        303],
    [   309,
        376,
        284,
        304,
        364,
        421,
        121,
        565,
        427,
        202,
        437,
        374,
        312,
        468,
        292,
        492,
        320,
        502,
        311,
        137,
        146,
        625,
        455,
        525,
        438,
        140,
        425,
        64,
        266,
        231,
        400,
        307,
        0,
        263,
        385,
        249,
        204,
        305,
        451,
        31],
    [   45,
        263,
        100,
        302,
        318,
        369,
        142,
        332,
        334,
        62,
        432,
        221,
        308,
        278,
        164,
        297,
        116,
        326,
        149,
        141,
        127,
        383,
        213,
        279,
        328,
        248,
        195,
        300,
        139,
        54,
        226,
        147,
        263,
        0,
        210,
        53,
        120,
        97,
        390,
        244],
    [   201,
        467,
        306,
        512,
        528,
        577,
        284,
        447,
        538,
        227,
        643,
        417,
        518,
        448,
        94,
        461,
        311,
        498,
        75,
        316,
        302,
        474,
        339,
        378,
        528,
        431,
        98,
        442,
        350,
        187,
        413,
        78,
        385,
        210,
        0,
        264,
        182,
        113,
        597,
        381],
    [   81,
        214,
        54,
        249,
        265,
        316,
        135,
        321,
        284,
        75,
        378,
        177,
        254,
        247,
        213,
        268,
        82,
        291,
        201,
        114,
        103,
        378,
        207,
        276,
        280,
        208,
        244,
        276,
        86,
        93,
        188,
        199,
        249,
        53,
        264,
        0,
        152,
        151,
        338,
        225],
    [   154,
        363,
        207,
        366,
        400,
        455,
        104,
        450,
        432,
        80,
        506,
        330,
        373,
        397,
        94,
        416,
        232,
        443,
        108,
        146,
        133,
        499,
        331,
        394,
        430,
        256,
        225,
        259,
        230,
        65,
        340,
        104,
        204,
        120,
        182,
        152,
        0,
        107,
        480,
        198],
    [   95,
        357,
        195,
        399,
        416,
        465,
        190,
        377,
        428,
        120,
        530,
        311,
        404,
        353,
        85,
        369,
        204,
        403,
        58,
        213,
        198,
        417,
        261,
        314,
        420,
        327,
        120,
        355,
        237,
        81,
        310,
        57,
        305,
        97,
        113,
        151,
        107,
        0,
        486,
        294],
    [   396,
        131,
        290,
        150,
        87,
        30,
        409,
        353,
        65,
        401,
        93,
        187,
        142,
        224,
        552,
        237,
        287,
        203,
        539,
        356,
        362,
        414,
        339,
        378,
        87,
        313,
        552,
        423,
        253,
        430,
        207,
        537,
        451,
        390,
        597,
        338,
        480,
        486,
        0,
        420],
    [   289,
        344,
        257,
        273,
        333,
        390,
        105,
        537,
        396,
        184,
        408,
        344,
        281,
        438,
        290,
        462,
        294,
        471,
        306,
        111,
        122,
        598,
        430,
        500,
        407,
        111,
        415,
        61,
        237,
        217,
        370,
        303,
        31,
        244,
        381,
        225,
        198,
        294,
        420,
        0]]
;
task=[   239,
    151,
    0,
    277,
    229,
    39,
    196,
    53,
    31,
    63,
    29,
    62,
    169,
    47,
    25,
    16,
    290,
    51,
    192,
    227,
    130,
    5,
    202,
    151,
    121,
    287,
    108,
    84,
    314,
    38,
    268,
    165,
    8,
    346,
    68,
    328,
    212,
    50,
    138,
    123]
;
minW=[   45,
    148,
    0,
    85,
    199,
    248,
    148,
    230,
    52,
    111,
    25,
    70,
    19,
    30,
    39,
    79,
    32,
    188,
    1,
    29,
    37,
    154,
    173,
    41,
    138,
    161,
    160,
    90,
    18,
    101,
    99,
    178,
    69,
    28,
    236,
    48,
    136,
    4,
    173,
    29]
;
maxW=[   391,
    224,
    720,
    574,
    496,
    575,
    235,
    613,
    392,
    344,
    529,
    694,
    390,
    450,
    335,
    283,
    64,
    270,
    259,
    649,
    655,
    535,
    292,
    608,
    527,
    395,
    657,
    397,
    382,
    685,
    427,
    361,
    593,
    289,
    534,
    285,
    717,
    655,
    300,
    713]
;