// Generated by InstanceGenerator.py v0.1
// Juan Francisco Martinez Vera
// AMMM - MIRI, FIB UPC
//
// RAND_SEED=1484819007

bigM=100000;

nLocations=80;
startLocation=9;
distances=[   [   0,
        117,
        109,
        277,
        225,
        340,
        437,
        57,
        178,
        183,
        262,
        206,
        326,
        297,
        341,
        321,
        340,
        359,
        31,
        139,
        212,
        435,
        191,
        311,
        376,
        142,
        340,
        147,
        265,
        449,
        64,
        226,
        126,
        147,
        92,
        361,
        163,
        183,
        478,
        390,
        70,
        79,
        201,
        170,
        201,
        378,
        243,
        312,
        243,
        334,
        147,
        225,
        201,
        182,
        430,
        215,
        352,
        180,
        228,
        261,
        57,
        165,
        118,
        120,
        33,
        273,
        352,
        235,
        248,
        248,
        298,
        321,
        279,
        196,
        202,
        248,
        172,
        338,
        255,
        223],
    [   117,
        0,
        124,
        239,
        330,
        231,
        344,
        62,
        118,
        154,
        179,
        118,
        298,
        293,
        230,
        341,
        305,
        358,
        137,
        123,
        270,
        387,
        173,
        274,
        385,
        35,
        327,
        260,
        201,
        347,
        122,
        157,
        204,
        75,
        200,
        344,
        85,
        160,
        370,
        281,
        89,
        188,
        167,
        108,
        184,
        360,
        322,
        216,
        294,
        235,
        33,
        325,
        164,
        77,
        361,
        112,
        263,
        240,
        165,
        269,
        63,
        274,
        81,
        38,
        88,
        166,
        325,
        166,
        302,
        131,
        232,
        311,
        287,
        207,
        113,
        204,
        98,
        221,
        142,
        153],
    [   109,
        124,
        0,
        352,
        323,
        346,
        467,
        86,
        235,
        77,
        303,
        242,
        408,
        390,
        344,
        423,
        418,
        454,
        140,
        219,
        321,
        506,
        82,
        387,
        475,
        120,
        429,
        238,
        322,
        466,
        166,
        278,
        236,
        193,
        193,
        449,
        206,
        263,
        483,
        395,
        154,
        181,
        275,
        225,
        285,
        466,
        352,
        338,
        351,
        357,
        132,
        326,
        274,
        140,
        485,
        162,
        387,
        289,
        285,
        358,
        115,
        261,
        51,
        155,
        86,
        215,
        435,
        287,
        357,
        226,
        354,
        412,
        377,
        292,
        237,
        142,
        100,
        309,
        211,
        135],
    [   277,
        239,
        352,
        0,
        349,
        228,
        227,
        267,
        121,
        394,
        116,
        145,
        59,
        89,
        234,
        162,
        65,
        140,
        265,
        137,
        206,
        158,
        413,
        34,
        176,
        265,
        99,
        333,
        67,
        266,
        216,
        96,
        228,
        164,
        286,
        109,
        156,
        93,
        318,
        257,
        207,
        285,
        77,
        131,
        79,
        124,
        273,
        163,
        198,
        179,
        255,
        332,
        78,
        291,
        168,
        316,
        156,
        200,
        82,
        101,
        239,
        327,
        319,
        201,
        277,
        345,
        86,
        91,
        208,
        264,
        70,
        89,
        107,
        112,
        146,
        441,
        332,
        313,
        310,
        383],
    [   225,
        330,
        323,
        349,
        0,
        513,
        568,
        281,
        322,
        400,
        405,
        370,
        366,
        304,
        516,
        273,
        388,
        339,
        197,
        265,
        149,
        485,
        403,
        371,
        332,
        361,
        348,
        85,
        380,
        597,
        210,
        361,
        137,
        319,
        133,
        372,
        332,
        282,
        640,
        559,
        244,
        146,
        302,
        322,
        279,
        384,
        100,
        465,
        172,
        487,
        363,
        20,
        307,
        403,
        515,
        438,
        486,
        148,
        354,
        266,
        267,
        61,
        343,
        314,
        258,
        494,
        382,
        367,
        167,
        455,
        405,
        332,
        275,
        237,
        367,
        465,
        398,
        542,
        472,
        448],
    [   340,
        231,
        346,
        228,
        513,
        0,
        139,
        293,
        192,
        340,
        118,
        143,
        271,
        317,
        7,
        390,
        260,
        363,
        350,
        248,
        399,
        284,
        363,
        241,
        401,
        226,
        320,
        464,
        162,
        122,
        314,
        159,
        376,
        200,
        404,
        321,
        184,
        239,
        138,
        49,
        283,
        396,
        223,
        191,
        252,
        332,
        466,
        65,
        404,
        55,
        214,
        502,
        217,
        214,
        218,
        212,
        99,
        380,
        170,
        323,
        283,
        470,
        295,
        220,
        318,
        200,
        290,
        156,
        415,
        131,
        161,
        315,
        333,
        299,
        147,
        356,
        267,
        108,
        172,
        290],
    [   437,
        344,
        467,
        227,
        568,
        139,
        0,
        400,
        262,
        472,
        175,
        231,
        241,
        305,
        146,
        376,
        221,
        328,
        439,
        314,
        431,
        193,
        495,
        219,
        366,
        348,
        287,
        537,
        187,
        52,
        394,
        215,
        436,
        290,
        481,
        278,
        273,
        286,
        110,
        113,
        370,
        475,
        266,
        268,
        288,
        282,
        499,
        128,
        425,
        109,
        335,
        552,
        262,
        345,
        114,
        349,
        85,
        421,
        218,
        327,
        382,
        536,
        418,
        321,
        421,
        340,
        247,
        207,
        435,
        267,
        162,
        290,
        330,
        332,
        236,
        493,
        398,
        242,
        311,
        427],
    [   57,
        62,
        86,
        267,
        281,
        293,
        400,
        0,
        153,
        145,
        229,
        169,
        321,
        304,
        292,
        340,
        332,
        368,
        83,
        133,
        247,
        422,
        159,
        302,
        390,
        84,
        343,
        205,
        241,
        407,
        89,
        199,
        169,
        114,
        147,
        363,
        129,
        177,
        432,
        343,
        69,
        135,
        190,
        144,
        198,
        379,
        288,
        272,
        275,
        293,
        90,
        279,
        189,
        124,
        406,
        158,
        317,
        215,
        204,
        273,
        29,
        222,
        70,
        78,
        26,
        215,
        348,
        208,
        282,
        192,
        274,
        326,
        291,
        207,
        164,
        207,
        118,
        282,
        197,
        173],
    [   178,
        118,
        235,
        121,
        322,
        192,
        262,
        153,
        0,
        273,
        88,
        51,
        179,
        183,
        195,
        242,
        186,
        246,
        176,
        56,
        213,
        270,
        292,
        155,
        277,
        145,
        212,
        277,
        88,
        282,
        131,
        48,
        185,
        43,
        219,
        227,
        36,
        58,
        320,
        237,
        108,
        213,
        54,
        10,
        80,
        243,
        278,
        145,
        224,
        168,
        134,
        310,
        50,
        173,
        254,
        202,
        177,
        190,
        51,
        167,
        128,
        281,
        199,
        81,
        168,
        239,
        207,
        57,
        234,
        167,
        121,
        197,
        184,
        120,
        49,
        321,
        212,
        238,
        205,
        264],
    [   183,
        154,
        77,
        394,
        400,
        340,
        472,
        145,
        273,
        0,
        324,
        265,
        452,
        444,
        337,
        485,
        459,
        508,
        214,
        271,
        391,
        539,
        22,
        428,
        533,
        132,
        480,
        316,
        353,
        463,
        234,
        309,
        309,
        229,
        270,
        497,
        239,
        312,
        471,
        386,
        214,
        257,
        321,
        262,
        336,
        514,
        427,
        347,
        420,
        363,
        144,
        403,
        318,
        127,
        508,
        131,
        400,
        359,
        318,
        415,
        174,
        338,
        77,
        192,
        155,
        172,
        479,
        317,
        427,
        210,
        382,
        463,
        434,
        351,
        261,
        65,
        73,
        280,
        180,
        72],
    [   262,
        179,
        303,
        116,
        405,
        118,
        175,
        229,
        88,
        324,
        0,
        60,
        169,
        204,
        123,
        275,
        164,
        256,
        264,
        143,
        283,
        221,
        345,
        138,
        292,
        192,
        214,
        365,
        49,
        193,
        220,
        44,
        269,
        116,
        308,
        221,
        100,
        124,
        234,
        157,
        195,
        302,
        106,
        93,
        135,
        234,
        351,
        60,
        287,
        81,
        179,
        392,
        101,
        203,
        184,
        221,
        90,
        266,
        52,
        205,
        209,
        367,
        258,
        150,
        248,
        239,
        192,
        38,
        297,
        156,
        65,
        205,
        216,
        182,
        65,
        359,
        253,
        196,
        204,
        295],
    [   206,
        118,
        242,
        145,
        370,
        143,
        231,
        169,
        51,
        265,
        60,
        0,
        203,
        221,
        145,
        286,
        204,
        281,
        212,
        106,
        264,
        275,
        286,
        175,
        314,
        133,
        243,
        321,
        90,
        243,
        172,
        49,
        233,
        59,
        262,
        254,
        43,
        107,
        276,
        190,
        143,
        254,
        97,
        49,
        127,
        269,
        329,
        105,
        275,
        127,
        120,
        360,
        92,
        149,
        244,
        172,
        148,
        242,
        62,
        212,
        151,
        327,
        198,
        90,
        190,
        201,
        230,
        55,
        285,
        122,
        117,
        230,
        226,
        170,
        4,
        304,
        196,
        187,
        165,
        242],
    [   326,
        298,
        408,
        59,
        366,
        271,
        241,
        321,
        179,
        452,
        169,
        203,
        0,
        67,
        278,
        135,
        22,
        92,
        311,
        189,
        218,
        119,
        471,
        31,
        130,
        324,
        48,
        364,
        120,
        287,
        263,
        154,
        260,
        222,
        324,
        52,
        215,
        145,
        343,
        294,
        259,
        324,
        132,
        190,
        125,
        66,
        280,
        207,
        201,
        218,
        314,
        348,
        134,
        350,
        155,
        375,
        186,
        221,
        141,
        101,
        293,
        354,
        376,
        259,
        330,
        403,
        27,
        149,
        210,
        321,
        110,
        49,
        96,
        142,
        205,
        500,
        391,
        364,
        368,
        442],
    [   297,
        293,
        390,
        89,
        304,
        317,
        305,
        304,
        183,
        444,
        204,
        221,
        67,
        0,
        324,
        73,
        90,
        64,
        276,
        173,
        155,
        181,
        460,
        86,
        93,
        324,
        46,
        311,
        155,
        349,
        232,
        176,
        210,
        222,
        277,
        70,
        220,
        132,
        403,
        346,
        236,
        280,
        129,
        193,
        108,
        85,
        214,
        253,
        135,
        268,
        315,
        285,
        133,
        356,
        223,
        386,
        243,
        163,
        162,
        40,
        274,
        298,
        366,
        255,
        307,
        421,
        77,
        174,
        143,
        344,
        158,
        28,
        29,
        101,
        222,
        498,
        391,
        399,
        387,
        445],
    [   341,
        230,
        344,
        234,
        516,
        7,
        146,
        292,
        195,
        337,
        123,
        145,
        278,
        324,
        0,
        396,
        267,
        370,
        351,
        251,
        403,
        291,
        359,
        248,
        408,
        224,
        327,
        466,
        168,
        127,
        315,
        163,
        379,
        201,
        405,
        329,
        186,
        243,
        139,
        51,
        284,
        397,
        227,
        194,
        257,
        339,
        471,
        71,
        409,
        63,
        212,
        505,
        222,
        210,
        225,
        208,
        107,
        384,
        175,
        328,
        283,
        472,
        293,
        221,
        317,
        194,
        297,
        160,
        419,
        126,
        168,
        321,
        339,
        303,
        149,
        351,
        263,
        101,
        166,
        285],
    [   321,
        341,
        423,
        162,
        273,
        390,
        376,
        340,
        242,
        485,
        275,
        286,
        135,
        73,
        396,
        0,
        156,
        68,
        296,
        218,
        133,
        233,
        499,
        158,
        60,
        375,
        94,
        300,
        227,
        421,
        257,
        243,
        212,
        276,
        280,
        112,
        277,
        186,
        476,
        419,
        271,
        286,
        189,
        251,
        162,
        120,
        175,
        326,
        102,
        341,
        367,
        253,
        194,
        410,
        288,
        442,
        316,
        155,
        230,
        74,
        310,
        282,
        407,
        304,
        337,
        482,
        135,
        242,
        106,
        408,
        232,
        86,
        59,
        134,
        285,
        543,
        439,
        468,
        448,
        495],
    [   340,
        305,
        418,
        65,
        388,
        260,
        221,
        332,
        186,
        459,
        164,
        204,
        22,
        90,
        267,
        156,
        0,
        108,
        327,
        202,
        240,
        99,
        478,
        31,
        146,
        330,
        66,
        384,
        117,
        268,
        278,
        155,
        280,
        229,
        342,
        61,
        220,
        157,
        325,
        279,
        272,
        342,
        142,
        196,
        140,
        71,
        303,
        196,
        224,
        206,
        318,
        370,
        143,
        353,
        133,
        377,
        171,
        242,
        143,
        123,
        304,
        375,
        385,
        267,
        342,
        401,
        30,
        149,
        232,
        319,
        101,
        70,
        119,
        161,
        206,
        505,
        396,
        356,
        366,
        446],
    [   359,
        358,
        454,
        140,
        339,
        363,
        328,
        368,
        246,
        508,
        256,
        281,
        92,
        64,
        370,
        68,
        108,
        0,
        337,
        237,
        194,
        168,
        525,
        122,
        38,
        388,
        43,
        358,
        206,
        376,
        294,
        234,
        263,
        286,
        331,
        51,
        283,
        197,
        433,
        386,
        300,
        336,
        192,
        256,
        173,
        54,
        242,
        298,
        166,
        311,
        379,
        318,
        196,
        420,
        230,
        448,
        278,
        210,
        220,
        97,
        338,
        342,
        431,
        319,
        370,
        482,
        80,
        230,
        172,
        403,
        202,
        50,
        79,
        163,
        282,
        562,
        455,
        452,
        447,
        509],
    [   31,
        137,
        140,
        265,
        197,
        350,
        439,
        83,
        176,
        214,
        264,
        212,
        311,
        276,
        351,
        296,
        327,
        337,
        0,
        130,
        182,
        423,
        222,
        298,
        352,
        166,
        321,
        123,
        261,
        454,
        48,
        225,
        96,
        152,
        64,
        343,
        168,
        172,
        487,
        400,
        69,
        52,
        191,
        171,
        186,
        360,
        212,
        317,
        214,
        339,
        169,
        195,
        192,
        207,
        423,
        241,
        354,
        151,
        224,
        239,
        73,
        138,
        148,
        131,
        62,
        298,
        336,
        233,
        219,
        267,
        293,
        302,
        257,
        175,
        207,
        279,
        201,
        356,
        278,
        254],
    [   139,
        123,
        219,
        137,
        265,
        248,
        314,
        133,
        56,
        271,
        143,
        106,
        189,
        173,
        251,
        218,
        202,
        237,
        130,
        0,
        163,
        296,
        287,
        172,
        262,
        157,
        210,
        222,
        131,
        336,
        82,
        100,
        128,
        65,
        166,
        230,
        73,
        44,
        376,
        294,
        70,
        161,
        61,
        57,
        65,
        246,
        225,
        201,
        179,
        223,
        150,
        253,
        61,
        194,
        292,
        227,
        230,
        138,
        96,
        145,
        103,
        224,
        193,
        86,
        140,
        273,
        216,
        107,
        189,
        209,
        162,
        193,
        164,
        84,
        102,
        326,
        221,
        288,
        241,
        277],
    [   212,
        270,
        321,
        206,
        149,
        399,
        431,
        247,
        213,
        391,
        283,
        264,
        218,
        155,
        403,
        133,
        240,
        194,
        182,
        163,
        0,
        335,
        402,
        224,
        194,
        306,
        199,
        166,
        248,
        465,
        158,
        240,
        88,
        228,
        152,
        223,
        236,
        160,
        514,
        440,
        184,
        160,
        176,
        217,
        148,
        236,
        68,
        342,
        33,
        363,
        302,
        130,
        181,
        347,
        369,
        382,
        354,
        31,
        230,
        116,
        221,
        148,
        318,
        240,
        236,
        432,
        232,
        244,
        36,
        372,
        269,
        183,
        126,
        101,
        262,
        454,
        361,
        450,
        402,
        418],
    [   435,
        387,
        506,
        158,
        485,
        284,
        193,
        422,
        270,
        539,
        221,
        275,
        119,
        181,
        291,
        233,
        99,
        168,
        423,
        296,
        335,
        0,
        560,
        125,
        199,
        407,
        140,
        483,
        186,
        246,
        375,
        230,
        379,
        313,
        441,
        120,
        301,
        252,
        304,
        285,
        366,
        441,
        235,
        280,
        237,
        114,
        395,
        229,
        316,
        229,
        395,
        465,
        235,
        424,
        79,
        443,
        184,
        340,
        221,
        219,
        395,
        473,
        468,
        351,
        434,
        457,
        103,
        221,
        324,
        374,
        158,
        154,
        210,
        260,
        278,
        580,
        472,
        390,
        423,
        517],
    [   191,
        173,
        82,
        413,
        403,
        363,
        495,
        159,
        292,
        22,
        345,
        286,
        471,
        460,
        359,
        499,
        478,
        525,
        222,
        287,
        402,
        560,
        0,
        447,
        548,
        153,
        497,
        317,
        373,
        486,
        245,
        329,
        318,
        249,
        275,
        515,
        259,
        330,
        493,
        409,
        228,
        262,
        339,
        282,
        353,
        532,
        434,
        370,
        432,
        386,
        166,
        407,
        337,
        150,
        529,
        153,
        422,
        370,
        338,
        431,
        188,
        341,
        94,
        211,
        165,
        193,
        498,
        338,
        437,
        233,
        403,
        480,
        450,
        366,
        282,
        65,
        96,
        302,
        202,
        90],
    [   311,
        274,
        387,
        34,
        371,
        241,
        219,
        302,
        155,
        428,
        138,
        175,
        31,
        86,
        248,
        158,
        31,
        122,
        298,
        172,
        224,
        125,
        447,
        0,
        160,
        299,
        78,
        361,
        89,
        262,
        250,
        125,
        256,
        198,
        317,
        82,
        189,
        127,
        318,
        265,
        242,
        316,
        112,
        165,
        111,
        96,
        290,
        176,
        212,
        188,
        288,
        353,
        113,
        323,
        144,
        347,
        158,
        223,
        113,
        111,
        274,
        353,
        354,
        236,
        312,
        373,
        55,
        119,
        221,
        291,
        79,
        75,
        111,
        138,
        177,
        474,
        366,
        333,
        338,
        415],
    [   376,
        385,
        475,
        176,
        332,
        401,
        366,
        390,
        277,
        533,
        292,
        314,
        130,
        93,
        408,
        60,
        146,
        38,
        352,
        262,
        194,
        199,
        548,
        160,
        0,
        417,
        81,
        360,
        243,
        414,
        311,
        268,
        271,
        315,
        340,
        87,
        313,
        224,
        472,
        424,
        321,
        345,
        223,
        287,
        200,
        87,
        232,
        336,
        163,
        349,
        408,
        311,
        227,
        449,
        266,
        479,
        317,
        215,
        254,
        117,
        360,
        342,
        455,
        346,
        390,
        515,
        118,
        265,
        166,
        437,
        239,
        87,
        98,
        182,
        315,
        588,
        482,
        489,
        480,
        537],
    [   142,
        35,
        120,
        265,
        361,
        226,
        348,
        84,
        145,
        132,
        192,
        133,
        324,
        324,
        224,
        375,
        330,
        388,
        166,
        157,
        306,
        407,
        153,
        299,
        417,
        0,
        356,
        289,
        221,
        346,
        156,
        177,
        239,
        102,
        230,
        372,
        109,
        192,
        363,
        275,
        124,
        218,
        196,
        134,
        216,
        388,
        357,
        220,
        329,
        238,
        12,
        357,
        193,
        42,
        376,
        77,
        271,
        275,
        187,
        301,
        94,
        304,
        70,
        70,
        110,
        133,
        352,
        185,
        337,
        110,
        250,
        341,
        319,
        241,
        129,
        175,
        67,
        199,
        112,
        120],
    [   340,
        327,
        429,
        99,
        348,
        320,
        287,
        343,
        212,
        480,
        214,
        243,
        48,
        46,
        327,
        94,
        66,
        43,
        321,
        210,
        199,
        140,
        497,
        78,
        81,
        356,
        0,
        357,
        165,
        334,
        275,
        194,
        256,
        253,
        324,
        24,
        248,
        167,
        391,
        343,
        277,
        326,
        159,
        222,
        144,
        39,
        256,
        255,
        177,
        267,
        346,
        328,
        163,
        385,
        194,
        412,
        235,
        209,
        181,
        87,
        313,
        344,
        403,
        288,
        348,
        444,
        41,
        190,
        184,
        363,
        158,
        18,
        73,
        145,
        244,
        531,
        423,
        410,
        408,
        476],
    [   147,
        260,
        238,
        333,
        85,
        464,
        537,
        205,
        277,
        316,
        365,
        321,
        364,
        311,
        466,
        300,
        384,
        358,
        123,
        222,
        166,
        483,
        317,
        361,
        360,
        289,
        357,
        0,
        350,
        559,
        150,
        322,
        104,
        264,
        61,
        381,
        280,
        251,
        597,
        512,
        183,
        71,
        272,
        275,
        256,
        396,
        150,
        423,
        198,
        445,
        292,
        93,
        275,
        330,
        501,
        363,
        452,
        148,
        318,
        270,
        197,
        25,
        262,
        251,
        181,
        421,
        384,
        330,
        197,
        390,
        379,
        339,
        284,
        223,
        317,
        381,
        319,
        479,
        401,
        367],
    [   265,
        201,
        322,
        67,
        380,
        162,
        187,
        241,
        88,
        353,
        49,
        90,
        120,
        155,
        168,
        227,
        117,
        206,
        261,
        131,
        248,
        186,
        373,
        89,
        243,
        221,
        165,
        350,
        0,
        217,
        214,
        44,
        249,
        128,
        296,
        172,
        115,
        99,
        265,
        196,
        195,
        292,
        78,
        97,
        101,
        185,
        317,
        99,
        248,
        117,
        209,
        365,
        74,
        239,
        165,
        261,
        106,
        235,
        37,
        160,
        217,
        349,
        282,
        166,
        257,
        284,
        144,
        35,
        258,
        202,
        32,
        156,
        170,
        147,
        92,
        394,
        286,
        246,
        249,
        332],
    [   449,
        347,
        466,
        266,
        597,
        122,
        52,
        407,
        282,
        463,
        193,
        243,
        287,
        349,
        127,
        421,
        268,
        376,
        454,
        336,
        465,
        246,
        486,
        262,
        414,
        346,
        334,
        559,
        217,
        0,
        413,
        237,
        462,
        302,
        501,
        327,
        286,
        314,
        58,
        81,
        385,
        495,
        294,
        285,
        319,
        332,
        534,
        137,
        463,
        115,
        334,
        582,
        290,
        336,
        167,
        335,
        111,
        453,
        243,
        367,
        393,
        561,
        416,
        330,
        430,
        318,
        296,
        230,
        473,
        253,
        197,
        336,
        372,
        365,
        247,
        477,
        390,
        212,
        292,
        412],
    [   64,
        122,
        166,
        216,
        210,
        314,
        394,
        89,
        131,
        234,
        220,
        172,
        263,
        232,
        315,
        257,
        278,
        294,
        48,
        82,
        158,
        375,
        245,
        250,
        311,
        156,
        275,
        150,
        214,
        413,
        0,
        179,
        83,
        114,
        90,
        297,
        129,
        123,
        448,
        362,
        34,
        82,
        142,
        127,
        138,
        314,
        202,
        276,
        186,
        298,
        155,
        204,
        144,
        198,
        375,
        233,
        309,
        126,
        178,
        196,
        64,
        158,
        159,
        103,
        80,
        288,
        289,
        188,
        193,
        244,
        245,
        257,
        215,
        131,
        167,
        296,
        205,
        332,
        263,
        260],
    [   226,
        157,
        278,
        96,
        361,
        159,
        215,
        199,
        48,
        309,
        44,
        49,
        154,
        176,
        163,
        243,
        155,
        234,
        225,
        100,
        240,
        230,
        329,
        125,
        268,
        177,
        194,
        322,
        44,
        237,
        179,
        0,
        225,
        85,
        266,
        205,
        72,
        80,
        278,
        200,
        157,
        260,
        63,
        56,
        93,
        220,
        308,
        104,
        246,
        126,
        165,
        348,
        58,
        198,
        207,
        221,
        130,
        222,
        13,
        171,
        176,
        324,
        238,
        123,
        216,
        249,
        180,
        9,
        256,
        169,
        75,
        183,
        184,
        140,
        51,
        351,
        243,
        225,
        214,
        290],
    [   126,
        204,
        236,
        228,
        137,
        376,
        436,
        169,
        185,
        309,
        269,
        233,
        260,
        210,
        379,
        212,
        280,
        263,
        96,
        128,
        88,
        379,
        318,
        256,
        271,
        239,
        256,
        104,
        249,
        462,
        83,
        225,
        0,
        183,
        68,
        280,
        196,
        149,
        504,
        422,
        115,
        74,
        170,
        184,
        151,
        296,
        119,
        329,
        121,
        351,
        238,
        126,
        174,
        281,
        396,
        316,
        353,
        58,
        219,
        170,
        146,
        100,
        238,
        182,
        154,
        370,
        281,
        232,
        124,
        322,
        276,
        238,
        185,
        118,
        230,
        373,
        287,
        408,
        345,
        342],
    [   147,
        75,
        193,
        164,
        319,
        200,
        290,
        114,
        43,
        229,
        116,
        59,
        222,
        222,
        201,
        276,
        229,
        286,
        152,
        65,
        228,
        313,
        249,
        198,
        315,
        102,
        253,
        264,
        128,
        302,
        114,
        85,
        183,
        0,
        204,
        269,
        16,
        91,
        335,
        248,
        83,
        196,
        93,
        32,
        115,
        286,
        289,
        165,
        245,
        187,
        93,
        310,
        90,
        134,
        292,
        165,
        206,
        201,
        91,
        202,
        92,
        271,
        155,
        38,
        132,
        208,
        250,
        94,
        254,
        144,
        160,
        238,
        219,
        146,
        55,
        278,
        169,
        225,
        176,
        222],
    [   92,
        200,
        193,
        286,
        133,
        404,
        481,
        147,
        219,
        270,
        308,
        262,
        324,
        277,
        405,
        280,
        342,
        331,
        64,
        166,
        152,
        441,
        275,
        317,
        340,
        230,
        324,
        61,
        296,
        501,
        90,
        266,
        68,
        204,
        0,
        347,
        219,
        199,
        538,
        452,
        122,
        12,
        220,
        216,
        207,
        363,
        163,
        365,
        186,
        387,
        232,
        133,
        222,
        271,
        452,
        305,
        396,
        125,
        263,
        237,
        136,
        74,
        209,
        190,
        125,
        362,
        346,
        274,
        187,
        329,
        326,
        305,
        253,
        181,
        257,
        335,
        264,
        418,
        342,
        315],
    [   361,
        344,
        449,
        109,
        372,
        321,
        278,
        363,
        227,
        497,
        221,
        254,
        52,
        70,
        329,
        112,
        61,
        51,
        343,
        230,
        223,
        120,
        515,
        82,
        87,
        372,
        24,
        381,
        172,
        327,
        297,
        205,
        280,
        269,
        347,
        0,
        263,
        186,
        384,
        341,
        297,
        350,
        176,
        238,
        164,
        16,
        279,
        257,
        200,
        268,
        362,
        352,
        179,
        400,
        179,
        426,
        232,
        233,
        192,
        111,
        333,
        368,
        421,
        305,
        368,
        455,
        31,
        200,
        207,
        373,
        161,
        42,
        97,
        168,
        256,
        548,
        439,
        416,
        419,
        491],
    [   163,
        85,
        206,
        156,
        332,
        184,
        273,
        129,
        36,
        239,
        100,
        43,
        215,
        220,
        186,
        277,
        220,
        283,
        168,
        73,
        236,
        301,
        259,
        189,
        313,
        109,
        248,
        280,
        115,
        286,
        129,
        72,
        196,
        16,
        219,
        263,
        0,
        91,
        319,
        232,
        99,
        211,
        90,
        26,
        114,
        279,
        298,
        149,
        251,
        171,
        98,
        322,
        86,
        137,
        278,
        166,
        189,
        211,
        79,
        202,
        109,
        286,
        167,
        51,
        148,
        205,
        242,
        81,
        261,
        137,
        147,
        234,
        219,
        150,
        38,
        285,
        176,
        215,
        172,
        227],
    [   183,
        160,
        263,
        93,
        282,
        239,
        286,
        177,
        58,
        312,
        124,
        107,
        145,
        132,
        243,
        186,
        157,
        197,
        172,
        44,
        160,
        252,
        330,
        127,
        224,
        192,
        167,
        251,
        99,
        314,
        123,
        80,
        149,
        91,
        199,
        186,
        91,
        0,
        358,
        281,
        114,
        196,
        21,
        66,
        24,
        203,
        227,
        184,
        168,
        206,
        183,
        268,
        24,
        225,
        253,
        256,
        204,
        141,
        72,
        111,
        148,
        249,
        235,
        122,
        185,
        296,
        171,
        85,
        178,
        225,
        127,
        151,
        128,
        62,
        105,
        365,
        258,
        295,
        263,
        312],
    [   478,
        370,
        483,
        318,
        640,
        138,
        110,
        432,
        320,
        471,
        234,
        276,
        343,
        403,
        139,
        476,
        325,
        433,
        487,
        376,
        514,
        304,
        493,
        318,
        472,
        363,
        391,
        597,
        265,
        58,
        448,
        278,
        504,
        335,
        538,
        384,
        319,
        358,
        0,
        88,
        418,
        530,
        339,
        322,
        366,
        389,
        582,
        174,
        513,
        152,
        352,
        627,
        334,
        347,
        224,
        340,
        162,
        499,
        286,
        420,
        421,
        601,
        432,
        358,
        456,
        313,
        353,
        273,
        523,
        261,
        248,
        392,
        425,
        412,
        280,
        477,
        399,
        201,
        293,
        413],
    [   390,
        281,
        395,
        257,
        559,
        49,
        113,
        343,
        237,
        386,
        157,
        190,
        294,
        346,
        51,
        419,
        279,
        386,
        400,
        294,
        440,
        285,
        409,
        265,
        424,
        275,
        343,
        512,
        196,
        81,
        362,
        200,
        422,
        248,
        452,
        341,
        232,
        281,
        88,
        0,
        332,
        444,
        263,
        238,
        292,
        349,
        508,
        97,
        443,
        78,
        263,
        547,
        258,
        260,
        212,
        256,
        108,
        423,
        210,
        356,
        333,
        517,
        344,
        270,
        368,
        236,
        309,
        196,
        453,
        175,
        187,
        340,
        364,
        339,
        195,
        397,
        313,
        131,
        212,
        332],
    [   70,
        89,
        154,
        207,
        244,
        283,
        370,
        69,
        108,
        214,
        195,
        143,
        259,
        236,
        284,
        271,
        272,
        300,
        69,
        70,
        184,
        366,
        228,
        242,
        321,
        124,
        277,
        183,
        195,
        385,
        34,
        157,
        115,
        83,
        122,
        297,
        99,
        114,
        418,
        332,
        0,
        112,
        130,
        102,
        134,
        314,
        232,
        248,
        209,
        270,
        122,
        238,
        131,
        166,
        359,
        201,
        285,
        152,
        158,
        204,
        40,
        192,
        137,
        69,
        71,
        255,
        285,
        166,
        217,
        210,
        227,
        259,
        222,
        138,
        138,
        274,
        178,
        298,
        230,
        234],
    [   79,
        188,
        181,
        285,
        146,
        396,
        475,
        135,
        213,
        257,
        302,
        254,
        324,
        280,
        397,
        286,
        342,
        336,
        52,
        161,
        160,
        441,
        262,
        316,
        345,
        218,
        326,
        71,
        292,
        495,
        82,
        260,
        74,
        196,
        12,
        350,
        211,
        196,
        530,
        444,
        112,
        0,
        217,
        209,
        205,
        365,
        174,
        358,
        193,
        380,
        221,
        146,
        219,
        259,
        450,
        293,
        390,
        132,
        258,
        240,
        125,
        86,
        197,
        180,
        112,
        350,
        347,
        268,
        196,
        318,
        322,
        308,
        257,
        182,
        250,
        323,
        251,
        407,
        330,
        302],
    [   201,
        167,
        275,
        77,
        302,
        223,
        266,
        190,
        54,
        321,
        106,
        97,
        132,
        129,
        227,
        189,
        142,
        192,
        191,
        61,
        176,
        235,
        339,
        112,
        223,
        196,
        159,
        272,
        78,
        294,
        142,
        63,
        170,
        93,
        220,
        176,
        90,
        21,
        339,
        263,
        130,
        217,
        0,
        64,
        30,
        193,
        244,
        166,
        182,
        187,
        187,
        288,
        5,
        227,
        233,
        256,
        183,
        160,
        53,
        114,
        162,
        270,
        245,
        128,
        200,
        293,
        159,
        67,
        192,
        219,
        106,
        144,
        130,
        76,
        97,
        371,
        263,
        284,
        259,
        316],
    [   170,
        108,
        225,
        131,
        322,
        191,
        268,
        144,
        10,
        262,
        93,
        49,
        190,
        193,
        194,
        251,
        196,
        256,
        171,
        57,
        217,
        280,
        282,
        165,
        287,
        134,
        222,
        275,
        97,
        285,
        127,
        56,
        184,
        32,
        216,
        238,
        26,
        66,
        322,
        238,
        102,
        209,
        64,
        0,
        89,
        254,
        281,
        148,
        230,
        170,
        124,
        311,
        60,
        163,
        262,
        192,
        183,
        193,
        60,
        176,
        120,
        279,
        188,
        70,
        160,
        230,
        217,
        65,
        239,
        159,
        130,
        208,
        193,
        126,
        45,
        310,
        201,
        233,
        197,
        253],
    [   201,
        184,
        285,
        79,
        279,
        252,
        288,
        198,
        80,
        336,
        135,
        127,
        125,
        108,
        257,
        162,
        140,
        173,
        186,
        65,
        148,
        237,
        353,
        111,
        200,
        216,
        144,
        256,
        101,
        319,
        138,
        93,
        151,
        115,
        207,
        164,
        114,
        24,
        366,
        292,
        134,
        205,
        30,
        89,
        0,
        181,
        216,
        194,
        152,
        215,
        207,
        264,
        35,
        249,
        245,
        280,
        207,
        134,
        82,
        87,
        169,
        251,
        258,
        146,
        205,
        320,
        151,
        96,
        162,
        247,
        126,
        127,
        104,
        46,
        126,
        389,
        282,
        314,
        286,
        336],
    [   378,
        360,
        466,
        124,
        384,
        332,
        282,
        379,
        243,
        514,
        234,
        269,
        66,
        85,
        339,
        120,
        71,
        54,
        360,
        246,
        236,
        114,
        532,
        96,
        87,
        388,
        39,
        396,
        185,
        332,
        314,
        220,
        296,
        286,
        363,
        16,
        279,
        203,
        389,
        349,
        314,
        365,
        193,
        254,
        181,
        0,
        290,
        268,
        212,
        277,
        378,
        364,
        195,
        415,
        179,
        441,
        240,
        248,
        207,
        126,
        350,
        382,
        438,
        321,
        385,
        469,
        41,
        215,
        218,
        387,
        173,
        57,
        112,
        184,
        271,
        564,
        455,
        428,
        434,
        507],
    [   243,
        322,
        352,
        273,
        100,
        466,
        499,
        288,
        278,
        427,
        351,
        329,
        280,
        214,
        471,
        175,
        303,
        242,
        212,
        225,
        68,
        395,
        434,
        290,
        232,
        357,
        256,
        150,
        317,
        534,
        202,
        308,
        119,
        289,
        163,
        279,
        298,
        227,
        582,
        508,
        232,
        174,
        244,
        281,
        216,
        290,
        0,
        411,
        79,
        432,
        355,
        79,
        249,
        399,
        434,
        434,
        423,
        87,
        298,
        179,
        266,
        126,
        358,
        296,
        273,
        487,
        292,
        312,
        71,
        433,
        338,
        241,
        185,
        170,
        327,
        491,
        407,
        514,
        459,
        462],
    [   312,
        216,
        338,
        163,
        465,
        65,
        128,
        272,
        145,
        347,
        60,
        105,
        207,
        253,
        71,
        326,
        196,
        298,
        317,
        201,
        342,
        229,
        370,
        176,
        336,
        220,
        255,
        423,
        99,
        137,
        276,
        104,
        329,
        165,
        365,
        257,
        149,
        184,
        174,
        97,
        248,
        358,
        166,
        148,
        194,
        268,
        411,
        0,
        345,
        22,
        208,
        452,
        161,
        221,
        172,
        230,
        53,
        326,
        113,
        260,
        256,
        426,
        290,
        195,
        295,
        233,
        226,
        99,
        355,
        152,
        96,
        249,
        269,
        241,
        110,
        374,
        274,
        163,
        200,
        308],
    [   243,
        294,
        351,
        198,
        172,
        404,
        425,
        275,
        224,
        420,
        287,
        275,
        201,
        135,
        409,
        102,
        224,
        166,
        214,
        179,
        33,
        316,
        432,
        212,
        163,
        329,
        177,
        198,
        248,
        463,
        186,
        246,
        121,
        245,
        186,
        200,
        251,
        168,
        513,
        443,
        209,
        193,
        182,
        230,
        152,
        212,
        79,
        345,
        0,
        365,
        324,
        152,
        187,
        369,
        356,
        404,
        352,
        63,
        234,
        101,
        248,
        179,
        346,
        261,
        266,
        452,
        213,
        248,
        10,
        388,
        265,
        162,
        106,
        106,
        273,
        483,
        387,
        463,
        421,
        443],
    [   334,
        235,
        357,
        179,
        487,
        55,
        109,
        293,
        168,
        363,
        81,
        127,
        218,
        268,
        63,
        341,
        206,
        311,
        339,
        223,
        363,
        229,
        386,
        188,
        349,
        238,
        267,
        445,
        117,
        115,
        298,
        126,
        351,
        187,
        387,
        268,
        171,
        206,
        152,
        78,
        270,
        380,
        187,
        170,
        215,
        277,
        432,
        22,
        365,
        0,
        226,
        474,
        182,
        236,
        167,
        242,
        46,
        347,
        134,
        277,
        278,
        448,
        309,
        216,
        316,
        240,
        236,
        120,
        375,
        162,
        110,
        263,
        286,
        262,
        132,
        387,
        289,
        161,
        209,
        320],
    [   147,
        33,
        132,
        255,
        363,
        214,
        335,
        90,
        134,
        144,
        179,
        120,
        314,
        315,
        212,
        367,
        318,
        379,
        169,
        150,
        302,
        395,
        166,
        288,
        408,
        12,
        346,
        292,
        209,
        334,
        155,
        165,
        238,
        93,
        232,
        362,
        98,
        183,
        352,
        263,
        122,
        221,
        187,
        124,
        207,
        378,
        355,
        208,
        324,
        226,
        0,
        358,
        183,
        45,
        363,
        79,
        258,
        272,
        176,
        294,
        96,
        307,
        82,
        64,
        116,
        132,
        341,
        173,
        333,
        102,
        238,
        331,
        311,
        234,
        117,
        186,
        77,
        192,
        109,
        129],
    [   225,
        325,
        326,
        332,
        20,
        502,
        552,
        279,
        310,
        403,
        392,
        360,
        348,
        285,
        505,
        253,
        370,
        318,
        195,
        253,
        130,
        465,
        407,
        353,
        311,
        357,
        328,
        93,
        365,
        582,
        204,
        348,
        126,
        310,
        133,
        352,
        322,
        268,
        627,
        547,
        238,
        146,
        288,
        311,
        264,
        364,
        79,
        452,
        152,
        474,
        358,
        0,
        292,
        400,
        498,
        435,
        471,
        131,
        340,
        247,
        263,
        68,
        343,
        307,
        258,
        491,
        363,
        353,
        146,
        448,
        390,
        312,
        256,
        221,
        356,
        468,
        397,
        534,
        467,
        449],
    [   201,
        164,
        274,
        78,
        307,
        217,
        262,
        189,
        50,
        318,
        101,
        92,
        134,
        133,
        222,
        194,
        143,
        196,
        192,
        61,
        181,
        235,
        337,
        113,
        227,
        193,
        163,
        275,
        74,
        290,
        144,
        58,
        174,
        90,
        222,
        179,
        86,
        24,
        334,
        258,
        131,
        219,
        5,
        60,
        35,
        195,
        249,
        161,
        187,
        182,
        183,
        292,
        0,
        223,
        231,
        252,
        179,
        164,
        48,
        119,
        161,
        274,
        242,
        126,
        199,
        289,
        161,
        62,
        197,
        214,
        103,
        147,
        134,
        81,
        92,
        368,
        260,
        279,
        254,
        313],
    [   182,
        77,
        140,
        291,
        403,
        214,
        345,
        124,
        173,
        127,
        203,
        149,
        350,
        356,
        210,
        410,
        353,
        420,
        207,
        194,
        347,
        424,
        150,
        323,
        449,
        42,
        385,
        330,
        239,
        336,
        198,
        198,
        281,
        134,
        271,
        400,
        137,
        225,
        347,
        260,
        166,
        259,
        227,
        163,
        249,
        415,
        399,
        221,
        369,
        236,
        45,
        400,
        223,
        0,
        386,
        35,
        274,
        317,
        209,
        336,
        136,
        346,
        89,
        108,
        150,
        90,
        377,
        205,
        378,
        86,
        266,
        371,
        354,
        278,
        147,
        156,
        53,
        168,
        74,
        92],
    [   430,
        361,
        485,
        168,
        515,
        218,
        114,
        406,
        254,
        508,
        184,
        244,
        155,
        223,
        225,
        288,
        133,
        230,
        423,
        292,
        369,
        79,
        529,
        144,
        266,
        376,
        194,
        501,
        165,
        167,
        375,
        207,
        396,
        292,
        452,
        179,
        278,
        253,
        224,
        212,
        359,
        450,
        233,
        262,
        245,
        179,
        434,
        172,
        356,
        167,
        363,
        498,
        231,
        386,
        0,
        399,
        120,
        367,
        202,
        255,
        382,
        495,
        442,
        330,
        422,
        405,
        152,
        198,
        365,
        324,
        132,
        202,
        251,
        280,
        248,
        541,
        437,
        326,
        372,
        476],
    [   215,
        112,
        162,
        316,
        438,
        212,
        349,
        158,
        202,
        131,
        221,
        172,
        375,
        386,
        208,
        442,
        377,
        448,
        241,
        227,
        382,
        443,
        153,
        347,
        479,
        77,
        412,
        363,
        261,
        335,
        233,
        221,
        316,
        165,
        305,
        426,
        166,
        256,
        340,
        256,
        201,
        293,
        256,
        192,
        280,
        441,
        434,
        230,
        404,
        242,
        79,
        435,
        252,
        35,
        399,
        0,
        283,
        352,
        234,
        367,
        171,
        380,
        113,
        142,
        182,
        57,
        402,
        228,
        412,
        81,
        285,
        399,
        384,
        311,
        170,
        144,
        63,
        150,
        50,
        78],
    [   352,
        263,
        387,
        156,
        486,
        99,
        85,
        317,
        177,
        400,
        90,
        148,
        186,
        243,
        107,
        316,
        171,
        278,
        354,
        230,
        354,
        184,
        422,
        158,
        317,
        271,
        235,
        452,
        106,
        111,
        309,
        130,
        353,
        206,
        396,
        232,
        189,
        204,
        162,
        108,
        285,
        390,
        183,
        183,
        207,
        240,
        423,
        53,
        352,
        46,
        258,
        471,
        179,
        274,
        120,
        283,
        0,
        342,
        134,
        258,
        298,
        452,
        340,
        238,
        338,
        285,
        201,
        122,
        361,
        205,
        86,
        233,
        263,
        253,
        152,
        427,
        327,
        207,
        253,
        361],
    [   180,
        240,
        289,
        200,
        148,
        380,
        421,
        215,
        190,
        359,
        266,
        242,
        221,
        163,
        384,
        155,
        242,
        210,
        151,
        138,
        31,
        340,
        370,
        223,
        215,
        275,
        209,
        148,
        235,
        453,
        126,
        222,
        58,
        201,
        125,
        233,
        211,
        141,
        499,
        423,
        152,
        132,
        160,
        193,
        134,
        248,
        87,
        326,
        63,
        347,
        272,
        131,
        164,
        317,
        367,
        352,
        342,
        0,
        213,
        123,
        190,
        134,
        286,
        211,
        205,
        403,
        239,
        227,
        67,
        346,
        259,
        192,
        136,
        89,
        239,
        423,
        330,
        426,
        374,
        386],
    [   228,
        165,
        285,
        82,
        354,
        170,
        218,
        204,
        51,
        318,
        52,
        62,
        141,
        162,
        175,
        230,
        143,
        220,
        224,
        96,
        230,
        221,
        338,
        113,
        254,
        187,
        181,
        318,
        37,
        243,
        178,
        13,
        219,
        91,
        263,
        192,
        79,
        72,
        286,
        210,
        158,
        258,
        53,
        60,
        82,
        207,
        298,
        113,
        234,
        134,
        176,
        340,
        48,
        209,
        202,
        234,
        134,
        213,
        0,
        157,
        180,
        318,
        246,
        130,
        220,
        262,
        168,
        14,
        244,
        183,
        70,
        169,
        170,
        129,
        63,
        362,
        253,
        238,
        227,
        302],
    [   261,
        269,
        358,
        101,
        266,
        323,
        327,
        273,
        167,
        415,
        205,
        212,
        101,
        40,
        328,
        74,
        123,
        97,
        239,
        145,
        116,
        219,
        431,
        111,
        117,
        301,
        87,
        270,
        160,
        367,
        196,
        171,
        170,
        202,
        237,
        111,
        202,
        111,
        420,
        356,
        204,
        240,
        114,
        176,
        87,
        126,
        179,
        260,
        101,
        277,
        294,
        247,
        119,
        336,
        255,
        367,
        258,
        123,
        157,
        0,
        243,
        257,
        338,
        231,
        273,
        407,
        116,
        171,
        110,
        333,
        171,
        69,
        18,
        66,
        211,
        472,
        367,
        396,
        373,
        422],
    [   57,
        63,
        115,
        239,
        267,
        283,
        382,
        29,
        128,
        174,
        209,
        151,
        293,
        274,
        283,
        310,
        304,
        338,
        73,
        103,
        221,
        395,
        188,
        274,
        360,
        94,
        313,
        197,
        217,
        393,
        64,
        176,
        146,
        92,
        136,
        333,
        109,
        148,
        421,
        333,
        40,
        125,
        162,
        120,
        169,
        350,
        266,
        256,
        248,
        278,
        96,
        263,
        161,
        136,
        382,
        171,
        298,
        190,
        180,
        243,
        0,
        210,
        98,
        62,
        40,
        227,
        320,
        185,
        255,
        193,
        250,
        296,
        262,
        177,
        146,
        234,
        140,
        283,
        205,
        196],
    [   165,
        274,
        261,
        327,
        61,
        470,
        536,
        222,
        281,
        338,
        367,
        327,
        354,
        298,
        472,
        282,
        375,
        342,
        138,
        224,
        148,
        473,
        341,
        353,
        342,
        304,
        344,
        25,
        349,
        561,
        158,
        324,
        100,
        271,
        74,
        368,
        286,
        249,
        601,
        517,
        192,
        86,
        270,
        279,
        251,
        382,
        126,
        426,
        179,
        448,
        307,
        68,
        274,
        346,
        495,
        380,
        452,
        134,
        318,
        257,
        210,
        0,
        282,
        262,
        198,
        437,
        373,
        331,
        177,
        402,
        377,
        326,
        270,
        215,
        323,
        403,
        337,
        490,
        416,
        387],
    [   118,
        81,
        51,
        319,
        343,
        295,
        418,
        70,
        199,
        77,
        258,
        198,
        376,
        366,
        293,
        407,
        385,
        431,
        148,
        193,
        318,
        468,
        94,
        354,
        455,
        70,
        403,
        262,
        282,
        416,
        159,
        238,
        238,
        155,
        209,
        421,
        167,
        235,
        432,
        344,
        137,
        197,
        245,
        188,
        258,
        438,
        358,
        290,
        346,
        309,
        82,
        343,
        242,
        89,
        442,
        113,
        340,
        286,
        246,
        338,
        98,
        282,
        0,
        117,
        85,
        169,
        404,
        247,
        352,
        174,
        313,
        386,
        356,
        273,
        194,
        136,
        57,
        258,
        162,
        105],
    [   120,
        38,
        155,
        201,
        314,
        220,
        321,
        78,
        81,
        192,
        150,
        90,
        259,
        255,
        221,
        304,
        267,
        319,
        131,
        86,
        240,
        351,
        211,
        236,
        346,
        70,
        288,
        251,
        166,
        330,
        103,
        123,
        182,
        38,
        190,
        305,
        51,
        122,
        358,
        270,
        69,
        180,
        128,
        70,
        146,
        321,
        296,
        195,
        261,
        216,
        64,
        307,
        126,
        108,
        330,
        142,
        238,
        211,
        130,
        231,
        62,
        262,
        117,
        0,
        100,
        191,
        286,
        132,
        270,
        141,
        198,
        272,
        249,
        170,
        86,
        243,
        136,
        228,
        163,
        191],
    [   33,
        88,
        86,
        277,
        258,
        318,
        421,
        26,
        168,
        155,
        248,
        190,
        330,
        307,
        317,
        337,
        342,
        370,
        62,
        140,
        236,
        434,
        165,
        312,
        390,
        110,
        348,
        181,
        257,
        430,
        80,
        216,
        154,
        132,
        125,
        368,
        148,
        185,
        456,
        368,
        71,
        112,
        200,
        160,
        205,
        385,
        273,
        295,
        266,
        316,
        116,
        258,
        199,
        150,
        422,
        182,
        338,
        205,
        220,
        273,
        40,
        198,
        85,
        100,
        0,
        240,
        356,
        225,
        272,
        219,
        290,
        330,
        292,
        207,
        185,
        219,
        139,
        308,
        223,
        191],
    [   273,
        166,
        215,
        345,
        494,
        200,
        340,
        215,
        239,
        172,
        239,
        201,
        403,
        421,
        194,
        482,
        401,
        482,
        298,
        273,
        432,
        457,
        193,
        373,
        515,
        133,
        444,
        421,
        284,
        318,
        288,
        249,
        370,
        208,
        362,
        455,
        205,
        296,
        313,
        236,
        255,
        350,
        293,
        230,
        320,
        469,
        487,
        233,
        452,
        240,
        132,
        491,
        289,
        90,
        405,
        57,
        285,
        403,
        262,
        407,
        227,
        437,
        169,
        191,
        240,
        0,
        428,
        254,
        461,
        83,
        304,
        431,
        423,
        355,
        200,
        165,
        115,
        113,
        35,
        104],
    [   352,
        325,
        435,
        86,
        382,
        290,
        247,
        348,
        207,
        479,
        192,
        230,
        27,
        77,
        297,
        135,
        30,
        80,
        336,
        216,
        232,
        103,
        498,
        55,
        118,
        352,
        41,
        384,
        144,
        296,
        289,
        180,
        281,
        250,
        346,
        31,
        242,
        171,
        353,
        309,
        285,
        347,
        159,
        217,
        151,
        41,
        292,
        226,
        213,
        236,
        341,
        363,
        161,
        377,
        152,
        402,
        201,
        239,
        168,
        116,
        320,
        373,
        404,
        286,
        356,
        428,
        0,
        174,
        221,
        346,
        131,
        51,
        107,
        164,
        231,
        527,
        419,
        386,
        393,
        469],
    [   235,
        166,
        287,
        91,
        367,
        156,
        207,
        208,
        57,
        317,
        38,
        55,
        149,
        174,
        160,
        242,
        149,
        230,
        233,
        107,
        244,
        221,
        338,
        119,
        265,
        185,
        190,
        330,
        35,
        230,
        188,
        9,
        232,
        94,
        274,
        200,
        81,
        85,
        273,
        196,
        166,
        268,
        67,
        65,
        96,
        215,
        312,
        99,
        248,
        120,
        173,
        353,
        62,
        205,
        198,
        228,
        122,
        227,
        14,
        171,
        185,
        331,
        247,
        132,
        225,
        254,
        174,
        0,
        258,
        173,
        66,
        179,
        183,
        143,
        58,
        359,
        251,
        226,
        219,
        298],
    [   248,
        302,
        357,
        208,
        167,
        415,
        435,
        282,
        234,
        427,
        297,
        285,
        210,
        143,
        419,
        106,
        232,
        172,
        219,
        189,
        36,
        324,
        437,
        221,
        166,
        337,
        184,
        197,
        258,
        473,
        193,
        256,
        124,
        254,
        187,
        207,
        261,
        178,
        523,
        453,
        217,
        196,
        192,
        239,
        162,
        218,
        71,
        355,
        10,
        375,
        333,
        146,
        197,
        378,
        365,
        412,
        361,
        67,
        244,
        110,
        255,
        177,
        352,
        270,
        272,
        461,
        221,
        258,
        0,
        398,
        275,
        169,
        114,
        116,
        283,
        489,
        394,
        473,
        430,
        451],
    [   248,
        131,
        226,
        264,
        455,
        131,
        267,
        192,
        167,
        210,
        156,
        122,
        321,
        344,
        126,
        408,
        319,
        403,
        267,
        209,
        372,
        374,
        233,
        291,
        437,
        110,
        363,
        390,
        202,
        253,
        244,
        169,
        322,
        144,
        329,
        373,
        137,
        225,
        261,
        175,
        210,
        318,
        219,
        159,
        247,
        387,
        433,
        152,
        388,
        162,
        102,
        448,
        214,
        86,
        324,
        81,
        205,
        346,
        183,
        333,
        193,
        402,
        174,
        141,
        219,
        83,
        346,
        173,
        398,
        0,
        221,
        352,
        349,
        286,
        122,
        225,
        137,
        89,
        48,
        159],
    [   298,
        232,
        354,
        70,
        405,
        161,
        162,
        274,
        121,
        382,
        65,
        117,
        110,
        158,
        168,
        232,
        101,
        202,
        293,
        162,
        269,
        158,
        403,
        79,
        239,
        250,
        158,
        379,
        32,
        197,
        245,
        75,
        276,
        160,
        326,
        161,
        147,
        127,
        248,
        187,
        227,
        322,
        106,
        130,
        126,
        173,
        338,
        96,
        265,
        110,
        238,
        390,
        103,
        266,
        132,
        285,
        86,
        259,
        70,
        171,
        250,
        377,
        313,
        198,
        290,
        304,
        131,
        66,
        275,
        221,
        0,
        153,
        178,
        169,
        121,
        422,
        314,
        254,
        269,
        359],
    [   321,
        311,
        412,
        89,
        332,
        315,
        290,
        326,
        197,
        463,
        205,
        230,
        49,
        28,
        321,
        86,
        70,
        50,
        302,
        193,
        183,
        154,
        480,
        75,
        87,
        341,
        18,
        339,
        156,
        336,
        257,
        183,
        238,
        238,
        305,
        42,
        234,
        151,
        392,
        340,
        259,
        308,
        144,
        208,
        127,
        57,
        241,
        249,
        162,
        263,
        331,
        312,
        147,
        371,
        202,
        399,
        233,
        192,
        169,
        69,
        296,
        326,
        386,
        272,
        330,
        431,
        51,
        179,
        169,
        352,
        153,
        0,
        57,
        127,
        231,
        516,
        408,
        402,
        396,
        461],
    [   279,
        287,
        377,
        107,
        275,
        333,
        330,
        291,
        184,
        434,
        216,
        226,
        96,
        29,
        339,
        59,
        119,
        79,
        257,
        164,
        126,
        210,
        450,
        111,
        98,
        319,
        73,
        284,
        170,
        372,
        215,
        184,
        185,
        219,
        253,
        97,
        219,
        128,
        425,
        364,
        222,
        257,
        130,
        193,
        104,
        112,
        185,
        269,
        106,
        286,
        311,
        256,
        134,
        354,
        251,
        384,
        263,
        136,
        170,
        18,
        262,
        270,
        356,
        249,
        292,
        423,
        107,
        183,
        114,
        349,
        178,
        57,
        0,
        84,
        226,
        490,
        385,
        409,
        389,
        440],
    [   196,
        207,
        292,
        112,
        237,
        299,
        332,
        207,
        120,
        351,
        182,
        170,
        142,
        101,
        303,
        134,
        161,
        163,
        175,
        84,
        101,
        260,
        366,
        138,
        182,
        241,
        145,
        223,
        147,
        365,
        131,
        140,
        118,
        146,
        181,
        168,
        150,
        62,
        412,
        339,
        138,
        182,
        76,
        126,
        46,
        184,
        170,
        241,
        106,
        262,
        234,
        221,
        81,
        278,
        280,
        311,
        253,
        89,
        129,
        66,
        177,
        215,
        273,
        170,
        207,
        355,
        164,
        143,
        116,
        286,
        169,
        127,
        84,
        0,
        168,
        408,
        305,
        358,
        322,
        360],
    [   202,
        113,
        237,
        146,
        367,
        147,
        236,
        164,
        49,
        261,
        65,
        4,
        205,
        222,
        149,
        285,
        206,
        282,
        207,
        102,
        262,
        278,
        282,
        177,
        315,
        129,
        244,
        317,
        92,
        247,
        167,
        51,
        230,
        55,
        257,
        256,
        38,
        105,
        280,
        195,
        138,
        250,
        97,
        45,
        126,
        271,
        327,
        110,
        273,
        132,
        117,
        356,
        92,
        147,
        248,
        170,
        152,
        239,
        63,
        211,
        146,
        323,
        194,
        86,
        185,
        200,
        231,
        58,
        283,
        122,
        121,
        231,
        226,
        168,
        0,
        301,
        193,
        189,
        165,
        239],
    [   248,
        204,
        142,
        441,
        465,
        356,
        493,
        207,
        321,
        65,
        359,
        304,
        500,
        498,
        351,
        543,
        505,
        562,
        279,
        326,
        454,
        580,
        65,
        474,
        588,
        175,
        531,
        381,
        394,
        477,
        296,
        351,
        373,
        278,
        335,
        548,
        285,
        365,
        477,
        397,
        274,
        323,
        371,
        310,
        389,
        564,
        491,
        374,
        483,
        387,
        186,
        468,
        368,
        156,
        541,
        144,
        427,
        423,
        362,
        472,
        234,
        403,
        136,
        243,
        219,
        165,
        527,
        359,
        489,
        225,
        422,
        516,
        490,
        408,
        301,
        0,
        108,
        278,
        185,
        66],
    [   172,
        98,
        100,
        332,
        398,
        267,
        398,
        118,
        212,
        73,
        253,
        196,
        391,
        391,
        263,
        439,
        396,
        455,
        201,
        221,
        361,
        472,
        96,
        366,
        482,
        67,
        423,
        319,
        286,
        390,
        205,
        243,
        287,
        169,
        264,
        439,
        176,
        258,
        399,
        313,
        178,
        251,
        263,
        201,
        282,
        455,
        407,
        274,
        387,
        289,
        77,
        397,
        260,
        53,
        437,
        63,
        327,
        330,
        253,
        367,
        140,
        337,
        57,
        136,
        139,
        115,
        419,
        251,
        394,
        137,
        314,
        408,
        385,
        305,
        193,
        108,
        0,
        213,
        113,
        56],
    [   338,
        221,
        309,
        313,
        542,
        108,
        242,
        282,
        238,
        280,
        196,
        187,
        364,
        399,
        101,
        468,
        356,
        452,
        356,
        288,
        450,
        390,
        302,
        333,
        489,
        199,
        410,
        479,
        246,
        212,
        332,
        225,
        408,
        225,
        418,
        416,
        215,
        295,
        201,
        131,
        298,
        407,
        284,
        233,
        314,
        428,
        514,
        163,
        463,
        161,
        192,
        534,
        279,
        168,
        326,
        150,
        207,
        426,
        238,
        396,
        283,
        490,
        258,
        228,
        308,
        113,
        386,
        226,
        473,
        89,
        254,
        402,
        409,
        358,
        189,
        278,
        213,
        0,
        100,
        216],
    [   255,
        142,
        211,
        310,
        472,
        172,
        311,
        197,
        205,
        180,
        204,
        165,
        368,
        387,
        166,
        448,
        366,
        447,
        278,
        241,
        402,
        423,
        202,
        338,
        480,
        112,
        408,
        401,
        249,
        292,
        263,
        214,
        345,
        176,
        342,
        419,
        172,
        263,
        293,
        212,
        230,
        330,
        259,
        197,
        286,
        434,
        459,
        200,
        421,
        209,
        109,
        467,
        254,
        74,
        372,
        50,
        253,
        374,
        227,
        373,
        205,
        416,
        162,
        163,
        223,
        35,
        393,
        219,
        430,
        48,
        269,
        396,
        389,
        322,
        165,
        185,
        113,
        100,
        0,
        120],
    [   223,
        153,
        135,
        383,
        448,
        290,
        427,
        173,
        264,
        72,
        295,
        242,
        442,
        445,
        285,
        495,
        446,
        509,
        254,
        277,
        418,
        517,
        90,
        415,
        537,
        120,
        476,
        367,
        332,
        412,
        260,
        290,
        342,
        222,
        315,
        491,
        227,
        312,
        413,
        332,
        234,
        302,
        316,
        253,
        336,
        507,
        462,
        308,
        443,
        320,
        129,
        449,
        313,
        92,
        476,
        78,
        361,
        386,
        302,
        422,
        196,
        387,
        105,
        191,
        191,
        104,
        469,
        298,
        451,
        159,
        359,
        461,
        440,
        360,
        239,
        66,
        56,
        216,
        120,
        0]]
;
task=[   203,
    234,
    1,
    334,
    75,
    161,
    157,
    139,
    0,
    16,
    183,
    221,
    85,
    96,
    222,
    83,
    157,
    177,
    54,
    546,
    242,
    44,
    127,
    141,
    69,
    402,
    279,
    125,
    206,
    130,
    310,
    280,
    27,
    356,
    131,
    117,
    188,
    364,
    29,
    69,
    212,
    152,
    538,
    416,
    61,
    66,
    13,
    264,
    187,
    59,
    170,
    1,
    225,
    155,
    132,
    202,
    142,
    212,
    317,
    264,
    184,
    156,
    188,
    319,
    362,
    17,
    147,
    458,
    17,
    96,
    453,
    310,
    30,
    321,
    428,
    31,
    112,
    193,
    74,
    163]
;
minW=[   101,
    11,
    129,
    12,
    9,
    138,
    72,
    12,
    0,
    73,
    12,
    35,
    97,
    144,
    50,
    114,
    182,
    13,
    158,
    0,
    172,
    55,
    212,
    131,
    218,
    84,
    51,
    106,
    55,
    187,
    128,
    36,
    83,
    9,
    105,
    167,
    0,
    35,
    270,
    22,
    49,
    47,
    46,
    5,
    22,
    102,
    19,
    17,
    56,
    6,
    46,
    9,
    11,
    72,
    231,
    167,
    57,
    144,
    44,
    125,
    103,
    125,
    112,
    51,
    81,
    34,
    113,
    17,
    218,
    163,
    110,
    65,
    76,
    67,
    34,
    6,
    10,
    0,
    186,
    22]
;
maxW=[   619,
    472,
    365,
    354,
    702,
    494,
    423,
    642,
    720,
    688,
    353,
    400,
    528,
    489,
    249,
    325,
    247,
    534,
    436,
    440,
    387,
    321,
    697,
    458,
    685,
    464,
    369,
    620,
    461,
    547,
    436,
    533,
    369,
    353,
    444,
    389,
    351,
    290,
    330,
    538,
    228,
    586,
    363,
    319,
    109,
    445,
    719,
    356,
    357,
    660,
    374,
    709,
    83,
    528,
    714,
    458,
    535,
    202,
    514,
    370,
    272,
    347,
    328,
    369,
    562,
    300,
    578,
    472,
    414,
    479,
    357,
    684,
    218,
    380,
    353,
    653,
    307,
    681,
    525,
    625]
;