// Generated by InstanceGenerator.py v0.1
// Juan Francisco Martinez Vera
// AMMM - MIRI, FIB UPC
//
// RAND_SEED=1484822134

bigM=100000;

nLocations=20;
startLocation=17;
distances=[   [   0,
        291,
        235,
        102,
        403,
        296,
        165,
        44,
        293,
        239,
        508,
        116,
        55,
        435,
        185,
        86,
        192,
        492,
        309,
        352],
    [   291,
        0,
        168,
        216,
        353,
        26,
        209,
        302,
        297,
        238,
        217,
        366,
        237,
        154,
        165,
        311,
        154,
        203,
        289,
        217],
    [   235,
        168,
        0,
        132,
        208,
        150,
        263,
        219,
        131,
        69,
        341,
        256,
        187,
        246,
        235,
        206,
        49,
        314,
        127,
        117],
    [   102,
        216,
        132,
        0,
        310,
        214,
        180,
        92,
        205,
        143,
        428,
        149,
        58,
        346,
        174,
        94,
        91,
        408,
        216,
        249],
    [   403,
        353,
        208,
        310,
        0,
        328,
        469,
        370,
        110,
        167,
        449,
        366,
        369,
        350,
        444,
        338,
        254,
        415,
        94,
        142],
    [   296,
        26,
        150,
        214,
        328,
        0,
        227,
        302,
        277,
        220,
        214,
        364,
        241,
        141,
        184,
        309,
        143,
        196,
        267,
        192],
    [   165,
        209,
        263,
        180,
        469,
        227,
        0,
        203,
        374,
        307,
        410,
        279,
        140,
        363,
        44,
        238,
        215,
        404,
        380,
        370],
    [   44,
        302,
        219,
        92,
        370,
        302,
        203,
        0,
        260,
        211,
        517,
        76,
        70,
        437,
        217,
        41,
        182,
        498,
        277,
        332],
    [   293,
        297,
        131,
        205,
        110,
        277,
        374,
        260,
        0,
        68,
        443,
        258,
        263,
        343,
        354,
        227,
        166,
        412,
        24,
        140],
    [   239,
        238,
        69,
        143,
        167,
        220,
        307,
        211,
        68,
        0,
        404,
        227,
        202,
        306,
        286,
        186,
        98,
        375,
        73,
        132],
    [   508,
        217,
        341,
        428,
        449,
        214,
        410,
        517,
        443,
        404,
        0,
        577,
        454,
        100,
        365,
        522,
        350,
        34,
        425,
        312],
    [   116,
        366,
        256,
        149,
        366,
        364,
        279,
        76,
        258,
        227,
        577,
        0,
        146,
        492,
        293,
        55,
        230,
        556,
        279,
        359],
    [   55,
        237,
        187,
        58,
        369,
        241,
        140,
        70,
        263,
        202,
        454,
        146,
        0,
        380,
        148,
        98,
        141,
        437,
        275,
        305],
    [   435,
        154,
        246,
        346,
        350,
        141,
        363,
        437,
        343,
        306,
        100,
        492,
        380,
        0,
        318,
        437,
        261,
        69,
        325,
        212],
    [   185,
        165,
        235,
        174,
        444,
        184,
        44,
        217,
        354,
        286,
        365,
        293,
        148,
        318,
        0,
        246,
        190,
        359,
        357,
        336],
    [   86,
        311,
        206,
        94,
        338,
        309,
        238,
        41,
        227,
        186,
        522,
        55,
        98,
        437,
        246,
        0,
        176,
        501,
        246,
        314],
    [   192,
        154,
        49,
        91,
        254,
        143,
        215,
        182,
        166,
        98,
        350,
        230,
        141,
        261,
        190,
        176,
        0,
        327,
        167,
        165],
    [   492,
        203,
        314,
        408,
        415,
        196,
        404,
        498,
        412,
        375,
        34,
        556,
        437,
        69,
        359,
        501,
        327,
        0,
        394,
        279],
    [   309,
        289,
        127,
        216,
        94,
        267,
        380,
        277,
        24,
        73,
        425,
        279,
        275,
        325,
        357,
        246,
        167,
        394,
        0,
        119],
    [   352,
        217,
        117,
        249,
        142,
        192,
        370,
        332,
        140,
        132,
        312,
        359,
        305,
        212,
        336,
        314,
        165,
        279,
        119,
        0]]
;
task=[   168,
    154,
    273,
    104,
    68,
    386,
    210,
    64,
    143,
    106,
    19,
    138,
    177,
    72,
    43,
    234,
    0,
    37,
    123,
    361]
;
minW=[   127,
    73,
    13,
    88,
    200,
    19,
    121,
    94,
    124,
    63,
    77,
    117,
    77,
    115,
    131,
    175,
    0,
    265,
    124,
    46]
;
maxW=[   446,
    207,
    68,
    516,
    622,
    228,
    469,
    508,
    698,
    586,
    531,
    640,
    262,
    528,
    474,
    627,
    720,
    612,
    353,
    707]
;