// Generated by InstanceGenerator.py v0.1
// Juan Francisco Martinez Vera
// AMMM - MIRI, FIB UPC
//
// RAND_SEED=1484818996

bigM=100000;

nLocations=30;
startLocation=18;
distances=[   [   0,
        158,
        303,
        344,
        361,
        114,
        492,
        426,
        101,
        261,
        159,
        379,
        461,
        537,
        345,
        297,
        337,
        293,
        84,
        432,
        350,
        332,
        203,
        353,
        196,
        343,
        561,
        442,
        108,
        438],
    [   158,
        0,
        154,
        290,
        280,
        64,
        340,
        274,
        84,
        190,
        121,
        228,
        304,
        390,
        188,
        202,
        179,
        141,
        76,
        278,
        213,
        175,
        70,
        296,
        97,
        196,
        415,
        291,
        73,
        327],
    [   303,
        154,
        0,
        376,
        343,
        190,
        189,
        123,
        238,
        286,
        259,
        183,
        168,
        325,
        64,
        133,
        95,
        128,
        218,
        131,
        68,
        113,
        166,
        380,
        125,
        42,
        352,
        227,
        197,
        345],
    [   344,
        290,
        376,
        0,
        59,
        338,
        495,
        448,
        259,
        100,
        192,
        263,
        427,
        342,
        356,
        480,
        314,
        253,
        319,
        438,
        444,
        291,
        228,
        8,
        385,
        410,
        352,
        298,
        343,
        158],
    [   361,
        280,
        343,
        59,
        0,
        335,
        446,
        403,
        267,
        100,
        202,
        211,
        376,
        282,
        315,
        456,
        271,
        216,
        322,
        391,
        409,
        248,
        212,
        55,
        370,
        373,
        293,
        241,
        342,
        102],
    [   114,
        64,
        190,
        338,
        335,
        0,
        379,
        313,
        90,
        239,
        152,
        292,
        352,
        454,
        237,
        193,
        236,
        204,
        35,
        320,
        236,
        235,
        132,
        345,
        85,
        229,
        479,
        354,
        8,
        390],
    [   492,
        340,
        189,
        495,
        446,
        379,
        0,
        66,
        422,
        425,
        430,
        236,
        74,
        285,
        157,
        261,
        189,
        254,
        407,
        63,
        157,
        208,
        333,
        496,
        308,
        150,
        308,
        229,
        386,
        404],
    [   426,
        274,
        123,
        448,
        403,
        313,
        66,
        0,
        357,
        371,
        368,
        200,
        73,
        286,
        96,
        206,
        135,
        199,
        341,
        21,
        97,
        157,
        271,
        450,
        243,
        84,
        311,
        209,
        320,
        373],
    [   101,
        84,
        238,
        259,
        267,
        90,
        422,
        357,
        0,
        166,
        67,
        281,
        381,
        437,
        267,
        276,
        251,
        199,
        62,
        360,
        297,
        242,
        105,
        267,
        166,
        281,
        461,
        344,
        92,
        338],
    [   261,
        190,
        286,
        100,
        100,
        239,
        425,
        371,
        166,
        0,
        102,
        209,
        362,
        330,
        275,
        381,
        237,
        172,
        224,
        364,
        354,
        216,
        129,
        106,
        285,
        322,
        347,
        260,
        245,
        184],
    [   159,
        121,
        259,
        192,
        202,
        152,
        430,
        368,
        67,
        102,
        0,
        254,
        379,
        401,
        273,
        323,
        246,
        185,
        128,
        367,
        324,
        231,
        96,
        199,
        216,
        301,
        422,
        315,
        155,
        281],
    [   379,
        228,
        183,
        263,
        211,
        292,
        236,
        200,
        281,
        209,
        254,
        0,
        164,
        161,
        129,
        316,
        87,
        87,
        303,
        184,
        234,
        70,
        175,
        262,
        273,
        195,
        187,
        63,
        301,
        174],
    [   461,
        304,
        168,
        427,
        376,
        352,
        74,
        73,
        381,
        362,
        379,
        164,
        0,
        217,
        116,
        274,
        133,
        196,
        377,
        52,
        165,
        149,
        284,
        426,
        293,
        141,
        242,
        154,
        360,
        329],
    [   537,
        390,
        325,
        342,
        282,
        454,
        285,
        286,
        437,
        330,
        401,
        161,
        217,
        0,
        261,
        456,
        233,
        249,
        464,
        264,
        357,
        225,
        334,
        337,
        430,
        321,
        27,
        101,
        462,
        190],
    [   345,
        188,
        64,
        356,
        315,
        237,
        157,
        96,
        267,
        275,
        273,
        129,
        116,
        261,
        0,
        195,
        45,
        103,
        261,
        94,
        104,
        67,
        176,
        358,
        184,
        65,
        289,
        165,
        245,
        300],
    [   297,
        202,
        133,
        480,
        456,
        193,
        261,
        206,
        276,
        381,
        323,
        316,
        274,
        456,
        195,
        0,
        229,
        252,
        228,
        224,
        109,
        245,
        252,
        484,
        109,
        137,
        484,
        360,
        195,
        473],
    [   337,
        179,
        95,
        314,
        271,
        236,
        189,
        135,
        251,
        237,
        246,
        87,
        133,
        233,
        45,
        229,
        0,
        65,
        255,
        127,
        147,
        22,
        151,
        315,
        198,
        108,
        261,
        133,
        244,
        256],
    [   293,
        141,
        128,
        253,
        216,
        204,
        254,
        199,
        199,
        172,
        185,
        87,
        196,
        249,
        103,
        252,
        65,
        0,
        216,
        192,
        193,
        47,
        94,
        256,
        191,
        157,
        274,
        150,
        213,
        220],
    [   84,
        76,
        218,
        319,
        322,
        35,
        407,
        341,
        62,
        224,
        128,
        303,
        377,
        464,
        261,
        228,
        255,
        216,
        0,
        348,
        268,
        251,
        133,
        327,
        120,
        259,
        488,
        366,
        33,
        385],
    [   432,
        278,
        131,
        438,
        391,
        320,
        63,
        21,
        360,
        364,
        367,
        184,
        52,
        264,
        94,
        224,
        127,
        192,
        348,
        0,
        115,
        148,
        270,
        439,
        254,
        96,
        290,
        190,
        328,
        357],
    [   350,
        213,
        68,
        444,
        409,
        236,
        157,
        97,
        297,
        354,
        324,
        234,
        165,
        357,
        104,
        109,
        147,
        193,
        268,
        115,
        0,
        169,
        234,
        447,
        156,
        39,
        385,
        266,
        242,
        404],
    [   332,
        175,
        113,
        291,
        248,
        235,
        208,
        157,
        242,
        216,
        231,
        70,
        149,
        225,
        67,
        245,
        22,
        47,
        251,
        148,
        169,
        0,
        139,
        293,
        205,
        130,
        252,
        123,
        244,
        235],
    [   203,
        70,
        166,
        228,
        212,
        132,
        333,
        271,
        105,
        129,
        96,
        175,
        284,
        334,
        176,
        252,
        151,
        94,
        133,
        270,
        234,
        139,
        0,
        233,
        158,
        207,
        358,
        239,
        140,
        257],
    [   353,
        296,
        380,
        8,
        55,
        345,
        496,
        450,
        267,
        106,
        199,
        262,
        426,
        337,
        358,
        484,
        315,
        256,
        327,
        439,
        447,
        293,
        233,
        0,
        390,
        412,
        347,
        296,
        350,
        152],
    [   196,
        97,
        125,
        385,
        370,
        85,
        308,
        243,
        166,
        285,
        216,
        273,
        293,
        430,
        184,
        109,
        198,
        191,
        120,
        254,
        156,
        205,
        158,
        390,
        0,
        158,
        457,
        329,
        89,
        404],
    [   343,
        196,
        42,
        410,
        373,
        229,
        150,
        84,
        281,
        322,
        301,
        195,
        141,
        321,
        65,
        137,
        108,
        157,
        259,
        96,
        39,
        130,
        207,
        412,
        158,
        0,
        349,
        228,
        236,
        365],
    [   561,
        415,
        352,
        352,
        293,
        479,
        308,
        311,
        461,
        347,
        422,
        187,
        242,
        27,
        289,
        484,
        261,
        274,
        488,
        290,
        385,
        252,
        358,
        347,
        457,
        349,
        0,
        128,
        488,
        197],
    [   442,
        291,
        227,
        298,
        241,
        354,
        229,
        209,
        344,
        260,
        315,
        63,
        154,
        101,
        165,
        360,
        133,
        150,
        366,
        190,
        266,
        123,
        239,
        296,
        329,
        228,
        128,
        0,
        363,
        178],
    [   108,
        73,
        197,
        343,
        342,
        8,
        386,
        320,
        92,
        245,
        155,
        301,
        360,
        462,
        245,
        195,
        244,
        213,
        33,
        328,
        242,
        244,
        140,
        350,
        89,
        236,
        488,
        363,
        0,
        397],
    [   438,
        327,
        345,
        158,
        102,
        390,
        404,
        373,
        338,
        184,
        281,
        174,
        329,
        190,
        300,
        473,
        256,
        220,
        385,
        357,
        404,
        235,
        257,
        152,
        404,
        365,
        197,
        178,
        397,
        0]]
;
task=[   128,
    306,
    270,
    136,
    6,
    207,
    51,
    10,
    17,
    341,
    180,
    513,
    104,
    72,
    399,
    206,
    551,
    0,
    182,
    192,
    283,
    215,
    446,
    36,
    93,
    120,
    92,
    410,
    287,
    128]
;
minW=[   148,
    37,
    41,
    159,
    10,
    55,
    99,
    188,
    91,
    85,
    122,
    37,
    27,
    14,
    85,
    162,
    46,
    0,
    7,
    12,
    186,
    28,
    73,
    110,
    187,
    70,
    134,
    32,
    49,
    116]
;
maxW=[   424,
    385,
    161,
    387,
    462,
    399,
    372,
    393,
    338,
    298,
    547,
    580,
    218,
    263,
    243,
    395,
    479,
    720,
    331,
    664,
    560,
    259,
    464,
    498,
    208,
    644,
    490,
    481,
    318,
    309]
;