// Generated by InstanceGenerator.py v0.1
// Juan Francisco Martinez Vera
// AMMM - MIRI, FIB UPC
//
// RAND_SEED=1484818997

bigM=100000;

nLocations=40;
startLocation=16;
distances=[   [   0,
        313,
        488,
        289,
        184,
        272,
        299,
        314,
        428,
        410,
        278,
        341,
        114,
        398,
        372,
        263,
        508,
        142,
        336,
        389,
        262,
        106,
        164,
        355,
        379,
        125,
        384,
        248,
        422,
        352,
        160,
        241,
        352,
        158,
        339,
        368,
        427,
        256,
        402,
        444],
    [   313,
        0,
        315,
        186,
        194,
        449,
        282,
        240,
        329,
        158,
        440,
        381,
        223,
        541,
        59,
        248,
        351,
        268,
        511,
        468,
        302,
        320,
        342,
        71,
        485,
        396,
        79,
        121,
        305,
        58,
        178,
        252,
        42,
        158,
        499,
        436,
        203,
        289,
        338,
        407],
    [   488,
        315,
        0,
        200,
        304,
        427,
        215,
        179,
        105,
        167,
        408,
        268,
        376,
        445,
        300,
        234,
        39,
        358,
        459,
        339,
        268,
        420,
        394,
        249,
        375,
        492,
        349,
        263,
        86,
        355,
        336,
        259,
        328,
        362,
        436,
        314,
        117,
        265,
        147,
        191],
    [   289,
        186,
        200,
        0,
        104,
        298,
        97,
        55,
        163,
        153,
        284,
        197,
        176,
        369,
        211,
        73,
        224,
        168,
        352,
        286,
        130,
        232,
        222,
        157,
        307,
        310,
        255,
        79,
        147,
        243,
        136,
        89,
        221,
        165,
        336,
        254,
        148,
        119,
        159,
        226],
    [   184,
        194,
        304,
        104,
        0,
        255,
        139,
        135,
        254,
        237,
        247,
        219,
        71,
        355,
        242,
        97,
        326,
        78,
        319,
        298,
        130,
        139,
        149,
        204,
        306,
        219,
        273,
        82,
        243,
        250,
        42,
        83,
        236,
        83,
        308,
        268,
        246,
        117,
        236,
        292],
    [   272,
        449,
        427,
        298,
        255,
        0,
        220,
        272,
        327,
        450,
        19,
        166,
        255,
        126,
        493,
        226,
        425,
        190,
        67,
        151,
        170,
        172,
        119,
        447,
        124,
        165,
        527,
        330,
        340,
        505,
        280,
        209,
        490,
        318,
        67,
        148,
        435,
        180,
        285,
        282],
    [   299,
        282,
        215,
        97,
        139,
        220,
        0,
        53,
        132,
        236,
        204,
        99,
        200,
        275,
        309,
        42,
        223,
        158,
        266,
        188,
        53,
        213,
        179,
        255,
        211,
        279,
        353,
        165,
        133,
        339,
        181,
        59,
        318,
        222,
        247,
        156,
        215,
        50,
        103,
        152],
    [   314,
        240,
        179,
        55,
        135,
        272,
        53,
        0,
        118,
        182,
        256,
        149,
        205,
        328,
        262,
        56,
        194,
        179,
        319,
        238,
        101,
        241,
        217,
        206,
        263,
        313,
        307,
        133,
        108,
        297,
        174,
        80,
        273,
        209,
        300,
        207,
        163,
        93,
        106,
        171],
    [   428,
        329,
        105,
        163,
        254,
        327,
        132,
        118,
        0,
        216,
        308,
        164,
        322,
        340,
        334,
        164,
        97,
        288,
        355,
        234,
        181,
        345,
        309,
        276,
        270,
        410,
        383,
        241,
        28,
        380,
        293,
        187,
        354,
        327,
        332,
        209,
        172,
        181,
        43,
        95],
    [   410,
        158,
        167,
        153,
        237,
        450,
        236,
        182,
        216,
        0,
        435,
        329,
        299,
        510,
        134,
        224,
        206,
        312,
        501,
        416,
        280,
        376,
        373,
        87,
        444,
        456,
        181,
        162,
        187,
        190,
        250,
        242,
        163,
        257,
        483,
        385,
        50,
        270,
        242,
        309],
    [   278,
        440,
        408,
        284,
        247,
        19,
        204,
        256,
        308,
        435,
        0,
        146,
        252,
        121,
        483,
        211,
        406,
        186,
        72,
        134,
        155,
        175,
        119,
        435,
        109,
        176,
        518,
        320,
        322,
        496,
        275,
        196,
        481,
        313,
        64,
        129,
        419,
        165,
        266,
        263],
    [   341,
        381,
        268,
        197,
        219,
        166,
        99,
        149,
        164,
        329,
        146,
        0,
        264,
        183,
        409,
        134,
        261,
        204,
        191,
        89,
        89,
        239,
        186,
        354,
        115,
        282,
        453,
        262,
        182,
        438,
        260,
        137,
        417,
        303,
        168,
        57,
        301,
        101,
        121,
        119],
    [   114,
        223,
        376,
        176,
        71,
        255,
        200,
        205,
        322,
        299,
        252,
        264,
        0,
        370,
        279,
        160,
        397,
        67,
        322,
        332,
        176,
        99,
        136,
        252,
        332,
        173,
        300,
        137,
        313,
        271,
        48,
        141,
        264,
        67,
        317,
        305,
        313,
        166,
        302,
        352],
    [   398,
        541,
        445,
        369,
        355,
        126,
        275,
        328,
        340,
        510,
        121,
        183,
        370,
        0,
        578,
        298,
        432,
        303,
        70,
        107,
        240,
        296,
        240,
        527,
        69,
        289,
        618,
        420,
        362,
        599,
        388,
        290,
        581,
        428,
        59,
        131,
        484,
        253,
        297,
        265],
    [   372,
        59,
        300,
        211,
        242,
        493,
        309,
        262,
        334,
        134,
        483,
        409,
        279,
        578,
        0,
        280,
        339,
        319,
        554,
        498,
        338,
        374,
        392,
        57,
        518,
        452,
        49,
        163,
        307,
        58,
        232,
        289,
        34,
        216,
        540,
        466,
        184,
        325,
        350,
        419],
    [   263,
        248,
        234,
        73,
        97,
        226,
        42,
        56,
        164,
        224,
        211,
        134,
        160,
        298,
        280,
        0,
        248,
        125,
        279,
        220,
        57,
        185,
        161,
        229,
        238,
        257,
        322,
        128,
        160,
        306,
        139,
        24,
        286,
        179,
        262,
        189,
        212,
        46,
        141,
        195],
    [   508,
        351,
        39,
        224,
        326,
        425,
        223,
        194,
        97,
        206,
        406,
        261,
        397,
        432,
        339,
        248,
        0,
        373,
        452,
        325,
        275,
        433,
        403,
        286,
        362,
        503,
        387,
        292,
        89,
        393,
        361,
        272,
        366,
        389,
        428,
        303,
        155,
        273,
        140,
        170],
    [   142,
        268,
        358,
        168,
        78,
        190,
        158,
        179,
        288,
        312,
        186,
        204,
        67,
        303,
        319,
        125,
        373,
        0,
        257,
        266,
        121,
        64,
        75,
        282,
        265,
        144,
        347,
        160,
        285,
        321,
        92,
        101,
        310,
        128,
        250,
        240,
        316,
        114,
        261,
        303],
    [   336,
        511,
        459,
        352,
        319,
        67,
        266,
        319,
        355,
        501,
        72,
        191,
        322,
        70,
        554,
        279,
        452,
        257,
        0,
        141,
        221,
        239,
        187,
        506,
        104,
        222,
        590,
        391,
        373,
        568,
        347,
        266,
        553,
        385,
        24,
        153,
        481,
        233,
        312,
        294],
    [   389,
        468,
        339,
        286,
        298,
        151,
        188,
        238,
        234,
        416,
        134,
        89,
        332,
        107,
        498,
        220,
        325,
        266,
        141,
        0,
        169,
        283,
        225,
        443,
        39,
        305,
        541,
        348,
        257,
        526,
        336,
        220,
        506,
        379,
        117,
        31,
        386,
        182,
        192,
        158],
    [   262,
        302,
        268,
        130,
        130,
        170,
        53,
        101,
        181,
        280,
        155,
        89,
        176,
        240,
        338,
        57,
        275,
        121,
        221,
        169,
        0,
        168,
        128,
        286,
        183,
        229,
        378,
        181,
        185,
        360,
        170,
        50,
        341,
        213,
        205,
        138,
        264,
        13,
        146,
        181],
    [   106,
        320,
        420,
        232,
        139,
        172,
        213,
        241,
        345,
        376,
        175,
        239,
        99,
        296,
        374,
        185,
        433,
        64,
        239,
        283,
        168,
        0,
        58,
        342,
        273,
        80,
        398,
        221,
        344,
        370,
        141,
        161,
        362,
        167,
        239,
        262,
        380,
        165,
        314,
        348],
    [   164,
        342,
        394,
        222,
        149,
        119,
        179,
        217,
        309,
        373,
        119,
        186,
        136,
        240,
        392,
        161,
        403,
        75,
        187,
        225,
        128,
        58,
        0,
        353,
        215,
        100,
        422,
        231,
        313,
        396,
        167,
        138,
        385,
        201,
        184,
        205,
        370,
        129,
        274,
        301],
    [   355,
        71,
        249,
        157,
        204,
        447,
        255,
        206,
        276,
        87,
        435,
        354,
        252,
        527,
        57,
        229,
        286,
        282,
        506,
        443,
        286,
        342,
        353,
        0,
        465,
        421,
        106,
        121,
        250,
        107,
        203,
        239,
        80,
        197,
        490,
        411,
        134,
        274,
        292,
        361],
    [   379,
        485,
        375,
        307,
        306,
        124,
        211,
        263,
        270,
        444,
        109,
        115,
        332,
        69,
        518,
        238,
        362,
        265,
        104,
        39,
        183,
        273,
        215,
        465,
        0,
        285,
        560,
        364,
        292,
        543,
        343,
        233,
        524,
        385,
        80,
        61,
        416,
        196,
        228,
        197],
    [   125,
        396,
        492,
        310,
        219,
        165,
        279,
        313,
        410,
        456,
        176,
        282,
        173,
        289,
        452,
        257,
        503,
        144,
        222,
        305,
        229,
        80,
        100,
        421,
        285,
        0,
        473,
        301,
        413,
        444,
        219,
        233,
        438,
        239,
        230,
        292,
        459,
        229,
        375,
        399],
    [   384,
        79,
        349,
        255,
        273,
        527,
        353,
        307,
        383,
        181,
        518,
        453,
        300,
        618,
        49,
        322,
        387,
        347,
        590,
        541,
        378,
        398,
        422,
        106,
        560,
        473,
        0,
        198,
        356,
        33,
        257,
        328,
        37,
        234,
        577,
        509,
        232,
        365,
        398,
        467],
    [   248,
        121,
        263,
        79,
        82,
        330,
        165,
        133,
        241,
        162,
        320,
        262,
        137,
        420,
        163,
        128,
        292,
        160,
        391,
        348,
        181,
        221,
        231,
        121,
        364,
        301,
        198,
        0,
        223,
        179,
        88,
        130,
        161,
        100,
        378,
        317,
        181,
        168,
        239,
        304],
    [   422,
        305,
        86,
        147,
        243,
        340,
        133,
        108,
        28,
        187,
        322,
        182,
        313,
        362,
        307,
        160,
        89,
        285,
        373,
        257,
        185,
        344,
        313,
        250,
        292,
        413,
        356,
        223,
        0,
        354,
        280,
        183,
        328,
        312,
        351,
        230,
        144,
        184,
        64,
        123],
    [   352,
        58,
        355,
        243,
        250,
        505,
        339,
        297,
        380,
        190,
        496,
        438,
        271,
        599,
        58,
        306,
        393,
        321,
        568,
        526,
        360,
        370,
        396,
        107,
        543,
        444,
        33,
        179,
        354,
        0,
        230,
        310,
        27,
        204,
        556,
        494,
        239,
        347,
        392,
        461],
    [   160,
        178,
        336,
        136,
        42,
        280,
        181,
        174,
        293,
        250,
        275,
        260,
        48,
        388,
        232,
        139,
        361,
        92,
        347,
        336,
        170,
        141,
        167,
        203,
        343,
        219,
        257,
        88,
        280,
        230,
        0,
        125,
        221,
        42,
        338,
        307,
        267,
        158,
        277,
        334],
    [   241,
        252,
        259,
        89,
        83,
        209,
        59,
        80,
        187,
        242,
        196,
        137,
        141,
        290,
        289,
        24,
        272,
        101,
        266,
        220,
        50,
        161,
        138,
        239,
        233,
        233,
        328,
        130,
        183,
        310,
        125,
        0,
        291,
        167,
        251,
        189,
        233,
        37,
        161,
        211],
    [   352,
        42,
        328,
        221,
        236,
        490,
        318,
        273,
        354,
        163,
        481,
        417,
        264,
        581,
        34,
        286,
        366,
        310,
        553,
        506,
        341,
        362,
        385,
        80,
        524,
        438,
        37,
        161,
        328,
        27,
        221,
        291,
        0,
        199,
        540,
        474,
        212,
        328,
        367,
        437],
    [   158,
        158,
        362,
        165,
        83,
        318,
        222,
        209,
        327,
        257,
        313,
        303,
        67,
        428,
        216,
        179,
        389,
        128,
        385,
        379,
        213,
        167,
        201,
        197,
        385,
        239,
        234,
        100,
        312,
        204,
        42,
        167,
        199,
        0,
        378,
        350,
        281,
        201,
        315,
        374],
    [   339,
        499,
        436,
        336,
        308,
        67,
        247,
        300,
        332,
        483,
        64,
        168,
        317,
        59,
        540,
        262,
        428,
        250,
        24,
        117,
        205,
        239,
        184,
        490,
        80,
        230,
        577,
        378,
        351,
        556,
        338,
        251,
        540,
        378,
        0,
        128,
        462,
        216,
        289,
        270],
    [   368,
        436,
        314,
        254,
        268,
        148,
        156,
        207,
        209,
        385,
        129,
        57,
        305,
        131,
        466,
        189,
        303,
        240,
        153,
        31,
        138,
        262,
        205,
        411,
        61,
        292,
        509,
        317,
        230,
        494,
        307,
        189,
        474,
        350,
        128,
        0,
        356,
        151,
        166,
        141],
    [   427,
        203,
        117,
        148,
        246,
        435,
        215,
        163,
        172,
        50,
        419,
        301,
        313,
        484,
        184,
        212,
        155,
        316,
        481,
        386,
        264,
        380,
        370,
        134,
        416,
        459,
        232,
        181,
        144,
        239,
        267,
        233,
        212,
        281,
        462,
        356,
        0,
        256,
        202,
        267],
    [   256,
        289,
        265,
        119,
        117,
        180,
        50,
        93,
        181,
        270,
        165,
        101,
        166,
        253,
        325,
        46,
        273,
        114,
        233,
        182,
        13,
        165,
        129,
        274,
        196,
        229,
        365,
        168,
        184,
        347,
        158,
        37,
        328,
        201,
        216,
        151,
        256,
        0,
        149,
        188],
    [   402,
        338,
        147,
        159,
        236,
        285,
        103,
        106,
        43,
        242,
        266,
        121,
        302,
        297,
        350,
        141,
        140,
        261,
        312,
        192,
        146,
        314,
        274,
        292,
        228,
        375,
        398,
        239,
        64,
        392,
        277,
        161,
        367,
        315,
        289,
        166,
        202,
        149,
        0,
        69],
    [   444,
        407,
        191,
        226,
        292,
        282,
        152,
        171,
        95,
        309,
        263,
        119,
        352,
        265,
        419,
        195,
        170,
        303,
        294,
        158,
        181,
        348,
        301,
        361,
        197,
        399,
        467,
        304,
        123,
        461,
        334,
        211,
        437,
        374,
        270,
        141,
        267,
        188,
        69,
        0]]
;
task=[   152,
    157,
    167,
    546,
    330,
    144,
    494,
    332,
    180,
    254,
    55,
    7,
    205,
    12,
    109,
    0,
    98,
    174,
    64,
    87,
    458,
    196,
    195,
    179,
    13,
    70,
    16,
    51,
    225,
    52,
    316,
    79,
    18,
    44,
    30,
    304,
    270,
    102,
    79,
    197]
;
minW=[   174,
    0,
    166,
    69,
    85,
    206,
    12,
    6,
    92,
    54,
    144,
    26,
    154,
    274,
    241,
    0,
    232,
    26,
    212,
    156,
    16,
    172,
    37,
    65,
    25,
    232,
    240,
    33,
    156,
    227,
    14,
    13,
    262,
    85,
    4,
    66,
    47,
    5,
    112,
    150]
;
maxW=[   351,
    699,
    584,
    301,
    164,
    700,
    186,
    165,
    263,
    651,
    252,
    619,
    570,
    438,
    435,
    720,
    484,
    339,
    368,
    694,
    80,
    563,
    353,
    640,
    633,
    398,
    469,
    568,
    225,
    414,
    388,
    41,
    392,
    244,
    279,
    677,
    444,
    451,
    290,
    562]
;