// Generated by InstanceGenerator.py v0.1
// Juan Francisco Martinez Vera
// AMMM - MIRI, FIB UPC
//
// RAND_SEED=1484818998

bigM=100000;

nLocations=40;
startLocation=26;
distances=[   [   0,
        149,
        164,
        160,
        199,
        264,
        69,
        136,
        189,
        237,
        50,
        211,
        207,
        209,
        172,
        390,
        231,
        186,
        26,
        335,
        115,
        260,
        239,
        244,
        297,
        62,
        69,
        211,
        125,
        71,
        268,
        76,
        203,
        180,
        299,
        165,
        250,
        147,
        252,
        329],
    [   149,
        0,
        58,
        224,
        347,
        309,
        106,
        284,
        206,
        380,
        185,
        276,
        61,
        358,
        136,
        539,
        228,
        258,
        122,
        398,
        211,
        370,
        385,
        279,
        437,
        211,
        138,
        156,
        239,
        183,
        418,
        73,
        316,
        290,
        395,
        233,
        383,
        53,
        103,
        398],
    [   164,
        58,
        0,
        271,
        363,
        264,
        144,
        301,
        159,
        402,
        186,
        325,
        61,
        370,
        193,
        549,
        285,
        224,
        139,
        355,
        191,
        345,
        403,
        232,
        461,
        225,
        176,
        215,
        223,
        174,
        429,
        94,
        294,
        328,
        439,
        200,
        412,
        112,
        125,
        357],
    [   160,
        224,
        271,
        0,
        222,
        424,
        129,
        175,
        347,
        223,
        201,
        54,
        282,
        244,
        123,
        405,
        103,
        344,
        163,
        491,
        272,
        396,
        245,
        404,
        263,
        163,
        101,
        149,
        273,
        229,
        296,
        184,
        342,
        90,
        172,
        324,
        199,
        180,
        293,
        483],
    [   199,
        347,
        363,
        222,
        0,
        357,
        248,
        63,
        334,
        54,
        182,
        235,
        406,
        24,
        320,
        194,
        326,
        277,
        226,
        386,
        225,
        251,
        40,
        353,
        113,
        138,
        223,
        357,
        199,
        207,
        76,
        275,
        218,
        148,
        224,
        273,
        102,
        333,
        447,
        370],
    [   264,
        309,
        264,
        424,
        357,
        0,
        316,
        324,
        104,
        411,
        225,
        474,
        322,
        346,
        414,
        476,
        490,
        84,
        267,
        91,
        154,
        157,
        392,
        32,
        469,
        275,
        331,
        448,
        165,
        195,
        382,
        273,
        149,
        426,
        543,
        100,
        452,
        350,
        387,
        97],
    [   69,
        106,
        144,
        129,
        248,
        316,
        0,
        185,
        227,
        276,
        120,
        184,
        168,
        262,
        103,
        443,
        173,
        244,
        52,
        394,
        177,
        328,
        285,
        291,
        332,
        121,
        32,
        142,
        192,
        135,
        322,
        55,
        272,
        184,
        294,
        221,
        277,
        85,
        199,
        389],
    [   136,
        284,
        301,
        175,
        63,
        324,
        185,
        0,
        286,
        103,
        125,
        200,
        343,
        77,
        262,
        257,
        278,
        240,
        162,
        366,
        179,
        244,
        102,
        315,
        164,
        76,
        161,
        300,
        159,
        153,
        137,
        212,
        199,
        121,
        225,
        231,
        130,
        270,
        383,
        353],
    [   189,
        206,
        159,
        347,
        334,
        104,
        227,
        286,
        0,
        385,
        165,
        400,
        218,
        331,
        318,
        489,
        400,
        85,
        183,
        195,
        109,
        212,
        374,
        73,
        447,
        220,
        248,
        350,
        138,
        134,
        379,
        178,
        175,
        367,
        486,
        71,
        416,
        249,
        283,
        198],
    [   237,
        380,
        402,
        223,
        54,
        411,
        276,
        103,
        385,
        0,
        228,
        222,
        440,
        70,
        334,
        182,
        324,
        331,
        262,
        440,
        276,
        303,
        32,
        407,
        61,
        178,
        247,
        367,
        252,
        255,
        87,
        310,
        272,
        137,
        185,
        326,
        54,
        359,
        476,
        424],
    [   50,
        185,
        186,
        201,
        182,
        225,
        120,
        125,
        165,
        228,
        0,
        249,
        237,
        186,
        223,
        363,
        279,
        143,
        70,
        290,
        71,
        209,
        223,
        209,
        290,
        54,
        119,
        262,
        75,
        31,
        243,
        113,
        152,
        203,
        322,
        125,
        252,
        193,
        289,
        282],
    [   211,
        276,
        325,
        54,
        235,
        474,
        184,
        200,
        400,
        222,
        249,
        0,
        333,
        258,
        163,
        402,
        110,
        392,
        217,
        537,
        320,
        434,
        249,
        455,
        250,
        205,
        155,
        181,
        319,
        278,
        304,
        239,
        383,
        87,
        127,
        374,
        187,
        230,
        339,
        528],
    [   207,
        61,
        61,
        282,
        406,
        322,
        168,
        343,
        218,
        440,
        237,
        333,
        0,
        416,
        182,
        597,
        273,
        285,
        180,
        413,
        250,
        405,
        445,
        290,
        498,
        269,
        199,
        192,
        281,
        229,
        475,
        131,
        354,
        351,
        454,
        261,
        445,
        103,
        65,
        416],
    [   209,
        358,
        370,
        244,
        24,
        346,
        262,
        77,
        331,
        70,
        186,
        258,
        416,
        0,
        338,
        181,
        348,
        269,
        236,
        370,
        221,
        233,
        45,
        345,
        123,
        147,
        239,
        376,
        193,
        208,
        59,
        285,
        203,
        172,
        248,
        266,
        122,
        347,
        459,
        354],
    [   172,
        136,
        193,
        123,
        320,
        414,
        103,
        262,
        318,
        334,
        223,
        163,
        182,
        338,
        0,
        512,
        92,
        345,
        156,
        495,
        280,
        432,
        350,
        387,
        380,
        214,
        107,
        39,
        296,
        239,
        396,
        140,
        375,
        210,
        290,
        322,
        318,
        82,
        177,
        491],
    [   390,
        539,
        549,
        405,
        194,
        476,
        443,
        257,
        489,
        182,
        363,
        402,
        597,
        181,
        512,
        0,
        506,
        413,
        417,
        469,
        384,
        328,
        161,
        484,
        158,
        328,
        418,
        548,
        352,
        381,
        121,
        466,
        328,
        318,
        337,
        418,
        217,
        528,
        640,
        450],
    [   231,
        228,
        285,
        103,
        326,
        490,
        173,
        278,
        400,
        324,
        279,
        110,
        273,
        348,
        92,
        506,
        0,
        415,
        223,
        566,
        346,
        485,
        348,
        465,
        358,
        254,
        161,
        87,
        355,
        303,
        400,
        222,
        430,
        187,
        231,
        393,
        295,
        174,
        261,
        560],
    [   186,
        258,
        224,
        344,
        277,
        84,
        244,
        240,
        85,
        331,
        143,
        392,
        285,
        269,
        345,
        413,
        415,
        0,
        192,
        150,
        71,
        127,
        314,
        76,
        390,
        191,
        254,
        382,
        81,
        114,
        310,
        208,
        91,
        342,
        459,
        24,
        369,
        290,
        349,
        145],
    [   26,
        122,
        139,
        163,
        226,
        267,
        52,
        162,
        183,
        262,
        70,
        217,
        180,
        236,
        156,
        417,
        223,
        192,
        0,
        342,
        124,
        276,
        265,
        243,
        322,
        88,
        64,
        194,
        140,
        83,
        295,
        49,
        220,
        196,
        314,
        169,
        273,
        123,
        225,
        337],
    [   335,
        398,
        355,
        491,
        386,
        91,
        394,
        366,
        195,
        440,
        290,
        537,
        413,
        370,
        495,
        469,
        566,
        150,
        342,
        0,
        220,
        143,
        415,
        123,
        492,
        332,
        405,
        531,
        218,
        263,
        393,
        356,
        168,
        479,
        591,
        173,
        486,
        436,
        479,
        19],
    [   115,
        211,
        191,
        272,
        225,
        154,
        177,
        179,
        109,
        276,
        71,
        320,
        250,
        221,
        280,
        384,
        346,
        71,
        124,
        220,
        0,
        159,
        264,
        139,
        338,
        121,
        185,
        318,
        33,
        43,
        271,
        150,
        105,
        272,
        390,
        55,
        309,
        234,
        310,
        213],
    [   260,
        370,
        345,
        396,
        251,
        157,
        328,
        244,
        212,
        303,
        209,
        434,
        405,
        233,
        432,
        328,
        485,
        127,
        276,
        143,
        159,
        0,
        277,
        175,
        353,
        233,
        328,
        471,
        136,
        194,
        250,
        308,
        56,
        364,
        468,
        147,
        353,
        393,
        468,
        125],
    [   239,
        385,
        403,
        245,
        40,
        392,
        285,
        102,
        374,
        32,
        223,
        249,
        445,
        45,
        350,
        161,
        348,
        314,
        265,
        415,
        264,
        277,
        0,
        390,
        77,
        178,
        258,
        386,
        237,
        247,
        55,
        314,
        249,
        163,
        217,
        311,
        86,
        369,
        484,
        399],
    [   244,
        279,
        232,
        404,
        353,
        32,
        291,
        315,
        73,
        407,
        209,
        455,
        290,
        345,
        387,
        484,
        465,
        76,
        243,
        123,
        139,
        175,
        390,
        0,
        467,
        260,
        308,
        420,
        156,
        178,
        384,
        246,
        157,
        411,
        530,
        84,
        445,
        321,
        355,
        129],
    [   297,
        437,
        461,
        263,
        113,
        469,
        332,
        164,
        447,
        61,
        290,
        250,
        498,
        123,
        380,
        158,
        358,
        390,
        322,
        492,
        338,
        353,
        77,
        467,
        0,
        240,
        302,
        412,
        312,
        317,
        110,
        369,
        326,
        173,
        179,
        386,
        63,
        413,
        530,
        476],
    [   62,
        211,
        225,
        163,
        138,
        275,
        121,
        76,
        220,
        178,
        54,
        205,
        269,
        147,
        214,
        328,
        254,
        191,
        88,
        332,
        121,
        233,
        178,
        260,
        240,
        0,
        106,
        253,
        114,
        85,
        206,
        138,
        179,
        150,
        269,
        176,
        199,
        205,
        313,
        322],
    [   69,
        138,
        176,
        101,
        223,
        331,
        32,
        161,
        248,
        247,
        119,
        155,
        199,
        239,
        107,
        418,
        161,
        254,
        64,
        405,
        185,
        328,
        258,
        308,
        302,
        106,
        0,
        147,
        195,
        141,
        298,
        85,
        272,
        152,
        262,
        233,
        246,
        111,
        228,
        398],
    [   211,
        156,
        215,
        149,
        357,
        448,
        142,
        300,
        350,
        367,
        262,
        181,
        192,
        376,
        39,
        548,
        87,
        382,
        194,
        531,
        318,
        471,
        386,
        420,
        412,
        253,
        147,
        0,
        335,
        278,
        433,
        174,
        414,
        239,
        308,
        358,
        349,
        104,
        174,
        527],
    [   125,
        239,
        223,
        273,
        199,
        165,
        192,
        159,
        138,
        252,
        75,
        319,
        281,
        193,
        296,
        352,
        355,
        81,
        140,
        218,
        33,
        136,
        237,
        156,
        312,
        114,
        195,
        335,
        0,
        58,
        240,
        173,
        79,
        263,
        378,
        73,
        289,
        258,
        340,
        209],
    [   71,
        183,
        174,
        229,
        207,
        195,
        135,
        153,
        134,
        255,
        31,
        278,
        229,
        208,
        239,
        381,
        303,
        114,
        83,
        263,
        43,
        194,
        247,
        178,
        317,
        85,
        141,
        278,
        58,
        0,
        262,
        115,
        138,
        234,
        353,
        95,
        282,
        199,
        286,
        257],
    [   268,
        418,
        429,
        296,
        76,
        382,
        322,
        137,
        379,
        87,
        243,
        304,
        475,
        59,
        396,
        121,
        400,
        310,
        295,
        393,
        271,
        250,
        55,
        384,
        110,
        206,
        298,
        433,
        240,
        262,
        0,
        345,
        233,
        217,
        271,
        311,
        139,
        407,
        519,
        376],
    [   76,
        73,
        94,
        184,
        275,
        273,
        55,
        212,
        178,
        310,
        113,
        239,
        131,
        285,
        140,
        466,
        222,
        208,
        49,
        356,
        150,
        308,
        314,
        246,
        369,
        138,
        85,
        174,
        173,
        115,
        345,
        0,
        253,
        234,
        347,
        184,
        318,
        84,
        177,
        354],
    [   203,
        316,
        294,
        342,
        218,
        149,
        272,
        199,
        175,
        272,
        152,
        383,
        354,
        203,
        375,
        328,
        430,
        91,
        220,
        168,
        105,
        56,
        249,
        157,
        326,
        179,
        272,
        414,
        79,
        138,
        233,
        253,
        0,
        317,
        425,
        105,
        318,
        337,
        415,
        154],
    [   180,
        290,
        328,
        90,
        148,
        426,
        184,
        121,
        367,
        137,
        203,
        87,
        351,
        172,
        210,
        318,
        187,
        342,
        196,
        479,
        272,
        364,
        163,
        411,
        173,
        150,
        152,
        239,
        263,
        234,
        217,
        234,
        317,
        0,
        119,
        327,
        109,
        255,
        372,
        467],
    [   299,
        395,
        439,
        172,
        224,
        543,
        294,
        225,
        486,
        185,
        322,
        127,
        454,
        248,
        290,
        337,
        231,
        459,
        314,
        591,
        390,
        468,
        217,
        530,
        179,
        269,
        262,
        308,
        378,
        353,
        271,
        347,
        425,
        119,
        0,
        445,
        131,
        353,
        465,
        578],
    [   165,
        233,
        200,
        324,
        273,
        100,
        221,
        231,
        71,
        326,
        125,
        374,
        261,
        266,
        322,
        418,
        393,
        24,
        169,
        173,
        55,
        147,
        311,
        84,
        386,
        176,
        233,
        358,
        73,
        95,
        311,
        184,
        105,
        327,
        445,
        0,
        361,
        266,
        325,
        169],
    [   250,
        383,
        412,
        199,
        102,
        452,
        277,
        130,
        416,
        54,
        252,
        187,
        445,
        122,
        318,
        217,
        295,
        369,
        273,
        486,
        309,
        353,
        86,
        445,
        63,
        199,
        246,
        349,
        289,
        282,
        139,
        318,
        318,
        109,
        131,
        361,
        0,
        356,
        473,
        471],
    [   147,
        53,
        112,
        180,
        333,
        350,
        85,
        270,
        249,
        359,
        193,
        230,
        103,
        347,
        82,
        528,
        174,
        290,
        123,
        436,
        234,
        393,
        369,
        321,
        413,
        205,
        111,
        104,
        258,
        199,
        407,
        84,
        337,
        255,
        353,
        266,
        356,
        0,
        117,
        435],
    [   252,
        103,
        125,
        293,
        447,
        387,
        199,
        383,
        283,
        476,
        289,
        339,
        65,
        459,
        177,
        640,
        261,
        349,
        225,
        479,
        310,
        468,
        484,
        355,
        530,
        313,
        228,
        174,
        340,
        286,
        519,
        177,
        415,
        372,
        465,
        325,
        473,
        117,
        0,
        482],
    [   329,
        398,
        357,
        483,
        370,
        97,
        389,
        353,
        198,
        424,
        282,
        528,
        416,
        354,
        491,
        450,
        560,
        145,
        337,
        19,
        213,
        125,
        399,
        129,
        476,
        322,
        398,
        527,
        209,
        257,
        376,
        354,
        154,
        467,
        578,
        169,
        471,
        435,
        482,
        0]]
;
task=[   319,
    64,
    230,
    93,
    118,
    105,
    326,
    283,
    14,
    261,
    280,
    89,
    59,
    241,
    128,
    9,
    96,
    15,
    497,
    0,
    59,
    145,
    231,
    123,
    151,
    0,
    166,
    20,
    41,
    388,
    295,
    121,
    4,
    302,
    3,
    349,
    234,
    214,
    44,
    1]
;
minW=[   9,
    24,
    154,
    109,
    0,
    231,
    20,
    8,
    210,
    152,
    24,
    197,
    25,
    36,
    206,
    123,
    209,
    72,
    11,
    213,
    54,
    48,
    162,
    202,
    72,
    0,
    37,
    113,
    8,
    72,
    98,
    8,
    167,
    34,
    205,
    159,
    67,
    49,
    293,
    153]
;
maxW=[   172,
    300,
    277,
    198,
    594,
    624,
    504,
    264,
    287,
    498,
    337,
    473,
    384,
    563,
    277,
    404,
    495,
    516,
    149,
    558,
    480,
    601,
    444,
    279,
    670,
    720,
    376,
    357,
    225,
    141,
    278,
    587,
    602,
    250,
    462,
    609,
    275,
    593,
    430,
    627]
;