// Generated by InstanceGenerator.py v0.1
// Juan Francisco Martinez Vera
// AMMM - MIRI, FIB UPC
//
// RAND_SEED=1484822407

bigM=100000;

nLocations=80;
startLocation=1;
distances=[   [   0,
        98,
        233,
        359,
        212,
        272,
        250,
        259,
        240,
        94,
        224,
        216,
        244,
        255,
        143,
        145,
        247,
        345,
        322,
        262,
        227,
        218,
        187,
        203,
        156,
        285,
        178,
        196,
        175,
        357,
        195,
        216,
        154,
        268,
        199,
        106,
        70,
        66,
        251,
        117,
        182,
        178,
        144,
        131,
        248,
        68,
        163,
        192,
        151,
        292,
        230,
        177,
        98,
        234,
        293,
        144,
        204,
        34,
        203,
        104,
        262,
        201,
        220,
        236,
        290,
        231,
        71,
        164,
        164,
        248,
        218,
        168,
        231,
        99,
        102,
        283,
        155,
        220,
        168,
        284],
    [   98,
        0,
        186,
        268,
        170,
        370,
        348,
        201,
        188,
        133,
        135,
        172,
        285,
        351,
        225,
        227,
        332,
        386,
        415,
        170,
        143,
        316,
        285,
        296,
        204,
        285,
        243,
        260,
        207,
        267,
        277,
        312,
        181,
        302,
        296,
        17,
        140,
        163,
        294,
        211,
        84,
        95,
        236,
        226,
        190,
        75,
        192,
        120,
        145,
        300,
        232,
        256,
        111,
        185,
        199,
        214,
        105,
        122,
        226,
        163,
        335,
        296,
        268,
        273,
        197,
        303,
        72,
        66,
        126,
        180,
        232,
        265,
        320,
        170,
        168,
        345,
        230,
        286,
        228,
        304],
    [   233,
        186,
        0,
        198,
        22,
        451,
        435,
        363,
        355,
        168,
        260,
        347,
        218,
        411,
        376,
        266,
        351,
        294,
        539,
        147,
        277,
        391,
        380,
        424,
        192,
        470,
        410,
        428,
        164,
        197,
        302,
        377,
        148,
        217,
        370,
        200,
        301,
        268,
        227,
        341,
        189,
        247,
        301,
        305,
        29,
        164,
        154,
        80,
        99,
        486,
        418,
        410,
        143,
        356,
        180,
        377,
        188,
        228,
        410,
        332,
        325,
        417,
        445,
        455,
        166,
        298,
        161,
        173,
        308,
        54,
        138,
        346,
        457,
        331,
        210,
        307,
        388,
        453,
        398,
        192],
    [   359,
        268,
        198,
        0,
        213,
        619,
        600,
        339,
        344,
        336,
        231,
        352,
        416,
        587,
        493,
        444,
        539,
        488,
        681,
        98,
        249,
        560,
        539,
        563,
        380,
        494,
        509,
        525,
        357,
        1,
        487,
        550,
        337,
        415,
        539,
        270,
        409,
        416,
        425,
        477,
        202,
        256,
        471,
        469,
        168,
        301,
        345,
        175,
        281,
        518,
        455,
        525,
        304,
        349,
        77,
        482,
        181,
        371,
        468,
        430,
        519,
        561,
        524,
        522,
        73,
        490,
        297,
        208,
        339,
        145,
        336,
        511,
        588,
        438,
        382,
        505,
        499,
        551,
        493,
        387],
    [   212,
        170,
        22,
        213,
        0,
        429,
        413,
        354,
        345,
        146,
        254,
        335,
        204,
        390,
        355,
        245,
        331,
        284,
        517,
        153,
        271,
        370,
        358,
        402,
        172,
        455,
        389,
        408,
        145,
        212,
        282,
        355,
        127,
        205,
        349,
        185,
        281,
        246,
        213,
        319,
        182,
        238,
        279,
        283,
        48,
        143,
        134,
        75,
        77,
        471,
        403,
        388,
        121,
        345,
        188,
        357,
        184,
        206,
        393,
        312,
        307,
        395,
        426,
        436,
        175,
        279,
        141,
        165,
        295,
        68,
        124,
        324,
        436,
        311,
        188,
        291,
        368,
        432,
        378,
        184],
    [   272,
        370,
        451,
        619,
        429,
        0,
        22,
        497,
        475,
        286,
        492,
        447,
        304,
        56,
        203,
        186,
        148,
        356,
        137,
        526,
        492,
        59,
        84,
        126,
        267,
        437,
        246,
        251,
        301,
        617,
        165,
        77,
        308,
        332,
        80,
        377,
        258,
        207,
        303,
        173,
        454,
        445,
        150,
        150,
        476,
        318,
        305,
        443,
        352,
        426,
        397,
        202,
        316,
        467,
        560,
        236,
        476,
        251,
        348,
        267,
        203,
        111,
        303,
        333,
        555,
        202,
        322,
        436,
        402,
        487,
        352,
        108,
        150,
        246,
        241,
        252,
        220,
        249,
        259,
        373],
    [   250,
        348,
        435,
        600,
        413,
        22,
        0,
        475,
        453,
        268,
        470,
        424,
        296,
        58,
        181,
        171,
        146,
        354,
        136,
        506,
        470,
        45,
        63,
        107,
        253,
        417,
        226,
        232,
        288,
        598,
        156,
        66,
        293,
        324,
        65,
        356,
        236,
        186,
        295,
        151,
        433,
        423,
        133,
        131,
        459,
        298,
        291,
        424,
        335,
        406,
        376,
        182,
        298,
        445,
        540,
        214,
        454,
        230,
        327,
        245,
        201,
        91,
        284,
        314,
        535,
        197,
        302,
        415,
        380,
        469,
        339,
        89,
        134,
        224,
        224,
        250,
        198,
        230,
        239,
        364],
    [   259,
        201,
        363,
        339,
        354,
        497,
        475,
        0,
        22,
        330,
        111,
        51,
        486,
        498,
        300,
        405,
        506,
        587,
        488,
        264,
        92,
        456,
        416,
        386,
        402,
        166,
        278,
        285,
        408,
        337,
        454,
        461,
        382,
        504,
        441,
        184,
        241,
        318,
        494,
        324,
        174,
        115,
        399,
        382,
        355,
        273,
        393,
        283,
        345,
        194,
        148,
        316,
        312,
        31,
        265,
        271,
        181,
        293,
        186,
        230,
        521,
        395,
        254,
        237,
        274,
        490,
        271,
        189,
        97,
        333,
        433,
        412,
        390,
        250,
        357,
        539,
        290,
        306,
        259,
        506],
    [   240,
        188,
        355,
        344,
        345,
        475,
        453,
        22,
        0,
        314,
        113,
        28,
        470,
        476,
        278,
        386,
        485,
        571,
        466,
        264,
        95,
        435,
        394,
        364,
        385,
        154,
        256,
        264,
        393,
        342,
        435,
        440,
        367,
        489,
        419,
        170,
        219,
        297,
        478,
        302,
        169,
        108,
        379,
        361,
        349,
        257,
        378,
        276,
        332,
        180,
        130,
        293,
        296,
        9,
        269,
        248,
        179,
        274,
        166,
        208,
        502,
        373,
        234,
        217,
        277,
        471,
        256,
        182,
        76,
        328,
        420,
        390,
        368,
        228,
        339,
        521,
        268,
        285,
        237,
        492],
    [   94,
        133,
        168,
        336,
        146,
        286,
        268,
        330,
        314,
        0,
        267,
        294,
        156,
        251,
        221,
        109,
        210,
        258,
        370,
        249,
        277,
        226,
        212,
        258,
        71,
        378,
        264,
        283,
        82,
        334,
        155,
        214,
        59,
        178,
        205,
        149,
        162,
        103,
        164,
        178,
        205,
        229,
        136,
        137,
        191,
        58,
        69,
        160,
        70,
        386,
        323,
        254,
        31,
        310,
        285,
        231,
        222,
        71,
        297,
        197,
        205,
        250,
        312,
        329,
        277,
        173,
        61,
        183,
        243,
        201,
        123,
        179,
        293,
        189,
        46,
        212,
        237,
        305,
        257,
        190],
    [   224,
        135,
        260,
        231,
        254,
        492,
        470,
        111,
        113,
        267,
        0,
        121,
        413,
        480,
        317,
        362,
        467,
        512,
        514,
        152,
        19,
        442,
        407,
        400,
        338,
        263,
        314,
        326,
        336,
        229,
        413,
        441,
        309,
        428,
        423,
        121,
        238,
        290,
        422,
        322,
        72,
        47,
        368,
        356,
        249,
        210,
        320,
        180,
        263,
        287,
        227,
        342,
        242,
        118,
        155,
        295,
        72,
        254,
        249,
        244,
        471,
        404,
        312,
        303,
        163,
        439,
        206,
        92,
        119,
        225,
        350,
        392,
        414,
        260,
        304,
        480,
        314,
        352,
        295,
        422],
    [   216,
        172,
        347,
        352,
        335,
        447,
        424,
        51,
        28,
        294,
        121,
        0,
        450,
        448,
        249,
        361,
        460,
        552,
        438,
        268,
        105,
        407,
        366,
        335,
        364,
        141,
        228,
        236,
        374,
        350,
        410,
        412,
        348,
        470,
        391,
        155,
        191,
        271,
        458,
        274,
        167,
        104,
        353,
        335,
        344,
        239,
        359,
        270,
        317,
        166,
        109,
        265,
        278,
        20,
        276,
        220,
        180,
        250,
        140,
        180,
        478,
        344,
        208,
        193,
        283,
        447,
        237,
        176,
        51,
        325,
        403,
        363,
        340,
        200,
        316,
        498,
        239,
        258,
        209,
        476],
    [   244,
        285,
        218,
        416,
        204,
        304,
        296,
        486,
        470,
        156,
        413,
        450,
        0,
        251,
        338,
        143,
        165,
        101,
        428,
        353,
        425,
        252,
        265,
        339,
        88,
        529,
        390,
        407,
        77,
        415,
        140,
        229,
        104,
        29,
        236,
        302,
        304,
        220,
        9,
        285,
        345,
        380,
        184,
        202,
        248,
        212,
        93,
        263,
        154,
        534,
        474,
        367,
        174,
        466,
        389,
        358,
        356,
        213,
        444,
        338,
        120,
        325,
        446,
        468,
        378,
        105,
        214,
        322,
        399,
        272,
        80,
        226,
        379,
        324,
        144,
        90,
        358,
        424,
        388,
        68],
    [   255,
        351,
        411,
        587,
        390,
        56,
        58,
        498,
        476,
        251,
        480,
        448,
        251,
        0,
        218,
        145,
        91,
        299,
        193,
        498,
        482,
        42,
        86,
        156,
        222,
        457,
        268,
        277,
        255,
        586,
        114,
        39,
        265,
        277,
        57,
        361,
        257,
        189,
        249,
        176,
        435,
        433,
        117,
        124,
        438,
        291,
        261,
        412,
        313,
        448,
        412,
        226,
        283,
        469,
        533,
        251,
        455,
        229,
        365,
        272,
        147,
        139,
        329,
        358,
        527,
        147,
        295,
        415,
        401,
        451,
        303,
        87,
        188,
        252,
        205,
        196,
        238,
        279,
        278,
        319],
    [   143,
        225,
        376,
        493,
        355,
        203,
        181,
        300,
        278,
        221,
        317,
        249,
        338,
        218,
        0,
        199,
        263,
        429,
        196,
        395,
        312,
        176,
        132,
        86,
        257,
        238,
        54,
        69,
        287,
        492,
        230,
        190,
        275,
        366,
        167,
        224,
        84,
        121,
        342,
        55,
        300,
        271,
        165,
        144,
        392,
        212,
        280,
        334,
        288,
        230,
        194,
        33,
        236,
        269,
        423,
        33,
        323,
        150,
        146,
        72,
        303,
        95,
        116,
        143,
        421,
        279,
        215,
        288,
        210,
        391,
        338,
        147,
        98,
        57,
        202,
        341,
        21,
        86,
        60,
        394],
    [   145,
        227,
        266,
        444,
        245,
        186,
        171,
        405,
        386,
        109,
        362,
        361,
        143,
        145,
        199,
        0,
        104,
        229,
        293,
        358,
        368,
        127,
        127,
        197,
        81,
        412,
        253,
        269,
        117,
        443,
        50,
        110,
        121,
        172,
        106,
        240,
        184,
        94,
        145,
        144,
        307,
        319,
        43,
        59,
        293,
        157,
        119,
        269,
        168,
        412,
        359,
        226,
        141,
        380,
        394,
        223,
        326,
        112,
        321,
        214,
        117,
        184,
        312,
        337,
        386,
        87,
        161,
        286,
        309,
        306,
        169,
        88,
        236,
        197,
        63,
        145,
        220,
        284,
        254,
        206],
    [   247,
        332,
        351,
        539,
        331,
        148,
        146,
        506,
        485,
        210,
        467,
        460,
        165,
        91,
        263,
        104,
        0,
        208,
        283,
        458,
        473,
        110,
        143,
        225,
        159,
        495,
        317,
        330,
        187,
        538,
        54,
        86,
        203,
        190,
        104,
        345,
        274,
        188,
        162,
        211,
        412,
        423,
        107,
        127,
        379,
        261,
        197,
        367,
        258,
        491,
        444,
        280,
        241,
        479,
        494,
        293,
        430,
        215,
        402,
        298,
        55,
        208,
        379,
        407,
        485,
        60,
        265,
        390,
        409,
        397,
        228,
        116,
        262,
        279,
        166,
        104,
        284,
        338,
        323,
        233],
    [   345,
        386,
        294,
        488,
        284,
        356,
        354,
        587,
        571,
        258,
        512,
        552,
        101,
        299,
        429,
        229,
        208,
        0,
        490,
        437,
        524,
        313,
        337,
        417,
        189,
        629,
        482,
        498,
        178,
        488,
        208,
        290,
        205,
        84,
        302,
        403,
        403,
        316,
        94,
        374,
        441,
        480,
        266,
        286,
        322,
        313,
        194,
        352,
        249,
        634,
        575,
        455,
        275,
        568,
        472,
        451,
        451,
        313,
        543,
        436,
        152,
        401,
        541,
        564,
        460,
        159,
        315,
        420,
        501,
        348,
        164,
        301,
        456,
        421,
        243,
        103,
        450,
        513,
        482,
        101],
    [   322,
        415,
        539,
        681,
        517,
        137,
        136,
        488,
        466,
        370,
        514,
        438,
        428,
        193,
        196,
        293,
        283,
        490,
        0,
        584,
        508,
        177,
        165,
        118,
        373,
        385,
        210,
        205,
        409,
        680,
        288,
        200,
        408,
        456,
        191,
        417,
        278,
        271,
        427,
        204,
        494,
        467,
        250,
        239,
        560,
        384,
        408,
        513,
        441,
        366,
        359,
        173,
        395,
        457,
        614,
        220,
        517,
        314,
        310,
        269,
        338,
        121,
        248,
        276,
        611,
        332,
        388,
        480,
        404,
        565,
        462,
        204,
        99,
        254,
        333,
        386,
        200,
        189,
        229,
        495],
    [   262,
        170,
        147,
        98,
        153,
        526,
        506,
        264,
        264,
        249,
        152,
        268,
        353,
        498,
        395,
        358,
        458,
        437,
        584,
        0,
        171,
        469,
        445,
        465,
        302,
        407,
        411,
        427,
        285,
        96,
        404,
        460,
        261,
        357,
        448,
        172,
        311,
        321,
        362,
        379,
        106,
        165,
        381,
        377,
        123,
        208,
        270,
        91,
        204,
        430,
        365,
        426,
        217,
        268,
        36,
        384,
        88,
        276,
        374,
        332,
        444,
        464,
        427,
        427,
        28,
        413,
        204,
        110,
        248,
        95,
        275,
        418,
        490,
        340,
        295,
        436,
        400,
        453,
        395,
        337],
    [   227,
        143,
        277,
        249,
        271,
        492,
        470,
        92,
        95,
        277,
        19,
        105,
        425,
        482,
        312,
        368,
        473,
        524,
        508,
        171,
        0,
        443,
        407,
        396,
        348,
        246,
        306,
        318,
        347,
        247,
        419,
        443,
        320,
        440,
        425,
        128,
        236,
        293,
        434,
        321,
        88,
        49,
        372,
        359,
        267,
        218,
        332,
        197,
        276,
        271,
        212,
        336,
        252,
        100,
        173,
        289,
        91,
        258,
        236,
        239,
        479,
        401,
        300,
        291,
        182,
        447,
        215,
        107,
        108,
        243,
        364,
        394,
        409,
        256,
        312,
        489,
        308,
        342,
        287,
        436],
    [   218,
        316,
        391,
        560,
        370,
        59,
        45,
        456,
        435,
        226,
        442,
        407,
        252,
        42,
        176,
        127,
        110,
        313,
        177,
        469,
        443,
        0,
        43,
        119,
        208,
        414,
        226,
        235,
        243,
        559,
        112,
        23,
        248,
        280,
        21,
        324,
        215,
        153,
        251,
        134,
        400,
        395,
        90,
        91,
        417,
        260,
        246,
        385,
        292,
        406,
        369,
        184,
        256,
        427,
        503,
        209,
        421,
        195,
        322,
        230,
        163,
        101,
        287,
        316,
        497,
        155,
        264,
        381,
        360,
        427,
        294,
        50,
        154,
        209,
        182,
        211,
        195,
        239,
        236,
        320],
    [   187,
        285,
        380,
        539,
        358,
        84,
        63,
        416,
        394,
        212,
        407,
        366,
        265,
        86,
        132,
        127,
        143,
        337,
        165,
        445,
        407,
        43,
        0,
        81,
        208,
        370,
        182,
        192,
        243,
        537,
        129,
        60,
        243,
        294,
        39,
        293,
        175,
        124,
        266,
        91,
        370,
        360,
        84,
        75,
        403,
        237,
        243,
        365,
        281,
        362,
        325,
        141,
        240,
        386,
        478,
        165,
        391,
        168,
        278,
        187,
        192,
        65,
        244,
        273,
        473,
        178,
        241,
        352,
        320,
        412,
        296,
        39,
        120,
        167,
        171,
        238,
        152,
        197,
        192,
        331],
    [   203,
        296,
        424,
        563,
        402,
        126,
        107,
        386,
        364,
        258,
        400,
        335,
        339,
        156,
        86,
        197,
        225,
        417,
        118,
        465,
        396,
        119,
        81,
        0,
        272,
        312,
        121,
        125,
        306,
        561,
        209,
        139,
        301,
        369,
        120,
        299,
        162,
        156,
        341,
        86,
        377,
        353,
        155,
        138,
        444,
        267,
        304,
        395,
        329,
        300,
        274,
        77,
        281,
        355,
        495,
        116,
        399,
        197,
        225,
        158,
        274,
        17,
        177,
        207,
        493,
        258,
        270,
        362,
        297,
        448,
        360,
        116,
        39,
        140,
        225,
        319,
        98,
        123,
        136,
        403],
    [   156,
        204,
        192,
        380,
        172,
        267,
        253,
        402,
        385,
        71,
        338,
        364,
        88,
        222,
        257,
        81,
        159,
        189,
        373,
        302,
        348,
        208,
        208,
        272,
        0,
        441,
        307,
        324,
        35,
        379,
        110,
        190,
        44,
        113,
        188,
        221,
        216,
        136,
        95,
        206,
        273,
        300,
        123,
        135,
        220,
        129,
        39,
        211,
        99,
        446,
        386,
        288,
        96,
        381,
        339,
        274,
        288,
        125,
        356,
        250,
        141,
        260,
        361,
        381,
        329,
        111,
        132,
        251,
        313,
        237,
        88,
        169,
        310,
        238,
        57,
        141,
        276,
        343,
        303,
        136],
    [   285,
        285,
        470,
        494,
        455,
        437,
        417,
        166,
        154,
        378,
        263,
        141,
        529,
        457,
        238,
        412,
        495,
        629,
        385,
        407,
        246,
        414,
        370,
        312,
        441,
        0,
        191,
        188,
        460,
        492,
        453,
        427,
        437,
        554,
        405,
        270,
        228,
        318,
        536,
        285,
        303,
        241,
        389,
        368,
        471,
        333,
        447,
        397,
        420,
        28,
        55,
        235,
        372,
        146,
        417,
        205,
        319,
        316,
        92,
        198,
        527,
        326,
        138,
        109,
        424,
        499,
        333,
        308,
        163,
        456,
        499,
        382,
        299,
        216,
        385,
        557,
        219,
        198,
        178,
        568],
    [   178,
        243,
        410,
        509,
        389,
        246,
        226,
        278,
        256,
        264,
        314,
        228,
        390,
        268,
        54,
        253,
        317,
        482,
        210,
        411,
        306,
        226,
        182,
        121,
        307,
        191,
        0,
        18,
        336,
        507,
        285,
        242,
        321,
        418,
        220,
        239,
        108,
        170,
        394,
        109,
        310,
        270,
        220,
        198,
        423,
        246,
        327,
        359,
        328,
        180,
        153,
        44,
        275,
        247,
        435,
        33,
        332,
        193,
        104,
        80,
        357,
        134,
        62,
        90,
        436,
        334,
        248,
        301,
        198,
        418,
        385,
        201,
        114,
        78,
        250,
        395,
        33,
        43,
        18,
        444],
    [   196,
        260,
        428,
        525,
        408,
        251,
        232,
        285,
        264,
        283,
        326,
        236,
        407,
        277,
        69,
        269,
        330,
        498,
        205,
        427,
        318,
        235,
        192,
        125,
        324,
        188,
        18,
        0,
        353,
        523,
        299,
        252,
        339,
        435,
        230,
        255,
        126,
        188,
        411,
        124,
        325,
        284,
        235,
        213,
        441,
        264,
        345,
        377,
        346,
        174,
        154,
        50,
        293,
        254,
        451,
        51,
        347,
        211,
        105,
        97,
        371,
        140,
        52,
        82,
        452,
        349,
        267,
        317,
        209,
        436,
        403,
        213,
        112,
        96,
        268,
        410,
        48,
        26,
        32,
        461],
    [   175,
        207,
        164,
        357,
        145,
        301,
        288,
        408,
        393,
        82,
        336,
        374,
        77,
        255,
        287,
        117,
        187,
        178,
        409,
        285,
        347,
        243,
        243,
        306,
        35,
        460,
        336,
        353,
        0,
        356,
        142,
        224,
        27,
        96,
        223,
        225,
        240,
        165,
        86,
        238,
        268,
        302,
        158,
        170,
        193,
        135,
        15,
        193,
        81,
        467,
        404,
        319,
        96,
        390,
        322,
        302,
        280,
        147,
        378,
        275,
        161,
        295,
        388,
        407,
        311,
        134,
        137,
        246,
        324,
        212,
        53,
        205,
        345,
        264,
        85,
        151,
        306,
        373,
        331,
        109],
    [   357,
        267,
        197,
        1,
        212,
        617,
        598,
        337,
        342,
        334,
        229,
        350,
        415,
        586,
        492,
        443,
        538,
        488,
        680,
        96,
        247,
        559,
        537,
        561,
        379,
        492,
        507,
        523,
        356,
        0,
        486,
        548,
        335,
        414,
        537,
        268,
        407,
        414,
        424,
        475,
        200,
        254,
        470,
        467,
        167,
        300,
        343,
        174,
        279,
        516,
        453,
        523,
        303,
        348,
        75,
        480,
        179,
        369,
        466,
        428,
        518,
        559,
        522,
        520,
        71,
        489,
        296,
        206,
        337,
        144,
        335,
        509,
        586,
        436,
        380,
        503,
        497,
        550,
        491,
        386],
    [   195,
        277,
        302,
        487,
        282,
        165,
        156,
        454,
        435,
        155,
        413,
        410,
        140,
        114,
        230,
        50,
        54,
        208,
        288,
        404,
        419,
        112,
        129,
        209,
        110,
        453,
        285,
        299,
        142,
        486,
        0,
        89,
        154,
        168,
        96,
        291,
        228,
        139,
        139,
        175,
        357,
        369,
        65,
        86,
        330,
        206,
        149,
        314,
        207,
        452,
        401,
        252,
        187,
        429,
        440,
        257,
        375,
        162,
        362,
        255,
        73,
        193,
        346,
        372,
        432,
        50,
        210,
        335,
        358,
        346,
        188,
        93,
        248,
        237,
        111,
        111,
        252,
        311,
        288,
        208],
    [   216,
        312,
        377,
        550,
        355,
        77,
        66,
        461,
        440,
        214,
        441,
        412,
        229,
        39,
        190,
        110,
        86,
        290,
        200,
        460,
        443,
        23,
        60,
        139,
        190,
        427,
        242,
        252,
        224,
        548,
        89,
        0,
        231,
        257,
        22,
        322,
        221,
        150,
        228,
        143,
        396,
        394,
        78,
        85,
        403,
        252,
        229,
        374,
        278,
        420,
        380,
        201,
        245,
        432,
        495,
        222,
        416,
        190,
        335,
        238,
        139,
        122,
        303,
        332,
        488,
        131,
        256,
        376,
        364,
        415,
        275,
        49,
        176,
        218,
        169,
        187,
        210,
        257,
        250,
        298],
    [   154,
        181,
        148,
        337,
        127,
        308,
        293,
        382,
        367,
        59,
        309,
        348,
        104,
        265,
        275,
        121,
        203,
        205,
        408,
        261,
        320,
        248,
        243,
        301,
        44,
        437,
        321,
        339,
        27,
        335,
        154,
        231,
        0,
        122,
        228,
        198,
        222,
        153,
        113,
        228,
        241,
        275,
        160,
        168,
        176,
        109,
        11,
        169,
        56,
        446,
        382,
        307,
        70,
        364,
        298,
        287,
        253,
        129,
        357,
        257,
        183,
        291,
        371,
        389,
        287,
        153,
        111,
        219,
        298,
        193,
        64,
        206,
        338,
        247,
        76,
        177,
        293,
        360,
        315,
        130],
    [   268,
        302,
        217,
        415,
        205,
        332,
        324,
        504,
        489,
        178,
        428,
        470,
        29,
        277,
        366,
        172,
        190,
        84,
        456,
        357,
        440,
        280,
        294,
        369,
        113,
        554,
        418,
        435,
        96,
        414,
        168,
        257,
        122,
        0,
        264,
        320,
        330,
        248,
        28,
        313,
        357,
        396,
        214,
        231,
        246,
        231,
        111,
        270,
        165,
        560,
        499,
        395,
        192,
        486,
        393,
        386,
        367,
        238,
        470,
        364,
        141,
        355,
        474,
        495,
        381,
        131,
        233,
        335,
        420,
        272,
        82,
        255,
        408,
        351,
        170,
        104,
        387,
        453,
        416,
        43],
    [   199,
        296,
        370,
        539,
        349,
        80,
        65,
        441,
        419,
        205,
        423,
        391,
        236,
        57,
        167,
        106,
        104,
        302,
        191,
        448,
        425,
        21,
        39,
        120,
        188,
        405,
        220,
        230,
        223,
        537,
        96,
        22,
        228,
        264,
        0,
        305,
        200,
        133,
        236,
        121,
        380,
        376,
        69,
        71,
        396,
        239,
        226,
        363,
        271,
        398,
        358,
        180,
        235,
        412,
        482,
        200,
        401,
        174,
        313,
        216,
        154,
        103,
        281,
        310,
        476,
        142,
        243,
        361,
        344,
        406,
        275,
        30,
        158,
        196,
        160,
        201,
        188,
        236,
        228,
        303],
    [   106,
        17,
        200,
        270,
        185,
        377,
        356,
        184,
        170,
        149,
        121,
        155,
        302,
        361,
        224,
        240,
        345,
        403,
        417,
        172,
        128,
        324,
        293,
        299,
        221,
        270,
        239,
        255,
        225,
        268,
        291,
        322,
        198,
        320,
        305,
        0,
        140,
        172,
        311,
        215,
        77,
        79,
        248,
        236,
        203,
        91,
        209,
        130,
        162,
        286,
        218,
        255,
        128,
        168,
        198,
        211,
        100,
        133,
        214,
        159,
        351,
        300,
        259,
        263,
        197,
        318,
        89,
        63,
        110,
        190,
        249,
        274,
        321,
        168,
        183,
        362,
        228,
        281,
        223,
        322],
    [   70,
        140,
        301,
        409,
        281,
        258,
        236,
        241,
        219,
        162,
        238,
        191,
        304,
        257,
        84,
        184,
        274,
        403,
        278,
        311,
        236,
        215,
        175,
        162,
        216,
        228,
        108,
        126,
        240,
        407,
        228,
        221,
        222,
        330,
        200,
        140,
        0,
        90,
        310,
        85,
        216,
        191,
        166,
        146,
        314,
        137,
        229,
        252,
        222,
        231,
        174,
        115,
        169,
        211,
        338,
        76,
        239,
        92,
        140,
        34,
        300,
        165,
        150,
        166,
        337,
        271,
        140,
        203,
        144,
        311,
        286,
        171,
        181,
        30,
        160,
        329,
        90,
        151,
        97,
        350],
    [   66,
        163,
        268,
        416,
        246,
        207,
        186,
        318,
        297,
        103,
        290,
        271,
        220,
        189,
        121,
        94,
        188,
        316,
        271,
        321,
        293,
        153,
        124,
        156,
        136,
        318,
        170,
        188,
        165,
        414,
        139,
        150,
        153,
        248,
        133,
        172,
        90,
        0,
        225,
        75,
        247,
        244,
        81,
        65,
        289,
        114,
        158,
        243,
        173,
        319,
        265,
        153,
        124,
        291,
        354,
        138,
        268,
        44,
        228,
        121,
        210,
        149,
        226,
        248,
        349,
        181,
        118,
        228,
        221,
        293,
        217,
        102,
        190,
        105,
        80,
        239,
        140,
        207,
        167,
        273],
    [   251,
        294,
        227,
        425,
        213,
        303,
        295,
        494,
        478,
        164,
        422,
        458,
        9,
        249,
        342,
        145,
        162,
        94,
        427,
        362,
        434,
        251,
        266,
        341,
        95,
        536,
        394,
        411,
        86,
        424,
        139,
        228,
        113,
        28,
        236,
        311,
        310,
        225,
        0,
        288,
        354,
        388,
        186,
        205,
        257,
        220,
        102,
        272,
        163,
        541,
        481,
        370,
        182,
        474,
        398,
        363,
        365,
        220,
        450,
        344,
        115,
        327,
        451,
        473,
        387,
        102,
        222,
        332,
        407,
        281,
        89,
        227,
        381,
        330,
        150,
        82,
        363,
        428,
        393,
        71],
    [   117,
        211,
        341,
        477,
        319,
        173,
        151,
        324,
        302,
        178,
        322,
        274,
        285,
        176,
        55,
        144,
        211,
        374,
        204,
        379,
        321,
        134,
        91,
        86,
        206,
        285,
        109,
        124,
        238,
        475,
        175,
        143,
        228,
        313,
        121,
        215,
        85,
        75,
        288,
        0,
        293,
        275,
        110,
        89,
        360,
        181,
        232,
        309,
        248,
        280,
        237,
        82,
        198,
        294,
        410,
        82,
        316,
        113,
        192,
        96,
        248,
        84,
        170,
        197,
        407,
        224,
        185,
        278,
        229,
        362,
        290,
        97,
        116,
        75,
        153,
        286,
        76,
        139,
        113,
        342],
    [   182,
        84,
        189,
        202,
        182,
        454,
        433,
        174,
        169,
        205,
        72,
        167,
        345,
        435,
        300,
        307,
        412,
        441,
        494,
        106,
        88,
        400,
        370,
        377,
        273,
        303,
        310,
        325,
        268,
        200,
        357,
        396,
        241,
        357,
        380,
        77,
        216,
        247,
        354,
        293,
        0,
        62,
        320,
        310,
        180,
        150,
        252,
        109,
        192,
        324,
        258,
        329,
        177,
        171,
        126,
        285,
        22,
        206,
        267,
        232,
        411,
        378,
        322,
        320,
        128,
        379,
        146,
        22,
        141,
        159,
        279,
        350,
        397,
        243,
        246,
        415,
        302,
        351,
        292,
        350],
    [   178,
        95,
        247,
        256,
        238,
        445,
        423,
        115,
        108,
        229,
        47,
        104,
        380,
        433,
        271,
        319,
        423,
        480,
        467,
        165,
        49,
        395,
        360,
        353,
        300,
        241,
        270,
        284,
        302,
        254,
        369,
        394,
        275,
        396,
        376,
        79,
        191,
        244,
        388,
        275,
        62,
        0,
        323,
        310,
        241,
        170,
        286,
        168,
        233,
        264,
        199,
        296,
        206,
        109,
        178,
        250,
        77,
        209,
        214,
        199,
        430,
        357,
        273,
        268,
        183,
        398,
        168,
        74,
        83,
        221,
        322,
        346,
        369,
        213,
        263,
        441,
        269,
        309,
        252,
        394],
    [   144,
        236,
        301,
        471,
        279,
        150,
        133,
        399,
        379,
        136,
        368,
        353,
        184,
        117,
        165,
        43,
        107,
        266,
        250,
        381,
        372,
        90,
        84,
        155,
        123,
        389,
        220,
        235,
        158,
        470,
        65,
        78,
        160,
        214,
        69,
        248,
        166,
        81,
        186,
        110,
        320,
        323,
        0,
        21,
        326,
        174,
        159,
        295,
        202,
        387,
        338,
        189,
        167,
        372,
        416,
        192,
        340,
        114,
        297,
        192,
        138,
        141,
        281,
        307,
        410,
        113,
        178,
        299,
        302,
        337,
        211,
        46,
        194,
        173,
        91,
        175,
        187,
        248,
        223,
        248],
    [   131,
        226,
        305,
        469,
        283,
        150,
        131,
        382,
        361,
        137,
        356,
        335,
        202,
        124,
        144,
        59,
        127,
        286,
        239,
        377,
        359,
        91,
        75,
        138,
        135,
        368,
        198,
        213,
        170,
        467,
        86,
        85,
        168,
        231,
        71,
        236,
        146,
        65,
        205,
        89,
        310,
        310,
        21,
        0,
        329,
        168,
        169,
        293,
        205,
        366,
        317,
        168,
        166,
        355,
        411,
        171,
        331,
        104,
        276,
        171,
        160,
        125,
        259,
        285,
        405,
        135,
        172,
        290,
        285,
        338,
        223,
        42,
        177,
        152,
        95,
        196,
        165,
        227,
        201,
        265],
    [   248,
        190,
        29,
        168,
        48,
        476,
        459,
        355,
        349,
        191,
        249,
        344,
        248,
        438,
        392,
        293,
        379,
        322,
        560,
        123,
        267,
        417,
        403,
        444,
        220,
        471,
        423,
        441,
        193,
        167,
        330,
        403,
        176,
        246,
        396,
        203,
        314,
        289,
        257,
        360,
        180,
        241,
        326,
        329,
        0,
        180,
        182,
        74,
        124,
        489,
        421,
        426,
        164,
        351,
        155,
        391,
        176,
        247,
        417,
        344,
        354,
        438,
        455,
        463,
        141,
        327,
        177,
        167,
        308,
        28,
        167,
        370,
        476,
        345,
        235,
        337,
        403,
        466,
        410,
        220],
    [   68,
        75,
        164,
        301,
        143,
        318,
        298,
        273,
        257,
        58,
        210,
        239,
        212,
        291,
        212,
        157,
        261,
        313,
        384,
        208,
        218,
        260,
        237,
        267,
        129,
        333,
        246,
        264,
        135,
        300,
        206,
        252,
        109,
        231,
        239,
        91,
        137,
        114,
        220,
        181,
        150,
        170,
        174,
        168,
        180,
        0,
        120,
        128,
        88,
        344,
        278,
        245,
        40,
        254,
        242,
        213,
        168,
        70,
        260,
        170,
        261,
        262,
        286,
        298,
        236,
        229,
        4,
        128,
        189,
        181,
        167,
        210,
        297,
        168,
        96,
        270,
        224,
        289,
        235,
        238],
    [   163,
        192,
        154,
        345,
        134,
        305,
        291,
        393,
        378,
        69,
        320,
        359,
        93,
        261,
        280,
        119,
        197,
        194,
        408,
        270,
        332,
        246,
        243,
        304,
        39,
        447,
        327,
        345,
        15,
        343,
        149,
        229,
        11,
        111,
        226,
        209,
        229,
        158,
        102,
        232,
        252,
        286,
        159,
        169,
        182,
        120,
        0,
        179,
        66,
        455,
        392,
        312,
        81,
        374,
        307,
        294,
        264,
        137,
        366,
        264,
        174,
        293,
        378,
        396,
        297,
        145,
        122,
        230,
        309,
        200,
        58,
        206,
        341,
        254,
        79,
        166,
        298,
        366,
        322,
        121],
    [   192,
        120,
        80,
        175,
        75,
        443,
        424,
        283,
        276,
        160,
        180,
        270,
        263,
        412,
        334,
        269,
        367,
        352,
        513,
        91,
        197,
        385,
        365,
        395,
        211,
        397,
        359,
        377,
        193,
        174,
        314,
        374,
        169,
        270,
        363,
        130,
        252,
        243,
        272,
        309,
        109,
        168,
        295,
        293,
        74,
        128,
        179,
        0,
        112,
        416,
        348,
        367,
        129,
        277,
        128,
        329,
        109,
        199,
        345,
        279,
        352,
        391,
        387,
        393,
        118,
        322,
        124,
        94,
        234,
        60,
        188,
        335,
        424,
        283,
        206,
        345,
        343,
        403,
        345,
        254],
    [   151,
        145,
        99,
        281,
        77,
        352,
        335,
        345,
        332,
        70,
        263,
        317,
        154,
        313,
        288,
        168,
        258,
        249,
        441,
        204,
        276,
        292,
        281,
        329,
        99,
        420,
        328,
        346,
        81,
        279,
        207,
        278,
        56,
        165,
        271,
        162,
        222,
        173,
        163,
        248,
        192,
        233,
        202,
        205,
        124,
        88,
        66,
        112,
        0,
        432,
        366,
        322,
        53,
        330,
        241,
        294,
        202,
        137,
        348,
        256,
        240,
        321,
        371,
        385,
        231,
        210,
        87,
        170,
        270,
        138,
        88,
        246,
        363,
        250,
        110,
        232,
        303,
        370,
        319,
        160],
    [   292,
        300,
        486,
        518,
        471,
        426,
        406,
        194,
        180,
        386,
        287,
        166,
        534,
        448,
        230,
        412,
        491,
        634,
        366,
        430,
        271,
        406,
        362,
        300,
        446,
        28,
        180,
        174,
        467,
        516,
        452,
        420,
        446,
        560,
        398,
        286,
        231,
        319,
        541,
        280,
        324,
        264,
        387,
        366,
        489,
        344,
        455,
        416,
        432,
        0,
        67,
        224,
        383,
        173,
        441,
        198,
        341,
        321,
        91,
        198,
        526,
        315,
        123,
        93,
        447,
        499,
        345,
        328,
        183,
        474,
        508,
        377,
        284,
        215,
        390,
        558,
        210,
        181,
        170,
        576],
    [   230,
        232,
        418,
        455,
        403,
        397,
        376,
        148,
        130,
        323,
        227,
        109,
        474,
        412,
        194,
        359,
        444,
        575,
        359,
        365,
        212,
        369,
        325,
        274,
        386,
        55,
        153,
        154,
        404,
        453,
        401,
        380,
        382,
        499,
        358,
        218,
        174,
        265,
        481,
        237,
        258,
        199,
        338,
        317,
        421,
        278,
        392,
        348,
        366,
        67,
        0,
        197,
        318,
        121,
        378,
        161,
        276,
        261,
        49,
        146,
        474,
        286,
        112,
        90,
        383,
        446,
        279,
        261,
        117,
        407,
        444,
        334,
        267,
        165,
        331,
        504,
        177,
        170,
        138,
        513],
    [   177,
        256,
        410,
        525,
        388,
        202,
        182,
        316,
        293,
        254,
        342,
        265,
        367,
        226,
        33,
        226,
        280,
        455,
        173,
        426,
        336,
        184,
        141,
        77,
        288,
        235,
        44,
        50,
        319,
        523,
        252,
        201,
        307,
        395,
        180,
        255,
        115,
        153,
        370,
        82,
        329,
        296,
        189,
        168,
        426,
        245,
        312,
        367,
        322,
        224,
        197,
        0,
        269,
        284,
        453,
        46,
        352,
        184,
        148,
        97,
        323,
        90,
        103,
        132,
        452,
        302,
        248,
        318,
        231,
        424,
        370,
        164,
        74,
        86,
        233,
        364,
        27,
        59,
        59,
        424],
    [   98,
        111,
        143,
        304,
        121,
        316,
        298,
        312,
        296,
        31,
        242,
        278,
        174,
        283,
        236,
        141,
        241,
        275,
        395,
        217,
        252,
        256,
        240,
        281,
        96,
        372,
        275,
        293,
        96,
        303,
        187,
        245,
        70,
        192,
        235,
        128,
        169,
        124,
        182,
        198,
        177,
        206,
        167,
        166,
        164,
        40,
        81,
        129,
        53,
        383,
        318,
        269,
        0,
        293,
        253,
        241,
        192,
        85,
        297,
        203,
        234,
        274,
        319,
        333,
        245,
        202,
        41,
        155,
        229,
        171,
        127,
        208,
        314,
        197,
        78,
        238,
        250,
        317,
        266,
        198],
    [   234,
        185,
        356,
        349,
        345,
        467,
        445,
        31,
        9,
        310,
        118,
        20,
        466,
        469,
        269,
        380,
        479,
        568,
        457,
        268,
        100,
        427,
        386,
        355,
        381,
        146,
        247,
        254,
        390,
        348,
        429,
        432,
        364,
        486,
        412,
        168,
        211,
        291,
        474,
        294,
        171,
        109,
        372,
        355,
        351,
        254,
        374,
        277,
        330,
        173,
        121,
        284,
        293,
        0,
        274,
        239,
        182,
        268,
        156,
        200,
        497,
        364,
        224,
        208,
        282,
        465,
        252,
        183,
        70,
        330,
        417,
        383,
        359,
        220,
        334,
        516,
        259,
        276,
        228,
        490],
    [   293,
        199,
        180,
        77,
        188,
        560,
        540,
        265,
        269,
        285,
        155,
        276,
        389,
        533,
        423,
        394,
        494,
        472,
        614,
        36,
        173,
        503,
        478,
        495,
        339,
        417,
        435,
        451,
        322,
        75,
        440,
        495,
        298,
        393,
        482,
        198,
        338,
        354,
        398,
        410,
        126,
        178,
        416,
        411,
        155,
        242,
        307,
        128,
        241,
        441,
        378,
        453,
        253,
        274,
        0,
        409,
        104,
        310,
        391,
        357,
        481,
        495,
        448,
        445,
        14,
        450,
        238,
        135,
        262,
        126,
        311,
        453,
        519,
        367,
        331,
        473,
        427,
        477,
        419,
        372],
    [   144,
        214,
        377,
        482,
        357,
        236,
        214,
        271,
        248,
        231,
        295,
        220,
        358,
        251,
        33,
        223,
        293,
        451,
        220,
        384,
        289,
        209,
        165,
        116,
        274,
        205,
        33,
        51,
        302,
        480,
        257,
        222,
        287,
        386,
        200,
        211,
        76,
        138,
        363,
        82,
        285,
        250,
        192,
        171,
        391,
        213,
        294,
        329,
        294,
        198,
        161,
        46,
        241,
        239,
        409,
        0,
        307,
        159,
        113,
        52,
        330,
        127,
        89,
        114,
        409,
        306,
        215,
        274,
        184,
        387,
        352,
        178,
        121,
        45,
        217,
        367,
        19,
        75,
        30,
        411],
    [   204,
        105,
        188,
        181,
        184,
        476,
        454,
        181,
        179,
        222,
        72,
        180,
        356,
        455,
        323,
        326,
        430,
        451,
        517,
        88,
        91,
        421,
        391,
        399,
        288,
        319,
        332,
        347,
        280,
        179,
        375,
        416,
        253,
        367,
        401,
        100,
        239,
        268,
        365,
        316,
        22,
        77,
        340,
        331,
        176,
        168,
        264,
        109,
        202,
        341,
        276,
        352,
        192,
        182,
        104,
        307,
        0,
        226,
        287,
        255,
        427,
        400,
        343,
        340,
        108,
        395,
        164,
        40,
        159,
        152,
        288,
        371,
        420,
        266,
        264,
        429,
        325,
        373,
        315,
        358],
    [   34,
        122,
        228,
        371,
        206,
        251,
        230,
        293,
        274,
        71,
        254,
        250,
        213,
        229,
        150,
        112,
        215,
        313,
        314,
        276,
        258,
        195,
        168,
        197,
        125,
        316,
        193,
        211,
        147,
        369,
        162,
        190,
        129,
        238,
        174,
        133,
        92,
        44,
        220,
        113,
        206,
        209,
        114,
        104,
        247,
        70,
        137,
        199,
        137,
        321,
        261,
        184,
        85,
        268,
        310,
        159,
        226,
        0,
        231,
        127,
        228,
        192,
        241,
        259,
        305,
        197,
        74,
        186,
        198,
        250,
        194,
        144,
        229,
        117,
        69,
        249,
        166,
        233,
        186,
        257],
    [   203,
        226,
        410,
        468,
        393,
        348,
        327,
        186,
        166,
        297,
        249,
        140,
        444,
        365,
        146,
        321,
        402,
        543,
        310,
        374,
        236,
        322,
        278,
        225,
        356,
        92,
        104,
        105,
        378,
        466,
        362,
        335,
        357,
        470,
        313,
        214,
        140,
        228,
        450,
        192,
        267,
        214,
        297,
        276,
        417,
        260,
        366,
        345,
        348,
        91,
        49,
        148,
        297,
        156,
        391,
        113,
        287,
        231,
        0,
        107,
        435,
        238,
        68,
        54,
        395,
        408,
        260,
        266,
        130,
        405,
        421,
        289,
        218,
        124,
        299,
        467,
        128,
        123,
        89,
        487],
    [   104,
        163,
        332,
        430,
        312,
        267,
        245,
        230,
        208,
        197,
        244,
        180,
        338,
        272,
        72,
        214,
        298,
        436,
        269,
        332,
        239,
        230,
        187,
        158,
        250,
        198,
        80,
        97,
        275,
        428,
        255,
        238,
        257,
        364,
        216,
        159,
        34,
        121,
        344,
        96,
        232,
        199,
        192,
        171,
        344,
        170,
        264,
        279,
        256,
        198,
        146,
        97,
        203,
        200,
        357,
        52,
        255,
        127,
        107,
        0,
        329,
        165,
        115,
        132,
        357,
        301,
        172,
        222,
        138,
        339,
        321,
        190,
        170,
        20,
        194,
        359,
        70,
        123,
        66,
        385],
    [   262,
        335,
        325,
        519,
        307,
        203,
        201,
        521,
        502,
        205,
        471,
        478,
        120,
        147,
        303,
        117,
        55,
        152,
        338,
        444,
        479,
        163,
        192,
        274,
        141,
        527,
        357,
        371,
        161,
        518,
        73,
        139,
        183,
        141,
        154,
        351,
        300,
        210,
        115,
        248,
        411,
        430,
        138,
        160,
        354,
        261,
        174,
        352,
        240,
        526,
        474,
        323,
        234,
        497,
        481,
        330,
        427,
        228,
        435,
        329,
        0,
        258,
        419,
        445,
        471,
        32,
        265,
        388,
        426,
        374,
        193,
        160,
        312,
        310,
        167,
        48,
        324,
        382,
        361,
        185],
    [   201,
        296,
        417,
        561,
        395,
        111,
        91,
        395,
        373,
        250,
        404,
        344,
        325,
        139,
        95,
        184,
        208,
        401,
        121,
        464,
        401,
        101,
        65,
        17,
        260,
        326,
        134,
        140,
        295,
        559,
        193,
        122,
        291,
        355,
        103,
        300,
        165,
        149,
        327,
        84,
        378,
        357,
        141,
        125,
        438,
        262,
        293,
        391,
        321,
        315,
        286,
        90,
        274,
        364,
        495,
        127,
        400,
        192,
        238,
        165,
        258,
        0,
        192,
        222,
        491,
        242,
        266,
        362,
        303,
        443,
        348,
        100,
        55,
        146,
        215,
        303,
        109,
        140,
        148,
        390],
    [   220,
        268,
        445,
        524,
        426,
        303,
        284,
        254,
        234,
        312,
        312,
        208,
        446,
        329,
        116,
        312,
        379,
        541,
        248,
        427,
        300,
        287,
        244,
        177,
        361,
        138,
        62,
        52,
        388,
        522,
        346,
        303,
        371,
        474,
        281,
        259,
        150,
        226,
        451,
        170,
        322,
        273,
        281,
        259,
        455,
        286,
        378,
        387,
        371,
        123,
        112,
        103,
        319,
        224,
        448,
        89,
        343,
        241,
        68,
        115,
        419,
        192,
        0,
        29,
        450,
        395,
        287,
        317,
        192,
        448,
        436,
        263,
        161,
        123,
        304,
        456,
        94,
        59,
        58,
        497],
    [   236,
        273,
        455,
        522,
        436,
        333,
        314,
        237,
        217,
        329,
        303,
        193,
        468,
        358,
        143,
        337,
        407,
        564,
        276,
        427,
        291,
        316,
        273,
        207,
        381,
        109,
        90,
        82,
        407,
        520,
        372,
        332,
        389,
        495,
        310,
        263,
        166,
        248,
        473,
        197,
        320,
        268,
        307,
        285,
        463,
        298,
        396,
        393,
        385,
        93,
        90,
        132,
        333,
        208,
        445,
        114,
        340,
        259,
        54,
        132,
        445,
        222,
        29,
        0,
        448,
        420,
        299,
        318,
        185,
        453,
        453,
        291,
        191,
        143,
        324,
        481,
        122,
        88,
        83,
        516],
    [   290,
        197,
        166,
        73,
        175,
        555,
        535,
        274,
        277,
        277,
        163,
        283,
        378,
        527,
        421,
        386,
        485,
        460,
        611,
        28,
        182,
        497,
        473,
        493,
        329,
        424,
        436,
        452,
        311,
        71,
        432,
        488,
        287,
        381,
        476,
        197,
        337,
        349,
        387,
        407,
        128,
        183,
        410,
        405,
        141,
        236,
        297,
        118,
        231,
        447,
        383,
        452,
        245,
        282,
        14,
        409,
        108,
        305,
        395,
        357,
        471,
        491,
        450,
        448,
        0,
        441,
        232,
        135,
        267,
        112,
        299,
        447,
        517,
        366,
        323,
        462,
        426,
        478,
        419,
        359],
    [   231,
        303,
        298,
        490,
        279,
        202,
        197,
        490,
        471,
        173,
        439,
        447,
        105,
        147,
        279,
        87,
        60,
        159,
        332,
        413,
        447,
        155,
        178,
        258,
        111,
        499,
        334,
        349,
        134,
        489,
        50,
        131,
        153,
        131,
        142,
        318,
        271,
        181,
        102,
        224,
        379,
        398,
        113,
        135,
        327,
        229,
        145,
        322,
        210,
        499,
        446,
        302,
        202,
        465,
        450,
        306,
        395,
        197,
        408,
        301,
        32,
        242,
        395,
        420,
        441,
        0,
        233,
        356,
        395,
        346,
        170,
        142,
        297,
        283,
        135,
        61,
        301,
        361,
        337,
        173],
    [   71,
        72,
        161,
        297,
        141,
        322,
        302,
        271,
        256,
        61,
        206,
        237,
        214,
        295,
        215,
        161,
        265,
        315,
        388,
        204,
        215,
        264,
        241,
        270,
        132,
        333,
        248,
        267,
        137,
        296,
        210,
        256,
        111,
        233,
        243,
        89,
        140,
        118,
        222,
        185,
        146,
        168,
        178,
        172,
        177,
        4,
        122,
        124,
        87,
        345,
        279,
        248,
        41,
        252,
        238,
        215,
        164,
        74,
        260,
        172,
        265,
        266,
        287,
        299,
        232,
        233,
        0,
        124,
        188,
        177,
        167,
        214,
        301,
        170,
        99,
        273,
        227,
        291,
        237,
        239],
    [   164,
        66,
        173,
        208,
        165,
        436,
        415,
        189,
        182,
        183,
        92,
        176,
        322,
        415,
        288,
        286,
        390,
        420,
        480,
        110,
        107,
        381,
        352,
        362,
        251,
        308,
        301,
        317,
        246,
        206,
        335,
        376,
        219,
        335,
        361,
        63,
        203,
        228,
        332,
        278,
        22,
        74,
        299,
        290,
        167,
        128,
        230,
        94,
        170,
        328,
        261,
        318,
        155,
        183,
        135,
        274,
        40,
        186,
        266,
        222,
        388,
        362,
        317,
        318,
        135,
        356,
        124,
        0,
        145,
        148,
        258,
        330,
        384,
        231,
        224,
        392,
        292,
        343,
        284,
        329],
    [   164,
        126,
        308,
        339,
        295,
        402,
        380,
        97,
        76,
        243,
        119,
        51,
        399,
        401,
        210,
        309,
        409,
        501,
        404,
        248,
        108,
        360,
        320,
        297,
        313,
        163,
        198,
        209,
        324,
        337,
        358,
        364,
        298,
        420,
        344,
        110,
        144,
        221,
        407,
        229,
        141,
        83,
        302,
        285,
        308,
        189,
        309,
        234,
        270,
        183,
        117,
        231,
        229,
        70,
        262,
        184,
        159,
        198,
        130,
        138,
        426,
        303,
        192,
        185,
        267,
        395,
        188,
        145,
        0,
        292,
        355,
        314,
        305,
        157,
        265,
        446,
        204,
        234,
        179,
        427],
    [   248,
        180,
        54,
        145,
        68,
        487,
        469,
        333,
        328,
        201,
        225,
        325,
        272,
        451,
        391,
        306,
        397,
        348,
        565,
        95,
        243,
        427,
        412,
        448,
        237,
        456,
        418,
        436,
        212,
        144,
        346,
        415,
        193,
        272,
        406,
        190,
        311,
        293,
        281,
        362,
        159,
        221,
        337,
        338,
        28,
        181,
        200,
        60,
        138,
        474,
        407,
        424,
        171,
        330,
        126,
        387,
        152,
        250,
        405,
        339,
        374,
        443,
        448,
        453,
        112,
        346,
        177,
        148,
        292,
        0,
        191,
        380,
        478,
        341,
        246,
        359,
        401,
        462,
        405,
        247],
    [   218,
        232,
        138,
        336,
        124,
        352,
        339,
        433,
        420,
        123,
        350,
        403,
        80,
        303,
        338,
        169,
        228,
        164,
        462,
        275,
        364,
        294,
        296,
        360,
        88,
        499,
        385,
        403,
        53,
        335,
        188,
        275,
        64,
        82,
        275,
        249,
        286,
        217,
        89,
        290,
        279,
        322,
        211,
        223,
        167,
        167,
        58,
        188,
        88,
        508,
        444,
        370,
        127,
        417,
        311,
        352,
        288,
        194,
        421,
        321,
        193,
        348,
        436,
        453,
        299,
        170,
        167,
        258,
        355,
        191,
        0,
        257,
        398,
        312,
        137,
        170,
        357,
        424,
        379,
        72],
    [   168,
        265,
        346,
        511,
        324,
        108,
        89,
        412,
        390,
        179,
        392,
        363,
        226,
        87,
        147,
        88,
        116,
        301,
        204,
        418,
        394,
        50,
        39,
        116,
        169,
        382,
        201,
        213,
        205,
        509,
        93,
        49,
        206,
        255,
        30,
        274,
        171,
        102,
        227,
        97,
        350,
        346,
        46,
        42,
        370,
        210,
        206,
        335,
        246,
        377,
        334,
        164,
        208,
        383,
        453,
        178,
        371,
        144,
        289,
        190,
        160,
        100,
        263,
        291,
        447,
        142,
        214,
        330,
        314,
        380,
        257,
        0,
        155,
        170,
        135,
        203,
        168,
        222,
        208,
        292],
    [   231,
        320,
        457,
        588,
        436,
        150,
        134,
        390,
        368,
        293,
        414,
        340,
        379,
        188,
        98,
        236,
        262,
        456,
        99,
        490,
        409,
        154,
        120,
        39,
        310,
        299,
        114,
        112,
        345,
        586,
        248,
        176,
        338,
        408,
        158,
        321,
        181,
        190,
        381,
        116,
        397,
        369,
        194,
        177,
        476,
        297,
        341,
        424,
        363,
        284,
        267,
        74,
        314,
        359,
        519,
        121,
        420,
        229,
        218,
        170,
        312,
        55,
        161,
        191,
        517,
        297,
        301,
        384,
        305,
        478,
        398,
        155,
        0,
        155,
        262,
        358,
        101,
        103,
        132,
        442],
    [   99,
        170,
        331,
        438,
        311,
        246,
        224,
        250,
        228,
        189,
        260,
        200,
        324,
        252,
        57,
        197,
        279,
        421,
        254,
        340,
        256,
        209,
        167,
        140,
        238,
        216,
        78,
        96,
        264,
        436,
        237,
        218,
        247,
        351,
        196,
        168,
        30,
        105,
        330,
        75,
        243,
        213,
        173,
        152,
        345,
        168,
        254,
        283,
        250,
        215,
        165,
        86,
        197,
        220,
        367,
        45,
        266,
        117,
        124,
        20,
        310,
        146,
        123,
        143,
        366,
        283,
        170,
        231,
        157,
        341,
        312,
        170,
        155,
        0,
        181,
        342,
        60,
        121,
        68,
        373],
    [   102,
        168,
        210,
        382,
        188,
        241,
        224,
        357,
        339,
        46,
        304,
        316,
        144,
        205,
        202,
        63,
        166,
        243,
        333,
        295,
        312,
        182,
        171,
        225,
        57,
        385,
        250,
        268,
        85,
        380,
        111,
        169,
        76,
        170,
        160,
        183,
        160,
        80,
        150,
        153,
        246,
        263,
        91,
        95,
        235,
        96,
        79,
        206,
        110,
        390,
        331,
        233,
        78,
        334,
        331,
        217,
        264,
        69,
        299,
        194,
        167,
        215,
        304,
        324,
        323,
        135,
        99,
        224,
        265,
        246,
        137,
        135,
        262,
        181,
        0,
        181,
        221,
        288,
        246,
        193],
    [   283,
        345,
        307,
        505,
        291,
        252,
        250,
        539,
        521,
        212,
        480,
        498,
        90,
        196,
        341,
        145,
        104,
        103,
        386,
        436,
        489,
        211,
        238,
        319,
        141,
        557,
        395,
        410,
        151,
        503,
        111,
        187,
        177,
        104,
        201,
        362,
        329,
        239,
        82,
        286,
        415,
        441,
        175,
        196,
        337,
        270,
        166,
        345,
        232,
        558,
        504,
        364,
        238,
        516,
        473,
        367,
        429,
        249,
        467,
        359,
        48,
        303,
        456,
        481,
        462,
        61,
        273,
        392,
        446,
        359,
        170,
        203,
        358,
        342,
        181,
        0,
        362,
        423,
        398,
        147],
    [   155,
        230,
        388,
        499,
        368,
        220,
        198,
        290,
        268,
        237,
        314,
        239,
        358,
        238,
        21,
        220,
        284,
        450,
        200,
        400,
        308,
        195,
        152,
        98,
        276,
        219,
        33,
        48,
        306,
        497,
        252,
        210,
        293,
        387,
        188,
        228,
        90,
        140,
        363,
        76,
        302,
        269,
        187,
        165,
        403,
        224,
        298,
        343,
        303,
        210,
        177,
        27,
        250,
        259,
        427,
        19,
        325,
        166,
        128,
        70,
        324,
        109,
        94,
        122,
        426,
        301,
        227,
        292,
        204,
        401,
        357,
        168,
        101,
        60,
        221,
        362,
        0,
        67,
        40,
        413],
    [   220,
        286,
        453,
        551,
        432,
        249,
        230,
        306,
        285,
        305,
        352,
        258,
        424,
        279,
        86,
        284,
        338,
        513,
        189,
        453,
        342,
        239,
        197,
        123,
        343,
        198,
        43,
        26,
        373,
        550,
        311,
        257,
        360,
        453,
        236,
        281,
        151,
        207,
        428,
        139,
        351,
        309,
        248,
        227,
        466,
        289,
        366,
        403,
        370,
        181,
        170,
        59,
        317,
        276,
        477,
        75,
        373,
        233,
        123,
        123,
        382,
        140,
        59,
        88,
        478,
        361,
        291,
        343,
        234,
        462,
        424,
        222,
        103,
        121,
        288,
        423,
        67,
        0,
        58,
        480],
    [   168,
        228,
        398,
        493,
        378,
        259,
        239,
        259,
        237,
        257,
        295,
        209,
        388,
        278,
        60,
        254,
        323,
        482,
        229,
        395,
        287,
        236,
        192,
        136,
        303,
        178,
        18,
        32,
        331,
        491,
        288,
        250,
        315,
        416,
        228,
        223,
        97,
        167,
        393,
        113,
        292,
        252,
        223,
        201,
        410,
        235,
        322,
        345,
        319,
        170,
        138,
        59,
        266,
        228,
        419,
        30,
        315,
        186,
        89,
        66,
        361,
        148,
        58,
        83,
        419,
        337,
        237,
        284,
        179,
        405,
        379,
        208,
        132,
        68,
        246,
        398,
        40,
        58,
        0,
        440],
    [   284,
        304,
        192,
        387,
        184,
        373,
        364,
        506,
        492,
        190,
        422,
        476,
        68,
        319,
        394,
        206,
        233,
        101,
        495,
        337,
        436,
        320,
        331,
        403,
        136,
        568,
        444,
        461,
        109,
        386,
        208,
        298,
        130,
        43,
        303,
        322,
        350,
        273,
        71,
        342,
        350,
        394,
        248,
        265,
        220,
        238,
        121,
        254,
        160,
        576,
        513,
        424,
        198,
        490,
        372,
        411,
        358,
        257,
        487,
        385,
        185,
        390,
        497,
        516,
        359,
        173,
        239,
        329,
        427,
        247,
        72,
        292,
        442,
        373,
        193,
        147,
        413,
        480,
        440,
        0]]
;
task=[   0,
    249,
    37,
    0,
    50,
    18,
    27,
    50,
    50,
    365,
    59,
    221,
    133,
    126,
    342,
    74,
    220,
    16,
    72,
    167,
    75,
    106,
    221,
    81,
    213,
    110,
    283,
    283,
    117,
    3,
    313,
    193,
    6,
    108,
    5,
    128,
    405,
    343,
    43,
    166,
    52,
    34,
    316,
    25,
    78,
    254,
    214,
    40,
    54,
    47,
    117,
    297,
    469,
    170,
    92,
    93,
    72,
    469,
    90,
    51,
    33,
    269,
    186,
    120,
    123,
    85,
    335,
    253,
    145,
    34,
    67,
    129,
    198,
    126,
    155,
    23,
    332,
    114,
    188,
    120]
;
minW=[   0,
    30,
    28,
    49,
    2,
    215,
    229,
    187,
    120,
    30,
    104,
    163,
    168,
    55,
    12,
    108,
    72,
    109,
    56,
    226,
    72,
    207,
    64,
    79,
    69,
    281,
    162,
    114,
    47,
    255,
    144,
    41,
    116,
    159,
    136,
    105,
    59,
    34,
    180,
    59,
    127,
    13,
    18,
    16,
    243,
    19,
    115,
    81,
    27,
    225,
    112,
    93,
    33,
    5,
    121,
    44,
    85,
    26,
    29,
    55,
    138,
    127,
    179,
    5,
    88,
    78,
    32,
    118,
    43,
    54,
    193,
    64,
    41,
    23,
    7,
    81,
    82,
    175,
    151,
    18]
;
maxW=[   720,
    133,
    402,
    573,
    337,
    704,
    500,
    442,
    362,
    444,
    434,
    343,
    469,
    425,
    318,
    501,
    343,
    360,
    686,
    424,
    418,
    527,
    368,
    305,
    293,
    517,
    668,
    436,
    363,
    508,
    509,
    453,
    256,
    597,
    652,
    534,
    656,
    264,
    464,
    133,
    468,
    475,
    161,
    459,
    480,
    440,
    667,
    711,
    237,
    603,
    247,
    274,
    168,
    333,
    629,
    201,
    422,
    378,
    574,
    279,
    362,
    635,
    544,
    442,
    716,
    645,
    335,
    421,
    517,
    431,
    290,
    177,
    641,
    507,
    643,
    477,
    636,
    221,
    579,
    323]
;