// Generated by InstanceGenerator.py v0.1
// Juan Francisco Martinez Vera
// AMMM - MIRI, FIB UPC
//
// RAND_SEED=1484822405

bigM=100000;

nLocations=70;
startLocation=42;
distances=[   [   0,
        449,
        145,
        342,
        220,
        369,
        38,
        153,
        400,
        460,
        175,
        372,
        119,
        85,
        371,
        236,
        421,
        332,
        419,
        277,
        69,
        301,
        435,
        252,
        311,
        454,
        61,
        69,
        321,
        326,
        311,
        391,
        187,
        87,
        330,
        523,
        471,
        126,
        180,
        192,
        225,
        244,
        139,
        214,
        238,
        268,
        403,
        270,
        134,
        349,
        105,
        429,
        216,
        118,
        247,
        466,
        202,
        98,
        468,
        411,
        250,
        398,
        339,
        446,
        333,
        202,
        131,
        149,
        379,
        395],
    [   449,
        0,
        305,
        196,
        401,
        141,
        454,
        340,
        146,
        286,
        327,
        118,
        467,
        388,
        127,
        417,
        234,
        499,
        134,
        410,
        413,
        247,
        75,
        284,
        430,
        107,
        388,
        465,
        495,
        414,
        148,
        431,
        289,
        376,
        152,
        273,
        40,
        461,
        270,
        269,
        252,
        245,
        435,
        253,
        380,
        196,
        75,
        274,
        315,
        100,
        472,
        316,
        235,
        443,
        393,
        131,
        353,
        415,
        269,
        75,
        285,
        141,
        226,
        115,
        378,
        252,
        317,
        324,
        289,
        56],
    [   145,
        305,
        0,
        208,
        185,
        227,
        157,
        78,
        276,
        342,
        88,
        228,
        200,
        107,
        228,
        206,
        295,
        316,
        277,
        232,
        111,
        207,
        290,
        174,
        267,
        322,
        86,
        162,
        307,
        271,
        166,
        329,
        67,
        92,
        187,
        396,
        330,
        176,
        50,
        55,
        118,
        114,
        186,
        101,
        185,
        124,
        258,
        188,
        15,
        206,
        178,
        322,
        71,
        181,
        200,
        323,
        138,
        123,
        345,
        266,
        173,
        257,
        213,
        303,
        261,
        58,
        17,
        54,
        270,
        253],
    [   342,
        196,
        208,
        0,
        219,
        55,
        362,
        195,
        277,
        146,
        175,
        78,
        407,
        315,
        68,
        232,
        91,
        303,
        89,
        218,
        284,
        301,
        135,
        306,
        234,
        279,
        290,
        330,
        300,
        217,
        96,
        237,
        154,
        301,
        60,
        189,
        236,
        307,
        207,
        153,
        244,
        97,
        390,
        230,
        195,
        97,
        121,
        308,
        223,
        151,
        324,
        147,
        149,
        388,
        205,
        135,
        181,
        273,
        143,
        123,
        305,
        69,
        30,
        122,
        181,
        153,
        225,
        192,
        104,
        178],
    [   220,
        401,
        185,
        219,
        0,
        270,
        256,
        106,
        429,
        281,
        99,
        287,
        332,
        255,
        281,
        21,
        263,
        131,
        309,
        57,
        152,
        386,
        352,
        359,
        91,
        457,
        207,
        169,
        122,
        105,
        258,
        171,
        137,
        243,
        249,
        355,
        437,
        117,
        230,
        166,
        299,
        158,
        337,
        281,
        27,
        214,
        331,
        371,
        194,
        321,
        143,
        237,
        206,
        322,
        28,
        353,
        52,
        122,
        295,
        335,
        357,
        289,
        198,
        342,
        118,
        189,
        194,
        131,
        197,
        364],
    [   369,
        141,
        227,
        55,
        270,
        0,
        384,
        232,
        234,
        171,
        214,
        24,
        420,
        330,
        13,
        284,
        113,
        359,
        50,
        273,
        317,
        277,
        81,
        291,
        290,
        228,
        313,
        366,
        356,
        273,
        75,
        291,
        185,
        316,
        41,
        192,
        180,
        349,
        213,
        176,
        234,
        129,
        398,
        224,
        247,
        103,
        66,
        289,
        240,
        110,
        365,
        187,
        159,
        399,
        258,
        96,
        228,
        311,
        161,
        67,
        291,
        31,
        85,
        78,
        237,
        169,
        243,
        224,
        152,
        127],
    [   38,
        454,
        157,
        362,
        256,
        384,
        0,
        181,
        393,
        486,
        203,
        385,
        81,
        70,
        386,
        273,
        445,
        370,
        435,
        313,
        104,
        286,
        446,
        235,
        347,
        450,
        71,
        106,
        359,
        361,
        322,
        426,
        209,
        78,
        344,
        547,
        474,
        164,
        183,
        209,
        218,
        265,
        104,
        209,
        273,
        281,
        413,
        253,
        144,
        353,
        143,
        458,
        227,
        81,
        282,
        481,
        235,
        134,
        493,
        422,
        233,
        415,
        362,
        460,
        366,
        215,
        141,
        173,
        407,
        399],
    [   153,
        340,
        78,
        195,
        106,
        232,
        181,
        0,
        339,
        307,
        22,
        241,
        246,
        159,
        238,
        128,
        269,
        237,
        279,
        156,
        90,
        283,
        307,
        253,
        191,
        376,
        117,
        135,
        228,
        198,
        192,
        259,
        50,
        145,
        198,
        371,
        370,
        121,
        125,
        73,
        195,
        102,
        243,
        176,
        109,
        143,
        279,
        266,
        87,
        247,
        133,
        277,
        114,
        232,
        123,
        327,
        62,
        79,
        315,
        286,
        251,
        258,
        188,
        310,
        193,
        95,
        87,
        24,
        226,
        294],
    [   400,
        146,
        276,
        277,
        429,
        234,
        393,
        339,
        0,
        403,
        335,
        211,
        381,
        322,
        221,
        449,
        346,
        548,
        254,
        456,
        386,
        124,
        207,
        174,
        484,
        65,
        340,
        437,
        542,
        475,
        187,
        509,
        294,
        315,
        217,
        407,
        131,
        453,
        227,
        266,
        175,
        275,
        343,
        186,
        416,
        220,
        186,
        159,
        279,
        126,
        455,
        421,
        226,
        358,
        431,
        269,
        376,
        400,
        391,
        193,
        176,
        251,
        307,
        248,
        445,
        243,
        281,
        317,
        382,
        112],
    [   460,
        286,
        342,
        146,
        281,
        171,
        486,
        307,
        403,
        0,
        285,
        192,
        542,
        449,
        183,
        282,
        58,
        303,
        153,
        248,
        395,
        445,
        210,
        452,
        243,
        388,
        417,
        432,
        306,
        217,
        238,
        194,
        279,
        435,
        200,
        76,
        325,
        393,
        350,
        287,
        390,
        228,
        528,
        376,
        253,
        242,
        220,
        453,
        357,
        281,
        416,
        52,
        292,
        523,
        256,
        162,
        266,
        376,
        22,
        215,
        451,
        152,
        130,
        172,
        180,
        293,
        359,
        313,
        84,
        292],
    [   175,
        327,
        88,
        175,
        99,
        214,
        203,
        22,
        335,
        285,
        0,
        224,
        266,
        178,
        220,
        121,
        248,
        229,
        260,
        144,
        111,
        287,
        291,
        260,
        178,
        369,
        137,
        155,
        221,
        182,
        179,
        242,
        40,
        164,
        181,
        349,
        359,
        136,
        131,
        68,
        200,
        84,
        262,
        181,
        96,
        131,
        264,
        272,
        100,
        237,
        151,
        255,
        109,
        252,
        111,
        308,
        49,
        98,
        293,
        270,
        259,
        239,
        167,
        291,
        175,
        91,
        100,
        36,
        204,
        283],
    [   372,
        118,
        228,
        78,
        287,
        24,
        385,
        241,
        211,
        192,
        224,
        0,
        417,
        329,
        10,
        302,
        135,
        380,
        56,
        293,
        324,
        260,
        66,
        277,
        311,
        204,
        314,
        374,
        377,
        295,
        67,
        314,
        192,
        315,
        43,
        208,
        158,
        361,
        209,
        180,
        223,
        140,
        393,
        215,
        265,
        104,
        44,
        275,
        241,
        89,
        375,
        211,
        158,
        395,
        277,
        97,
        243,
        320,
        181,
        47,
        278,
        43,
        108,
        75,
        259,
        170,
        244,
        231,
        176,
        103],
    [   119,
        467,
        200,
        407,
        332,
        420,
        81,
        246,
        381,
        542,
        266,
        417,
        0,
        92,
        419,
        350,
        495,
        450,
        470,
        389,
        181,
        262,
        472,
        209,
        424,
        443,
        128,
        188,
        439,
        436,
        350,
        500,
        263,
        107,
        379,
        596,
        480,
        246,
        207,
        255,
        215,
        314,
        40,
        214,
        346,
        317,
        438,
        226,
        185,
        368,
        224,
        519,
        261,
        23,
        357,
        514,
        305,
        212,
        546,
        447,
        207,
        452,
        413,
        492,
        437,
        254,
        183,
        232,
        466,
        410],
    [   85,
        388,
        107,
        315,
        255,
        330,
        70,
        159,
        322,
        449,
        178,
        329,
        92,
        0,
        330,
        275,
        403,
        381,
        381,
        310,
        115,
        217,
        386,
        167,
        346,
        380,
        48,
        145,
        370,
        355,
        263,
        418,
        171,
        14,
        289,
        504,
        406,
        191,
        120,
        163,
        147,
        222,
        83,
        139,
        265,
        227,
        353,
        185,
        92,
        288,
        178,
        428,
        171,
        74,
        277,
        425,
        221,
        146,
        453,
        362,
        164,
        361,
        320,
        404,
        353,
        163,
        90,
        143,
        375,
        332],
    [   371,
        127,
        228,
        68,
        281,
        13,
        386,
        238,
        221,
        183,
        220,
        10,
        419,
        330,
        0,
        295,
        125,
        371,
        51,
        285,
        322,
        268,
        71,
        284,
        303,
        214,
        315,
        371,
        369,
        286,
        70,
        304,
        190,
        316,
        41,
        200,
        167,
        357,
        212,
        179,
        229,
        136,
        396,
        220,
        258,
        104,
        53,
        282,
        242,
        98,
        371,
        200,
        159,
        398,
        270,
        95,
        237,
        317,
        172,
        55,
        284,
        36,
        99,
        74,
        250,
        170,
        244,
        228,
        166,
        114],
    [   236,
        417,
        206,
        232,
        21,
        284,
        273,
        128,
        449,
        282,
        121,
        302,
        350,
        275,
        295,
        0,
        269,
        109,
        321,
        43,
        169,
        408,
        366,
        381,
        74,
        476,
        227,
        181,
        100,
        92,
        276,
        157,
        158,
        263,
        265,
        358,
        454,
        126,
        252,
        187,
        321,
        177,
        357,
        302,
        37,
        233,
        346,
        393,
        215,
        340,
        153,
        237,
        227,
        341,
        27,
        364,
        73,
        138,
        298,
        350,
        379,
        301,
        209,
        354,
        111,
        210,
        215,
        152,
        200,
        382],
    [   421,
        234,
        295,
        91,
        263,
        113,
        445,
        269,
        346,
        58,
        248,
        135,
        495,
        403,
        125,
        269,
        0,
        310,
        99,
        241,
        359,
        387,
        159,
        395,
        244,
        333,
        374,
        400,
        311,
        221,
        181,
        214,
        235,
        388,
        142,
        101,
        273,
        368,
        298,
        240,
        334,
        181,
        479,
        321,
        235,
        188,
        165,
        396,
        310,
        223,
        389,
        83,
        240,
        476,
        241,
        120,
        238,
        343,
        52,
        161,
        395,
        95,
        82,
        124,
        182,
        243,
        312,
        272,
        74,
        236],
    [   332,
        499,
        316,
        303,
        131,
        359,
        370,
        237,
        548,
        303,
        229,
        380,
        450,
        381,
        371,
        109,
        310,
        0,
        385,
        91,
        270,
        516,
        438,
        490,
        68,
        569,
        332,
        269,
        11,
        89,
        367,
        118,
        265,
        370,
        349,
        379,
        537,
        209,
        361,
        294,
        429,
        273,
        461,
        411,
        135,
        328,
        424,
        502,
        325,
        432,
        234,
        250,
        331,
        444,
        120,
        423,
        180,
        238,
        323,
        426,
        488,
        368,
        275,
        417,
        128,
        316,
        325,
        262,
        235,
        471],
    [   419,
        134,
        277,
        89,
        309,
        50,
        435,
        279,
        254,
        153,
        260,
        56,
        470,
        381,
        51,
        321,
        99,
        385,
        0,
        304,
        366,
        314,
        59,
        333,
        316,
        235,
        363,
        414,
        384,
        297,
        122,
        304,
        234,
        366,
        91,
        155,
        173,
        395,
        263,
        226,
        280,
        177,
        447,
        271,
        284,
        153,
        68,
        330,
        291,
        140,
        411,
        182,
        209,
        449,
        294,
        47,
        270,
        358,
        137,
        62,
        334,
        20,
        112,
        33,
        258,
        219,
        293,
        273,
        160,
        141],
    [   277,
        410,
        232,
        218,
        57,
        273,
        313,
        156,
        456,
        248,
        144,
        293,
        389,
        310,
        285,
        43,
        241,
        91,
        304,
        0,
        209,
        426,
        353,
        404,
        35,
        478,
        263,
        224,
        86,
        49,
        276,
        114,
        176,
        298,
        259,
        324,
        448,
        169,
        274,
        204,
        342,
        181,
        393,
        323,
        47,
        236,
        337,
        415,
        243,
        341,
        196,
        200,
        241,
        379,
        33,
        345,
        94,
        179,
        265,
        340,
        402,
        286,
        191,
        337,
        71,
        226,
        243,
        179,
        169,
        380],
    [   69,
        413,
        111,
        284,
        152,
        317,
        104,
        90,
        386,
        395,
        111,
        324,
        181,
        115,
        322,
        169,
        359,
        270,
        366,
        209,
        0,
        304,
        389,
        262,
        243,
        433,
        67,
        51,
        259,
        257,
        268,
        322,
        132,
        107,
        281,
        460,
        440,
        77,
        159,
        145,
        219,
        189,
        191,
        204,
        169,
        222,
        359,
        278,
        107,
        315,
        70,
        362,
        178,
        173,
        178,
        414,
        134,
        31,
        404,
        367,
        259,
        346,
        278,
        396,
        264,
        161,
        105,
        93,
        313,
        362],
    [   301,
        247,
        207,
        301,
        386,
        277,
        286,
        283,
        124,
        445,
        287,
        260,
        262,
        217,
        268,
        408,
        387,
        516,
        314,
        426,
        304,
        0,
        285,
        53,
        459,
        190,
        246,
        349,
        507,
        456,
        206,
        504,
        250,
        213,
        244,
        469,
        245,
        378,
        157,
        222,
        88,
        256,
        223,
        106,
        381,
        213,
        255,
        35,
        203,
        175,
        374,
        448,
        187,
        239,
        396,
        344,
        335,
        325,
        438,
        264,
        55,
        304,
        325,
        321,
        435,
        200,
        204,
        258,
        400,
        195],
    [   435,
        75,
        290,
        135,
        352,
        81,
        446,
        307,
        207,
        210,
        291,
        66,
        472,
        386,
        71,
        366,
        159,
        438,
        59,
        353,
        389,
        285,
        0,
        313,
        369,
        180,
        376,
        439,
        436,
        351,
        124,
        362,
        258,
        373,
        109,
        201,
        114,
        427,
        265,
        244,
        267,
        206,
        445,
        262,
        328,
        168,
        33,
        307,
        302,
        112,
        441,
        242,
        218,
        449,
        340,
        61,
        308,
        386,
        193,
        24,
        313,
        70,
        163,
        41,
        313,
        232,
        305,
        296,
        218,
        96],
    [   252,
        284,
        174,
        306,
        359,
        291,
        235,
        253,
        174,
        452,
        260,
        277,
        209,
        167,
        284,
        381,
        395,
        490,
        333,
        404,
        262,
        53,
        313,
        0,
        438,
        239,
        200,
        304,
        481,
        438,
        216,
        490,
        228,
        164,
        254,
        484,
        288,
        338,
        129,
        201,
        65,
        245,
        170,
        82,
        357,
        211,
        280,
        18,
        168,
        200,
        331,
        449,
        173,
        186,
        372,
        368,
        310,
        285,
        447,
        290,
        2,
        320,
        326,
        345,
        421,
        182,
        168,
        228,
        399,
        229],
    [   311,
        430,
        267,
        234,
        91,
        290,
        347,
        191,
        484,
        243,
        178,
        311,
        424,
        346,
        303,
        74,
        244,
        68,
        316,
        35,
        243,
        459,
        369,
        438,
        0,
        502,
        299,
        255,
        67,
        26,
        301,
        85,
        209,
        333,
        281,
        320,
        469,
        199,
        308,
        237,
        375,
        210,
        429,
        356,
        82,
        264,
        356,
        448,
        278,
        366,
        226,
        192,
        272,
        414,
        68,
        355,
        129,
        213,
        262,
        357,
        436,
        300,
        206,
        349,
        63,
        259,
        279,
        214,
        170,
        403],
    [   454,
        107,
        322,
        279,
        457,
        228,
        450,
        376,
        65,
        388,
        369,
        204,
        443,
        380,
        214,
        476,
        333,
        569,
        235,
        478,
        433,
        190,
        180,
        239,
        502,
        0,
        393,
        485,
        564,
        490,
        201,
        516,
        328,
        371,
        223,
        380,
        78,
        495,
        276,
        302,
        232,
        299,
        407,
        240,
        441,
        243,
        168,
        224,
        327,
        137,
        500,
        414,
        262,
        420,
        455,
        238,
        406,
        443,
        373,
        173,
        241,
        238,
        310,
        221,
        457,
        281,
        329,
        356,
        381,
        101],
    [   61,
        388,
        86,
        290,
        207,
        313,
        71,
        117,
        340,
        417,
        137,
        314,
        128,
        48,
        315,
        227,
        374,
        332,
        363,
        263,
        67,
        246,
        376,
        200,
        299,
        393,
        0,
        104,
        322,
        309,
        251,
        372,
        139,
        40,
        273,
        476,
        410,
        145,
        118,
        138,
        166,
        194,
        130,
        153,
        219,
        210,
        344,
        217,
        73,
        287,
        133,
        392,
        157,
        116,
        230,
        409,
        176,
        97,
        423,
        352,
        197,
        343,
        291,
        389,
        309,
        144,
        71,
        105,
        340,
        333],
    [   69,
        465,
        162,
        330,
        169,
        366,
        106,
        135,
        437,
        432,
        155,
        374,
        188,
        145,
        371,
        181,
        400,
        269,
        414,
        224,
        51,
        349,
        439,
        304,
        255,
        485,
        104,
        0,
        257,
        273,
        319,
        339,
        181,
        142,
        330,
        501,
        492,
        60,
        209,
        196,
        267,
        236,
        208,
        252,
        191,
        272,
        410,
        322,
        157,
        367,
        36,
        396,
        229,
        187,
        197,
        462,
        166,
        57,
        443,
        417,
        302,
        393,
        321,
        444,
        286,
        212,
        155,
        143,
        349,
        414],
    [   321,
        495,
        307,
        300,
        122,
        356,
        359,
        228,
        542,
        306,
        221,
        377,
        439,
        370,
        369,
        100,
        311,
        11,
        384,
        86,
        259,
        507,
        436,
        481,
        67,
        564,
        322,
        257,
        0,
        89,
        362,
        125,
        257,
        360,
        345,
        382,
        534,
        197,
        352,
        286,
        421,
        267,
        450,
        402,
        127,
        323,
        421,
        493,
        316,
        427,
        223,
        254,
        324,
        433,
        112,
        422,
        172,
        227,
        326,
        424,
        479,
        367,
        272,
        416,
        129,
        308,
        316,
        253,
        236,
        467],
    [   326,
        414,
        271,
        217,
        105,
        273,
        361,
        198,
        475,
        217,
        182,
        295,
        436,
        355,
        286,
        92,
        221,
        89,
        297,
        49,
        257,
        456,
        351,
        438,
        26,
        490,
        309,
        273,
        89,
        0,
        289,
        65,
        210,
        342,
        267,
        294,
        453,
        219,
        308,
        236,
        374,
        203,
        439,
        356,
        90,
        255,
        339,
        448,
        283,
        354,
        245,
        166,
        269,
        425,
        79,
        333,
        135,
        228,
        237,
        340,
        436,
        281,
        188,
        329,
        39,
        257,
        283,
        219,
        146,
        390],
    [   311,
        148,
        166,
        96,
        258,
        75,
        322,
        192,
        187,
        238,
        179,
        67,
        350,
        263,
        70,
        276,
        181,
        367,
        122,
        276,
        268,
        206,
        124,
        216,
        301,
        201,
        251,
        319,
        362,
        289,
        0,
        322,
        141,
        249,
        38,
        267,
        180,
        313,
        143,
        123,
        159,
        99,
        326,
        149,
        240,
        48,
        92,
        216,
        178,
        64,
        324,
        244,
        94,
        328,
        254,
        164,
        208,
        268,
        232,
        100,
        216,
        106,
        123,
        142,
        259,
        108,
        180,
        177,
        199,
        106],
    [   391,
        431,
        329,
        237,
        171,
        291,
        426,
        259,
        509,
        194,
        242,
        314,
        500,
        418,
        304,
        157,
        214,
        118,
        304,
        114,
        322,
        504,
        362,
        490,
        85,
        516,
        372,
        339,
        125,
        65,
        322,
        0,
        264,
        404,
        294,
        267,
        471,
        283,
        362,
        289,
        425,
        247,
        501,
        407,
        154,
        295,
        356,
        498,
        341,
        384,
        310,
        141,
        317,
        489,
        144,
        334,
        196,
        293,
        215,
        356,
        488,
        291,
        206,
        334,
        68,
        307,
        342,
        278,
        143,
        415],
    [   187,
        289,
        67,
        154,
        137,
        185,
        209,
        50,
        294,
        279,
        40,
        192,
        263,
        171,
        190,
        158,
        235,
        265,
        234,
        176,
        132,
        250,
        258,
        228,
        209,
        328,
        139,
        181,
        257,
        210,
        141,
        264,
        0,
        156,
        149,
        337,
        320,
        172,
        98,
        29,
        165,
        57,
        253,
        146,
        130,
        93,
        230,
        238,
        81,
        197,
        183,
        256,
        69,
        246,
        145,
        281,
        85,
        127,
        284,
        237,
        226,
        213,
        152,
        263,
        196,
        52,
        83,
        38,
        204,
        244],
    [   87,
        376,
        92,
        301,
        243,
        316,
        78,
        145,
        315,
        435,
        164,
        315,
        107,
        14,
        316,
        263,
        388,
        370,
        366,
        298,
        107,
        213,
        373,
        164,
        333,
        371,
        40,
        142,
        360,
        342,
        249,
        404,
        156,
        0,
        275,
        489,
        395,
        185,
        107,
        148,
        139,
        207,
        97,
        130,
        252,
        213,
        339,
        182,
        78,
        276,
        173,
        413,
        157,
        89,
        265,
        411,
        207,
        137,
        438,
        348,
        162,
        347,
        306,
        390,
        339,
        148,
        75,
        129,
        360,
        321],
    [   330,
        152,
        187,
        60,
        249,
        41,
        344,
        198,
        217,
        200,
        181,
        43,
        379,
        289,
        41,
        265,
        142,
        349,
        91,
        259,
        281,
        244,
        109,
        254,
        281,
        223,
        273,
        330,
        345,
        267,
        38,
        294,
        149,
        275,
        0,
        230,
        189,
        318,
        172,
        137,
        195,
        97,
        356,
        184,
        228,
        62,
        83,
        254,
        200,
        91,
        332,
        207,
        117,
        357,
        241,
        136,
        202,
        277,
        194,
        88,
        254,
        72,
        89,
        116,
        233,
        128,
        202,
        187,
        165,
        123],
    [   523,
        273,
        396,
        189,
        355,
        192,
        547,
        371,
        407,
        76,
        349,
        208,
        596,
        504,
        200,
        358,
        101,
        379,
        155,
        324,
        460,
        469,
        201,
        484,
        320,
        380,
        476,
        501,
        382,
        294,
        267,
        267,
        337,
        489,
        230,
        0,
        308,
        465,
        395,
        341,
        426,
        282,
        579,
        414,
        327,
        284,
        222,
        482,
        411,
        296,
        487,
        128,
        338,
        576,
        331,
        141,
        336,
        443,
        59,
        214,
        484,
        164,
        184,
        159,
        257,
        342,
        413,
        373,
        157,
        294],
    [   471,
        40,
        330,
        236,
        437,
        180,
        474,
        370,
        131,
        325,
        359,
        158,
        480,
        406,
        167,
        454,
        273,
        537,
        173,
        448,
        440,
        245,
        114,
        288,
        469,
        78,
        410,
        492,
        534,
        453,
        180,
        471,
        320,
        395,
        189,
        308,
        0,
        492,
        291,
        298,
        264,
        279,
        446,
        267,
        417,
        228,
        114,
        275,
        338,
        124,
        501,
        356,
        262,
        457,
        430,
        167,
        388,
        444,
        307,
        115,
        289,
        181,
        266,
        153,
        417,
        280,
        341,
        353,
        330,
        77],
    [   126,
        461,
        176,
        307,
        117,
        349,
        164,
        121,
        453,
        393,
        136,
        361,
        246,
        191,
        357,
        126,
        368,
        209,
        395,
        169,
        77,
        378,
        427,
        338,
        199,
        495,
        145,
        60,
        197,
        219,
        313,
        283,
        172,
        185,
        318,
        465,
        492,
        0,
        227,
        194,
        292,
        220,
        262,
        275,
        143,
        265,
        400,
        354,
        176,
        368,
        26,
        353,
        232,
        243,
        146,
        441,
        129,
        53,
        406,
        407,
        336,
        374,
        293,
        426,
        236,
        214,
        174,
        139,
        309,
        415],
    [   180,
        270,
        50,
        207,
        230,
        213,
        183,
        125,
        227,
        350,
        131,
        209,
        207,
        120,
        212,
        252,
        298,
        361,
        263,
        274,
        159,
        157,
        265,
        129,
        308,
        276,
        118,
        209,
        352,
        308,
        143,
        362,
        98,
        107,
        172,
        395,
        291,
        227,
        0,
        73,
        69,
        125,
        184,
        51,
        227,
        112,
        232,
        141,
        51,
        169,
        227,
        337,
        57,
        185,
        242,
        307,
        180,
        173,
        350,
        241,
        128,
        245,
        219,
        285,
        293,
        58,
        53,
        100,
        285,
        215],
    [   192,
        269,
        55,
        153,
        166,
        176,
        209,
        73,
        266,
        287,
        68,
        180,
        255,
        163,
        179,
        187,
        240,
        294,
        226,
        204,
        145,
        222,
        244,
        201,
        237,
        302,
        138,
        196,
        286,
        236,
        123,
        289,
        29,
        148,
        137,
        341,
        298,
        194,
        73,
        0,
        137,
        59,
        240,
        119,
        159,
        76,
        214,
        211,
        70,
        174,
        202,
        269,
        40,
        236,
        174,
        273,
        114,
        146,
        290,
        222,
        200,
        206,
        158,
        253,
        220,
        23,
        72,
        54,
        217,
        221],
    [   225,
        252,
        118,
        244,
        299,
        234,
        218,
        195,
        175,
        390,
        200,
        223,
        215,
        147,
        229,
        321,
        334,
        429,
        280,
        342,
        219,
        88,
        267,
        65,
        375,
        232,
        166,
        267,
        421,
        374,
        159,
        425,
        165,
        139,
        195,
        426,
        264,
        292,
        69,
        137,
        0,
        180,
        182,
        18,
        295,
        148,
        233,
        73,
        115,
        157,
        289,
        385,
        108,
        192,
        310,
        318,
        249,
        238,
        386,
        243,
        64,
        265,
        262,
        295,
        356,
        117,
        117,
        170,
        334,
        195],
    [   244,
        245,
        114,
        97,
        158,
        129,
        265,
        102,
        275,
        228,
        84,
        140,
        314,
        222,
        136,
        177,
        181,
        273,
        177,
        181,
        189,
        256,
        206,
        245,
        210,
        299,
        194,
        236,
        267,
        203,
        99,
        247,
        57,
        207,
        97,
        282,
        279,
        220,
        125,
        59,
        180,
        0,
        300,
        163,
        142,
        55,
        180,
        252,
        129,
        162,
        235,
        212,
        72,
        295,
        156,
        225,
        108,
        181,
        231,
        186,
        244,
        157,
        98,
        207,
        179,
        67,
        131,
        95,
        159,
        206],
    [   139,
        435,
        186,
        390,
        337,
        398,
        104,
        243,
        343,
        528,
        262,
        393,
        40,
        83,
        396,
        357,
        479,
        461,
        447,
        393,
        191,
        223,
        445,
        170,
        429,
        407,
        130,
        208,
        450,
        439,
        326,
        501,
        253,
        97,
        356,
        579,
        446,
        262,
        184,
        240,
        182,
        300,
        0,
        183,
        348,
        296,
        411,
        187,
        171,
        338,
        244,
        509,
        241,
        23,
        360,
        490,
        305,
        223,
        531,
        420,
        168,
        429,
        398,
        467,
        437,
        236,
        169,
        226,
        456,
        378],
    [   214,
        253,
        101,
        230,
        281,
        224,
        209,
        176,
        186,
        376,
        181,
        215,
        214,
        139,
        220,
        302,
        321,
        411,
        271,
        323,
        204,
        106,
        262,
        82,
        356,
        240,
        153,
        252,
        402,
        356,
        149,
        407,
        146,
        130,
        184,
        414,
        267,
        275,
        51,
        119,
        18,
        163,
        183,
        0,
        276,
        133,
        228,
        92,
        98,
        155,
        273,
        370,
        90,
        190,
        291,
        311,
        230,
        221,
        374,
        238,
        81,
        255,
        247,
        288,
        338,
        99,
        100,
        152,
        319,
        196],
    [   238,
        380,
        185,
        195,
        27,
        247,
        273,
        109,
        416,
        253,
        96,
        265,
        346,
        265,
        258,
        37,
        235,
        135,
        284,
        47,
        169,
        381,
        328,
        357,
        82,
        441,
        219,
        191,
        127,
        90,
        240,
        154,
        130,
        252,
        228,
        327,
        417,
        143,
        227,
        159,
        295,
        142,
        348,
        276,
        0,
        197,
        309,
        368,
        196,
        304,
        168,
        210,
        196,
        335,
        15,
        327,
        47,
        141,
        268,
        313,
        355,
        264,
        172,
        317,
        95,
        181,
        196,
        131,
        170,
        346],
    [   268,
        196,
        124,
        97,
        214,
        103,
        281,
        143,
        220,
        242,
        131,
        104,
        317,
        227,
        104,
        233,
        188,
        328,
        153,
        236,
        222,
        213,
        168,
        211,
        264,
        243,
        210,
        272,
        323,
        255,
        48,
        295,
        93,
        213,
        62,
        284,
        228,
        265,
        112,
        76,
        148,
        55,
        296,
        133,
        197,
        0,
        137,
        215,
        137,
        107,
        277,
        237,
        55,
        296,
        212,
        199,
        162,
        220,
        240,
        145,
        210,
        134,
        114,
        179,
        228,
        65,
        140,
        129,
        188,
        152],
    [   403,
        75,
        258,
        121,
        331,
        66,
        413,
        279,
        186,
        220,
        264,
        44,
        438,
        353,
        53,
        346,
        165,
        424,
        68,
        337,
        359,
        255,
        33,
        280,
        356,
        168,
        344,
        410,
        421,
        339,
        92,
        356,
        230,
        339,
        83,
        222,
        114,
        400,
        232,
        214,
        233,
        180,
        411,
        228,
        309,
        137,
        0,
        275,
        270,
        80,
        413,
        245,
        186,
        415,
        321,
        89,
        285,
        357,
        206,
        9,
        281,
        69,
        151,
        66,
        303,
        201,
        272,
        267,
        216,
        73],
    [   270,
        274,
        188,
        308,
        371,
        289,
        253,
        266,
        159,
        453,
        272,
        275,
        226,
        185,
        282,
        393,
        396,
        502,
        330,
        415,
        278,
        35,
        307,
        18,
        448,
        224,
        217,
        322,
        493,
        448,
        216,
        498,
        238,
        182,
        254,
        482,
        275,
        354,
        141,
        211,
        73,
        252,
        187,
        92,
        368,
        215,
        275,
        0,
        182,
        194,
        348,
        452,
        180,
        204,
        383,
        363,
        321,
        301,
        448,
        284,
        20,
        318,
        329,
        340,
        429,
        191,
        183,
        241,
        403,
        220],
    [   134,
        315,
        15,
        223,
        194,
        240,
        144,
        87,
        279,
        357,
        100,
        241,
        185,
        92,
        242,
        215,
        310,
        325,
        291,
        243,
        107,
        203,
        302,
        168,
        278,
        327,
        73,
        157,
        316,
        283,
        178,
        341,
        81,
        78,
        200,
        411,
        338,
        176,
        51,
        70,
        115,
        129,
        171,
        98,
        196,
        137,
        270,
        182,
        0,
        215,
        176,
        337,
        83,
        166,
        210,
        337,
        149,
        122,
        360,
        278,
        166,
        271,
        228,
        316,
        274,
        71,
        2,
        64,
        285,
        261],
    [   349,
        100,
        206,
        151,
        321,
        110,
        353,
        247,
        126,
        281,
        237,
        89,
        368,
        288,
        98,
        340,
        223,
        432,
        140,
        341,
        315,
        175,
        112,
        200,
        366,
        137,
        287,
        367,
        427,
        354,
        64,
        384,
        197,
        276,
        91,
        296,
        124,
        368,
        169,
        174,
        157,
        162,
        338,
        155,
        304,
        107,
        80,
        194,
        215,
        0,
        376,
        296,
        137,
        345,
        318,
        169,
        270,
        320,
        271,
        89,
        201,
        132,
        181,
        146,
        322,
        155,
        217,
        229,
        255,
        47],
    [   105,
        472,
        178,
        324,
        143,
        365,
        143,
        133,
        455,
        416,
        151,
        375,
        224,
        178,
        371,
        153,
        389,
        234,
        411,
        196,
        70,
        374,
        441,
        331,
        226,
        500,
        133,
        36,
        223,
        245,
        324,
        310,
        183,
        173,
        332,
        487,
        501,
        26,
        227,
        202,
        289,
        235,
        244,
        273,
        168,
        277,
        413,
        348,
        176,
        376,
        0,
        377,
        239,
        223,
        171,
        458,
        150,
        56,
        429,
        420,
        329,
        390,
        312,
        442,
        262,
        221,
        174,
        147,
        332,
        424],
    [   429,
        316,
        322,
        147,
        237,
        187,
        458,
        277,
        421,
        52,
        255,
        211,
        519,
        428,
        200,
        237,
        83,
        250,
        182,
        200,
        362,
        448,
        242,
        449,
        192,
        414,
        392,
        396,
        254,
        166,
        244,
        141,
        256,
        413,
        207,
        128,
        356,
        353,
        337,
        269,
        385,
        212,
        509,
        370,
        210,
        237,
        245,
        452,
        337,
        296,
        377,
        0,
        281,
        502,
        211,
        202,
        230,
        340,
        73,
        242,
        448,
        176,
        123,
        207,
        130,
        279,
        339,
        286,
        52,
        314],
    [   216,
        235,
        71,
        149,
        206,
        159,
        227,
        114,
        226,
        292,
        109,
        158,
        261,
        171,
        159,
        227,
        240,
        331,
        209,
        241,
        178,
        187,
        218,
        173,
        272,
        262,
        157,
        229,
        324,
        269,
        94,
        317,
        69,
        157,
        117,
        338,
        262,
        232,
        57,
        40,
        108,
        72,
        241,
        90,
        196,
        55,
        186,
        180,
        83,
        137,
        239,
        281,
        0,
        241,
        211,
        254,
        153,
        182,
        292,
        195,
        172,
        190,
        161,
        233,
        249,
        18,
        86,
        93,
        229,
        185],
    [   118,
        443,
        181,
        388,
        322,
        399,
        81,
        232,
        358,
        523,
        252,
        395,
        23,
        74,
        398,
        341,
        476,
        444,
        449,
        379,
        173,
        239,
        449,
        186,
        414,
        420,
        116,
        187,
        433,
        425,
        328,
        489,
        246,
        89,
        357,
        576,
        457,
        243,
        185,
        236,
        192,
        295,
        23,
        190,
        335,
        296,
        415,
        204,
        166,
        345,
        223,
        502,
        241,
        0,
        346,
        492,
        292,
        205,
        527,
        425,
        184,
        430,
        394,
        470,
        425,
        234,
        164,
        217,
        450,
        386],
    [   247,
        393,
        200,
        205,
        28,
        258,
        282,
        123,
        431,
        256,
        111,
        277,
        357,
        277,
        270,
        27,
        241,
        120,
        294,
        33,
        178,
        396,
        340,
        372,
        68,
        455,
        230,
        197,
        112,
        79,
        254,
        144,
        145,
        265,
        241,
        331,
        430,
        146,
        242,
        174,
        310,
        156,
        360,
        291,
        15,
        212,
        321,
        383,
        210,
        318,
        171,
        211,
        211,
        346,
        0,
        337,
        61,
        149,
        271,
        325,
        370,
        275,
        181,
        327,
        90,
        196,
        210,
        146,
        173,
        360],
    [   466,
        131,
        323,
        135,
        353,
        96,
        481,
        327,
        269,
        162,
        308,
        97,
        514,
        425,
        95,
        364,
        120,
        423,
        47,
        345,
        414,
        344,
        61,
        368,
        355,
        238,
        409,
        462,
        422,
        333,
        164,
        334,
        281,
        411,
        136,
        141,
        167,
        441,
        307,
        273,
        318,
        225,
        490,
        311,
        327,
        199,
        89,
        363,
        337,
        169,
        458,
        202,
        254,
        492,
        337,
        0,
        316,
        406,
        143,
        80,
        368,
        68,
        155,
        23,
        294,
        265,
        339,
        320,
        191,
        157],
    [   202,
        353,
        138,
        181,
        52,
        228,
        235,
        62,
        376,
        266,
        49,
        243,
        305,
        221,
        237,
        73,
        238,
        180,
        270,
        94,
        134,
        335,
        308,
        310,
        129,
        406,
        176,
        166,
        172,
        135,
        208,
        196,
        85,
        207,
        202,
        336,
        388,
        129,
        180,
        114,
        249,
        108,
        305,
        230,
        47,
        162,
        285,
        321,
        149,
        270,
        150,
        230,
        153,
        292,
        61,
        316,
        0,
        110,
        278,
        290,
        308,
        249,
        164,
        302,
        132,
        136,
        149,
        84,
        183,
        314],
    [   98,
        415,
        123,
        273,
        122,
        311,
        134,
        79,
        400,
        376,
        98,
        320,
        212,
        146,
        317,
        138,
        343,
        238,
        358,
        179,
        31,
        325,
        386,
        285,
        213,
        443,
        97,
        57,
        227,
        228,
        268,
        293,
        127,
        137,
        277,
        443,
        444,
        53,
        173,
        146,
        238,
        181,
        223,
        221,
        141,
        220,
        357,
        301,
        122,
        320,
        56,
        340,
        182,
        205,
        149,
        406,
        110,
        0,
        386,
        364,
        283,
        337,
        264,
        389,
        236,
        164,
        121,
        91,
        292,
        367],
    [   468,
        269,
        345,
        143,
        295,
        161,
        493,
        315,
        391,
        22,
        293,
        181,
        546,
        453,
        172,
        298,
        52,
        323,
        137,
        265,
        404,
        438,
        193,
        447,
        262,
        373,
        423,
        443,
        326,
        237,
        232,
        215,
        284,
        438,
        194,
        59,
        307,
        406,
        350,
        290,
        386,
        231,
        531,
        374,
        268,
        240,
        206,
        448,
        360,
        271,
        429,
        73,
        292,
        527,
        271,
        143,
        278,
        386,
        0,
        200,
        447,
        139,
        132,
        154,
        199,
        294,
        363,
        319,
        98,
        279],
    [   411,
        75,
        266,
        123,
        335,
        67,
        422,
        286,
        193,
        215,
        270,
        47,
        447,
        362,
        55,
        350,
        161,
        426,
        62,
        340,
        367,
        264,
        24,
        290,
        357,
        173,
        352,
        417,
        424,
        340,
        100,
        356,
        237,
        348,
        88,
        214,
        115,
        407,
        241,
        222,
        243,
        186,
        420,
        238,
        313,
        145,
        9,
        284,
        278,
        89,
        420,
        242,
        195,
        425,
        325,
        80,
        290,
        364,
        200,
        0,
        290,
        66,
        152,
        57,
        304,
        209,
        281,
        274,
        214,
        80],
    [   250,
        285,
        173,
        305,
        357,
        291,
        233,
        251,
        176,
        451,
        259,
        278,
        207,
        164,
        284,
        379,
        395,
        488,
        334,
        402,
        259,
        55,
        313,
        2,
        436,
        241,
        197,
        302,
        479,
        436,
        216,
        488,
        226,
        162,
        254,
        484,
        289,
        336,
        128,
        200,
        64,
        244,
        168,
        81,
        355,
        210,
        281,
        20,
        166,
        201,
        329,
        448,
        172,
        184,
        370,
        368,
        308,
        283,
        447,
        290,
        0,
        320,
        325,
        345,
        420,
        181,
        167,
        226,
        398,
        230],
    [   398,
        141,
        257,
        69,
        289,
        31,
        415,
        258,
        251,
        152,
        239,
        43,
        452,
        361,
        36,
        301,
        95,
        368,
        20,
        286,
        346,
        304,
        70,
        320,
        300,
        238,
        343,
        393,
        367,
        281,
        106,
        291,
        213,
        347,
        72,
        164,
        181,
        374,
        245,
        206,
        265,
        157,
        429,
        255,
        264,
        134,
        69,
        318,
        271,
        132,
        390,
        176,
        190,
        430,
        275,
        68,
        249,
        337,
        139,
        66,
        320,
        0,
        94,
        52,
        243,
        199,
        274,
        252,
        148,
        140],
    [   339,
        226,
        213,
        30,
        198,
        85,
        362,
        188,
        307,
        130,
        167,
        108,
        413,
        320,
        99,
        209,
        82,
        275,
        112,
        191,
        278,
        325,
        163,
        326,
        206,
        310,
        291,
        321,
        272,
        188,
        123,
        206,
        152,
        306,
        89,
        184,
        266,
        293,
        219,
        158,
        262,
        98,
        398,
        247,
        172,
        114,
        151,
        329,
        228,
        181,
        312,
        123,
        161,
        394,
        181,
        155,
        164,
        264,
        132,
        152,
        325,
        94,
        0,
        145,
        151,
        162,
        230,
        189,
        76,
        208],
    [   446,
        115,
        303,
        122,
        342,
        78,
        460,
        310,
        248,
        172,
        291,
        75,
        492,
        404,
        74,
        354,
        124,
        417,
        33,
        337,
        396,
        321,
        41,
        345,
        349,
        221,
        389,
        444,
        416,
        329,
        142,
        334,
        263,
        390,
        116,
        159,
        153,
        426,
        285,
        253,
        295,
        207,
        467,
        288,
        317,
        179,
        66,
        340,
        316,
        146,
        442,
        207,
        233,
        470,
        327,
        23,
        302,
        389,
        154,
        57,
        345,
        52,
        145,
        0,
        290,
        244,
        319,
        302,
        190,
        136],
    [   333,
        378,
        261,
        181,
        118,
        237,
        366,
        193,
        445,
        180,
        175,
        259,
        437,
        353,
        250,
        111,
        182,
        128,
        258,
        71,
        264,
        435,
        313,
        421,
        63,
        457,
        309,
        286,
        129,
        39,
        259,
        68,
        196,
        339,
        233,
        257,
        417,
        236,
        293,
        220,
        356,
        179,
        437,
        338,
        95,
        228,
        303,
        429,
        274,
        322,
        262,
        130,
        249,
        425,
        90,
        294,
        132,
        236,
        199,
        304,
        420,
        243,
        151,
        290,
        0,
        238,
        275,
        211,
        107,
        356],
    [   202,
        252,
        58,
        153,
        189,
        169,
        215,
        95,
        243,
        293,
        91,
        170,
        254,
        163,
        170,
        210,
        243,
        316,
        219,
        226,
        161,
        200,
        232,
        182,
        259,
        281,
        144,
        212,
        308,
        257,
        108,
        307,
        52,
        148,
        128,
        342,
        280,
        214,
        58,
        23,
        117,
        67,
        236,
        99,
        181,
        65,
        201,
        191,
        71,
        155,
        221,
        279,
        18,
        234,
        196,
        265,
        136,
        164,
        294,
        209,
        181,
        199,
        162,
        244,
        238,
        0,
        74,
        75,
        227,
        202],
    [   131,
        317,
        17,
        225,
        194,
        243,
        141,
        87,
        281,
        359,
        100,
        244,
        183,
        90,
        244,
        215,
        312,
        325,
        293,
        243,
        105,
        204,
        305,
        168,
        279,
        329,
        71,
        155,
        316,
        283,
        180,
        342,
        83,
        75,
        202,
        413,
        341,
        174,
        53,
        72,
        117,
        131,
        169,
        100,
        196,
        140,
        272,
        183,
        2,
        217,
        174,
        339,
        86,
        164,
        210,
        339,
        149,
        121,
        363,
        281,
        167,
        274,
        230,
        319,
        275,
        74,
        0,
        64,
        286,
        264],
    [   149,
        324,
        54,
        192,
        131,
        224,
        173,
        24,
        317,
        313,
        36,
        231,
        232,
        143,
        228,
        152,
        272,
        262,
        273,
        179,
        93,
        258,
        296,
        228,
        214,
        356,
        105,
        143,
        253,
        219,
        177,
        278,
        38,
        129,
        187,
        373,
        353,
        139,
        100,
        54,
        170,
        95,
        226,
        152,
        131,
        129,
        267,
        241,
        64,
        229,
        147,
        286,
        93,
        217,
        146,
        320,
        84,
        91,
        319,
        274,
        226,
        252,
        189,
        302,
        211,
        75,
        64,
        0,
        235,
        276],
    [   379,
        289,
        270,
        104,
        197,
        152,
        407,
        226,
        382,
        84,
        204,
        176,
        466,
        375,
        166,
        200,
        74,
        235,
        160,
        169,
        313,
        400,
        218,
        399,
        170,
        381,
        340,
        349,
        236,
        146,
        199,
        143,
        204,
        360,
        165,
        157,
        330,
        309,
        285,
        217,
        334,
        159,
        456,
        319,
        170,
        188,
        216,
        403,
        285,
        255,
        332,
        52,
        229,
        450,
        173,
        191,
        183,
        292,
        98,
        214,
        398,
        148,
        76,
        190,
        107,
        227,
        286,
        235,
        0,
        280],
    [   395,
        56,
        253,
        178,
        364,
        127,
        399,
        294,
        112,
        292,
        283,
        103,
        410,
        332,
        114,
        382,
        236,
        471,
        141,
        380,
        362,
        195,
        96,
        229,
        403,
        101,
        333,
        414,
        467,
        390,
        106,
        415,
        244,
        321,
        123,
        294,
        77,
        415,
        215,
        221,
        195,
        206,
        378,
        196,
        346,
        152,
        73,
        220,
        261,
        47,
        424,
        314,
        185,
        386,
        360,
        157,
        314,
        367,
        279,
        80,
        230,
        140,
        208,
        136,
        356,
        202,
        264,
        276,
        280,
        0]]
;
task=[   152,
    219,
    369,
    246,
    364,
    398,
    53,
    313,
    11,
    129,
    309,
    78,
    57,
    1,
    347,
    161,
    121,
    62,
    114,
    173,
    213,
    37,
    273,
    117,
    113,
    112,
    328,
    72,
    146,
    153,
    277,
    96,
    485,
    62,
    32,
    17,
    35,
    143,
    190,
    539,
    83,
    0,
    88,
    247,
    336,
    275,
    106,
    108,
    436,
    107,
    135,
    161,
    339,
    109,
    55,
    79,
    292,
    295,
    178,
    113,
    10,
    24,
    240,
    47,
    173,
    479,
    194,
    251,
    78,
    37]
;
minW=[   104,
    185,
    50,
    76,
    110,
    0,
    199,
    53,
    111,
    174,
    66,
    70,
    93,
    129,
    84,
    45,
    50,
    24,
    172,
    134,
    64,
    207,
    139,
    134,
    51,
    23,
    160,
    197,
    160,
    69,
    92,
    75,
    18,
    103,
    15,
    224,
    57,
    125,
    44,
    8,
    169,
    0,
    87,
    90,
    17,
    12,
    94,
    67,
    106,
    83,
    64,
    209,
    14,
    272,
    149,
    192,
    97,
    58,
    97,
    99,
    63,
    35,
    32,
    191,
    174,
    23,
    9,
    42,
    129,
    200]
;
maxW=[   608,
    543,
    623,
    376,
    441,
    181,
    396,
    396,
    681,
    335,
    589,
    140,
    477,
    641,
    633,
    427,
    394,
    505,
    308,
    531,
    712,
    707,
    716,
    538,
    507,
    354,
    716,
    613,
    271,
    435,
    449,
    684,
    715,
    399,
    389,
    697,
    375,
    453,
    254,
    62,
    327,
    720,
    348,
    541,
    219,
    696,
    344,
    664,
    556,
    374,
    678,
    447,
    304,
    547,
    537,
    448,
    659,
    409,
    450,
    327,
    326,
    689,
    456,
    229,
    355,
    205,
    283,
    435,
    279,
    229]
;