// Generated by InstanceGenerator.py v0.1
// Juan Francisco Martinez Vera
// AMMM - MIRI, FIB UPC
//
// RAND_SEED=1484822399

bigM=100000;

nLocations=40;
startLocation=3;
distances=[   [   0,
        309,
        141,
        371,
        112,
        195,
        273,
        199,
        159,
        195,
        388,
        363,
        157,
        345,
        181,
        154,
        139,
        316,
        111,
        374,
        156,
        138,
        330,
        319,
        262,
        400,
        345,
        201,
        134,
        249,
        369,
        251,
        339,
        345,
        217,
        235,
        191,
        169,
        169,
        230],
    [   309,
        0,
        304,
        306,
        410,
        389,
        544,
        254,
        162,
        402,
        369,
        258,
        448,
        585,
        461,
        182,
        274,
        231,
        322,
        438,
        350,
        339,
        352,
        137,
        48,
        613,
        576,
        108,
        442,
        464,
        374,
        498,
        226,
        226,
        478,
        143,
        429,
        388,
        344,
        297],
    [   141,
        304,
        0,
        246,
        235,
        87,
        245,
        81,
        147,
        98,
        252,
        251,
        174,
        281,
        309,
        228,
        30,
        208,
        249,
        233,
        46,
        37,
        190,
        251,
        268,
        315,
        273,
        209,
        233,
        161,
        230,
        194,
        236,
        243,
        178,
        176,
        126,
        84,
        43,
        94],
    [   371,
        306,
        246,
        0,
        477,
        275,
        444,
        172,
        260,
        291,
        70,
        52,
        412,
        433,
        551,
        372,
        235,
        77,
        461,
        173,
        269,
        275,
        97,
        170,
        306,
        425,
        417,
        290,
        480,
        325,
        89,
        381,
        80,
        82,
        387,
        191,
        334,
        299,
        251,
        154],
    [   112,
        410,
        235,
        477,
        0,
        259,
        262,
        305,
        269,
        252,
        487,
        473,
        149,
        351,
        74,
        236,
        242,
        426,
        117,
        456,
        232,
        218,
        425,
        430,
        362,
        419,
        357,
        303,
        48,
        289,
        465,
        267,
        450,
        457,
        228,
        347,
        229,
        227,
        249,
        329],
    [   195,
        389,
        87,
        275,
        259,
        0,
        174,
        146,
        234,
        16,
        256,
        295,
        146,
        196,
        330,
        310,
        116,
        259,
        306,
        200,
        44,
        61,
        193,
        322,
        355,
        228,
        187,
        296,
        241,
        74,
        229,
        116,
        288,
        295,
        113,
        255,
        59,
        32,
        44,
        127],
    [   273,
        544,
        245,
        444,
        262,
        174,
        0,
        318,
        382,
        158,
        414,
        468,
        119,
        94,
        309,
        424,
        274,
        434,
        361,
        330,
        200,
        207,
        354,
        494,
        504,
        167,
        105,
        441,
        219,
        120,
        384,
        63,
        463,
        470,
        66,
        421,
        119,
        161,
        212,
        302],
    [   199,
        254,
        81,
        172,
        305,
        146,
        318,
        0,
        124,
        161,
        193,
        171,
        256,
        340,
        378,
        231,
        63,
        127,
        294,
        209,
        119,
        117,
        140,
        176,
        227,
        361,
        329,
        180,
        310,
        218,
        178,
        262,
        154,
        161,
        253,
        113,
        198,
        157,
        105,
        48],
    [   159,
        162,
        147,
        260,
        269,
        234,
        382,
        124,
        0,
        245,
        301,
        234,
        286,
        427,
        332,
        112,
        118,
        188,
        213,
        333,
        192,
        179,
        259,
        163,
        122,
        462,
        420,
        62,
        293,
        308,
        293,
        338,
        204,
        209,
        316,
        83,
        269,
        228,
        190,
        173],
    [   195,
        402,
        98,
        291,
        252,
        16,
        158,
        161,
        245,
        0,
        272,
        311,
        132,
        182,
        322,
        316,
        128,
        276,
        305,
        211,
        52,
        68,
        208,
        338,
        366,
        219,
        175,
        307,
        231,
        63,
        244,
        100,
        304,
        312,
        96,
        270,
        42,
        25,
        58,
        144],
    [   388,
        369,
        252,
        70,
        487,
        256,
        414,
        193,
        301,
        272,
        0,
        123,
        401,
        390,
        561,
        414,
        249,
        138,
        487,
        110,
        262,
        273,
        63,
        237,
        365,
        372,
        372,
        341,
        482,
        293,
        30,
        351,
        148,
        151,
        363,
        243,
        314,
        285,
        244,
        158],
    [   363,
        258,
        251,
        52,
        473,
        295,
        468,
        171,
        234,
        311,
        123,
        0,
        424,
        466,
        544,
        342,
        234,
        47,
        444,
        221,
        281,
        284,
        139,
        121,
        263,
        464,
        451,
        255,
        481,
        353,
        139,
        407,
        33,
        32,
        408,
        157,
        353,
        315,
        265,
        168],
    [   157,
        448,
        174,
        412,
        149,
        146,
        119,
        256,
        286,
        132,
        401,
        424,
        0,
        203,
        207,
        311,
        198,
        382,
        242,
        344,
        143,
        139,
        338,
        422,
        404,
        269,
        208,
        341,
        112,
        148,
        374,
        118,
        410,
        417,
        79,
        341,
        96,
        116,
        161,
        258],
    [   345,
        585,
        281,
        433,
        351,
        196,
        94,
        340,
        427,
        182,
        390,
        466,
        203,
        0,
        402,
        487,
        311,
        440,
        443,
        290,
        235,
        248,
        337,
        514,
        549,
        73,
        19,
        489,
        310,
        121,
        360,
        94,
        467,
        474,
        129,
        451,
        160,
        198,
        240,
        311],
    [   181,
        461,
        309,
        551,
        74,
        330,
        309,
        378,
        332,
        322,
        561,
        544,
        207,
        402,
        0,
        281,
        315,
        497,
        144,
        529,
        305,
        291,
        499,
        496,
        413,
        473,
        410,
        359,
        95,
        354,
        539,
        325,
        520,
        527,
        286,
        413,
        296,
        298,
        322,
        403],
    [   154,
        182,
        228,
        372,
        236,
        310,
        424,
        231,
        112,
        316,
        414,
        342,
        311,
        487,
        281,
        0,
        205,
        298,
        139,
        440,
        265,
        248,
        370,
        251,
        135,
        534,
        484,
        94,
        275,
        378,
        405,
        393,
        311,
        315,
        363,
        185,
        327,
        294,
        269,
        279],
    [   139,
        274,
        30,
        235,
        242,
        116,
        274,
        63,
        118,
        128,
        249,
        234,
        198,
        311,
        315,
        205,
        0,
        189,
        242,
        244,
        76,
        66,
        191,
        224,
        238,
        344,
        303,
        180,
        246,
        191,
        230,
        224,
        215,
        223,
        208,
        147,
        156,
        114,
        72,
        91],
    [   316,
        231,
        208,
        77,
        426,
        259,
        434,
        127,
        188,
        276,
        138,
        47,
        382,
        440,
        497,
        298,
        189,
        0,
        396,
        219,
        241,
        243,
        131,
        100,
        229,
        444,
        426,
        213,
        435,
        323,
        145,
        374,
        28,
        35,
        372,
        114,
        317,
        277,
        226,
        132],
    [   111,
        322,
        249,
        461,
        117,
        306,
        361,
        294,
        213,
        305,
        487,
        444,
        242,
        443,
        144,
        139,
        242,
        396,
        0,
        483,
        267,
        249,
        432,
        374,
        274,
        503,
        445,
        226,
        164,
        357,
        471,
        351,
        415,
        421,
        314,
        296,
        298,
        279,
        280,
        332],
    [   374,
        438,
        233,
        173,
        456,
        200,
        330,
        209,
        333,
        211,
        110,
        221,
        344,
        290,
        529,
        440,
        244,
        219,
        483,
        0,
        224,
        239,
        88,
        319,
        423,
        265,
        272,
        385,
        441,
        212,
        84,
        268,
        238,
        244,
        289,
        298,
        248,
        232,
        208,
        161],
    [   156,
        350,
        46,
        269,
        232,
        44,
        200,
        119,
        192,
        52,
        262,
        281,
        143,
        235,
        305,
        265,
        76,
        241,
        267,
        224,
        0,
        18,
        199,
        293,
        314,
        271,
        227,
        254,
        221,
        116,
        237,
        148,
        270,
        277,
        134,
        221,
        81,
        39,
        18,
        115],
    [   138,
        339,
        37,
        275,
        218,
        61,
        207,
        117,
        179,
        68,
        273,
        284,
        139,
        248,
        291,
        248,
        66,
        243,
        249,
        239,
        18,
        0,
        210,
        289,
        301,
        287,
        241,
        241,
        209,
        131,
        249,
        158,
        271,
        278,
        141,
        214,
        90,
        49,
        31,
        121],
    [   330,
        352,
        190,
        97,
        425,
        193,
        354,
        140,
        259,
        208,
        63,
        139,
        338,
        337,
        499,
        370,
        191,
        131,
        432,
        88,
        199,
        210,
        0,
        230,
        339,
        328,
        320,
        306,
        419,
        234,
        39,
        291,
        152,
        158,
        301,
        214,
        251,
        221,
        181,
        99],
    [   319,
        137,
        251,
        170,
        430,
        322,
        494,
        176,
        163,
        338,
        237,
        121,
        422,
        514,
        496,
        251,
        224,
        100,
        374,
        319,
        293,
        289,
        230,
        0,
        147,
        529,
        502,
        157,
        450,
        393,
        246,
        438,
        90,
        89,
        428,
        83,
        374,
        332,
        281,
        204],
    [   262,
        48,
        268,
        306,
        362,
        355,
        504,
        227,
        122,
        366,
        365,
        263,
        404,
        549,
        413,
        135,
        238,
        229,
        274,
        423,
        314,
        301,
        339,
        147,
        0,
        581,
        541,
        63,
        395,
        429,
        365,
        460,
        230,
        231,
        438,
        125,
        391,
        351,
        310,
        273],
    [   400,
        613,
        315,
        425,
        419,
        228,
        167,
        361,
        462,
        219,
        372,
        464,
        269,
        73,
        473,
        534,
        344,
        444,
        503,
        265,
        271,
        287,
        328,
        529,
        581,
        0,
        62,
        524,
        379,
        156,
        343,
        152,
        470,
        477,
        191,
        474,
        209,
        240,
        272,
        324],
    [   345,
        576,
        273,
        417,
        357,
        187,
        105,
        329,
        420,
        175,
        372,
        451,
        208,
        19,
        410,
        484,
        303,
        426,
        445,
        272,
        227,
        241,
        320,
        502,
        541,
        62,
        0,
        482,
        317,
        112,
        342,
        94,
        453,
        460,
        131,
        441,
        157,
        192,
        232,
        299],
    [   201,
        108,
        209,
        290,
        303,
        296,
        441,
        180,
        62,
        307,
        341,
        255,
        341,
        489,
        359,
        94,
        180,
        213,
        226,
        385,
        254,
        241,
        306,
        157,
        63,
        524,
        482,
        0,
        334,
        371,
        336,
        399,
        222,
        225,
        376,
        99,
        330,
        290,
        252,
        228],
    [   134,
        442,
        233,
        480,
        48,
        241,
        219,
        310,
        293,
        231,
        482,
        481,
        112,
        310,
        95,
        275,
        246,
        435,
        164,
        441,
        221,
        209,
        419,
        450,
        395,
        379,
        317,
        334,
        0,
        259,
        458,
        230,
        460,
        467,
        191,
        366,
        202,
        208,
        239,
        327],
    [   249,
        464,
        161,
        325,
        289,
        74,
        120,
        218,
        308,
        63,
        293,
        353,
        148,
        121,
        354,
        378,
        191,
        323,
        357,
        212,
        116,
        131,
        234,
        393,
        429,
        156,
        112,
        371,
        259,
        0,
        264,
        57,
        351,
        358,
        79,
        329,
        60,
        84,
        119,
        192],
    [   369,
        374,
        230,
        89,
        465,
        229,
        384,
        178,
        293,
        244,
        30,
        139,
        374,
        360,
        539,
        405,
        230,
        145,
        471,
        84,
        237,
        249,
        39,
        246,
        365,
        343,
        342,
        336,
        458,
        264,
        0,
        321,
        160,
        164,
        334,
        241,
        285,
        258,
        219,
        138],
    [   251,
        498,
        194,
        381,
        267,
        116,
        63,
        262,
        338,
        100,
        351,
        407,
        118,
        94,
        325,
        393,
        224,
        374,
        351,
        268,
        148,
        158,
        291,
        438,
        460,
        152,
        94,
        399,
        230,
        57,
        321,
        0,
        402,
        410,
        39,
        369,
        68,
        110,
        157,
        242],
    [   339,
        226,
        236,
        80,
        450,
        288,
        463,
        154,
        204,
        304,
        148,
        33,
        410,
        467,
        520,
        311,
        215,
        28,
        415,
        238,
        270,
        271,
        152,
        90,
        230,
        470,
        453,
        222,
        460,
        351,
        160,
        402,
        0,
        7,
        400,
        125,
        345,
        305,
        254,
        160],
    [   345,
        226,
        243,
        82,
        457,
        295,
        470,
        161,
        209,
        312,
        151,
        32,
        417,
        474,
        527,
        315,
        223,
        35,
        421,
        244,
        277,
        278,
        158,
        89,
        231,
        477,
        460,
        225,
        467,
        358,
        164,
        410,
        7,
        0,
        407,
        129,
        352,
        313,
        261,
        167],
    [   217,
        478,
        178,
        387,
        228,
        113,
        66,
        253,
        316,
        96,
        363,
        408,
        79,
        129,
        286,
        363,
        208,
        372,
        314,
        289,
        134,
        141,
        301,
        428,
        438,
        191,
        131,
        376,
        191,
        79,
        334,
        39,
        400,
        407,
        0,
        355,
        54,
        96,
        147,
        240],
    [   235,
        143,
        176,
        191,
        347,
        255,
        421,
        113,
        83,
        270,
        243,
        157,
        341,
        451,
        413,
        185,
        147,
        114,
        296,
        298,
        221,
        214,
        214,
        83,
        125,
        474,
        441,
        99,
        366,
        329,
        241,
        369,
        125,
        129,
        355,
        0,
        302,
        260,
        212,
        154],
    [   191,
        429,
        126,
        334,
        229,
        59,
        119,
        198,
        269,
        42,
        314,
        353,
        96,
        160,
        296,
        327,
        156,
        317,
        298,
        248,
        81,
        90,
        251,
        374,
        391,
        209,
        157,
        330,
        202,
        60,
        285,
        68,
        345,
        352,
        54,
        302,
        0,
        42,
        92,
        185],
    [   169,
        388,
        84,
        299,
        227,
        32,
        161,
        157,
        228,
        25,
        285,
        315,
        116,
        198,
        298,
        294,
        114,
        277,
        279,
        232,
        39,
        49,
        221,
        332,
        351,
        240,
        192,
        290,
        208,
        84,
        258,
        110,
        305,
        313,
        96,
        260,
        42,
        0,
        51,
        147],
    [   169,
        344,
        43,
        251,
        249,
        44,
        212,
        105,
        190,
        58,
        244,
        265,
        161,
        240,
        322,
        269,
        72,
        226,
        280,
        208,
        18,
        31,
        181,
        281,
        310,
        272,
        232,
        252,
        239,
        119,
        219,
        157,
        254,
        261,
        147,
        212,
        92,
        51,
        0,
        97],
    [   230,
        297,
        94,
        154,
        329,
        127,
        302,
        48,
        173,
        144,
        158,
        168,
        258,
        311,
        403,
        279,
        91,
        132,
        332,
        161,
        115,
        121,
        99,
        204,
        273,
        324,
        299,
        228,
        327,
        192,
        138,
        242,
        160,
        167,
        240,
        154,
        185,
        147,
        97,
        0]]
;
task=[   258,
    20,
    0,
    82,
    20,
    100,
    118,
    513,
    311,
    476,
    158,
    120,
    132,
    28,
    71,
    166,
    24,
    169,
    164,
    39,
    176,
    178,
    14,
    13,
    116,
    3,
    130,
    195,
    187,
    3,
    20,
    288,
    175,
    175,
    195,
    50,
    100,
    284,
    45,
    445]
;
minW=[   104,
    40,
    0,
    38,
    35,
    12,
    126,
    70,
    60,
    49,
    71,
    116,
    129,
    249,
    139,
    174,
    1,
    64,
    50,
    44,
    18,
    12,
    105,
    244,
    61,
    9,
    39,
    4,
    58,
    68,
    128,
    166,
    79,
    176,
    60,
    85,
    42,
    31,
    42,
    28]
;
maxW=[   665,
    333,
    720,
    625,
    355,
    661,
    470,
    420,
    368,
    576,
    398,
    618,
    404,
    710,
    648,
    619,
    443,
    449,
    334,
    415,
    670,
    45,
    303,
    320,
    526,
    602,
    538,
    485,
    473,
    172,
    375,
    568,
    497,
    309,
    559,
    508,
    397,
    226,
    615,
    406]
;