// Generated by InstanceGenerator.py v0.1
// Juan Francisco Martinez Vera
// AMMM - MIRI, FIB UPC
//
// RAND_SEED=1484822397

bigM=100000;

nLocations=30;
startLocation=19;
distances=[   [   0,
        123,
        174,
        194,
        307,
        296,
        439,
        262,
        320,
        406,
        382,
        351,
        141,
        352,
        298,
        250,
        280,
        91,
        184,
        141,
        227,
        155,
        329,
        216,
        266,
        490,
        410,
        126,
        417,
        168],
    [   123,
        0,
        283,
        316,
        416,
        250,
        523,
        312,
        441,
        484,
        435,
        460,
        251,
        465,
        419,
        315,
        386,
        38,
        263,
        85,
        284,
        157,
        451,
        339,
        384,
        568,
        496,
        9,
        378,
        253],
    [   174,
        283,
        0,
        87,
        133,
        337,
        278,
        177,
        173,
        252,
        264,
        178,
        32,
        182,
        150,
        143,
        106,
        259,
        86,
        254,
        143,
        204,
        196,
        140,
        109,
        332,
        246,
        289,
        426,
        71],
    [   194,
        316,
        87,
        0,
        149,
        416,
        328,
        265,
        127,
        312,
        343,
        187,
        93,
        178,
        106,
        229,
        139,
        285,
        173,
        310,
        231,
        275,
        134,
        53,
        85,
        384,
        297,
        320,
        511,
        158],
    [   307,
        416,
        133,
        149,
        0,
        431,
        187,
        225,
        105,
        183,
        247,
        44,
        166,
        53,
        93,
        186,
        34,
        393,
        177,
        380,
        208,
        319,
        142,
        186,
        71,
        243,
        157,
        422,
        493,
        176],
    [   296,
        250,
        337,
        416,
        431,
        0,
        440,
        217,
        506,
        394,
        302,
        465,
        323,
        484,
        484,
        251,
        397,
        276,
        259,
        169,
        223,
        147,
        533,
        462,
        441,
        465,
        424,
        259,
        127,
        267],
    [   439,
        523,
        278,
        328,
        187,
        440,
        0,
        230,
        282,
        46,
        150,
        168,
        307,
        196,
        277,
        211,
        189,
        511,
        260,
        461,
        244,
        384,
        319,
        371,
        258,
        56,
        31,
        531,
        452,
        273],
    [   262,
        312,
        177,
        265,
        225,
        217,
        230,
        0,
        317,
        185,
        124,
        254,
        184,
        276,
        297,
        39,
        193,
        310,
        96,
        239,
        37,
        159,
        349,
        318,
        255,
        265,
        210,
        321,
        268,
        114],
    [   320,
        441,
        173,
        127,
        105,
        506,
        282,
        317,
        0,
        285,
        352,
        114,
        197,
        88,
        23,
        277,
        127,
        411,
        247,
        425,
        293,
        378,
        37,
        132,
        65,
        336,
        254,
        445,
        583,
        239],
    [   406,
        484,
        252,
        312,
        183,
        394,
        46,
        185,
        285,
        0,
        106,
        175,
        280,
        204,
        276,
        169,
        176,
        474,
        224,
        419,
        202,
        341,
        323,
        359,
        251,
        84,
        41,
        492,
        408,
        238],
    [   382,
        435,
        264,
        343,
        247,
        302,
        150,
        124,
        352,
        106,
        0,
        256,
        282,
        284,
        338,
        133,
        227,
        434,
        202,
        360,
        156,
        281,
        389,
        395,
        303,
        164,
        147,
        444,
        302,
        221],
    [   351,
        460,
        178,
        187,
        44,
        465,
        168,
        254,
        114,
        175,
        256,
        0,
        210,
        29,
        111,
        216,
        75,
        437,
        216,
        423,
        241,
        359,
        150,
        219,
        104,
        221,
        141,
        466,
        520,
        217],
    [   141,
        251,
        32,
        93,
        166,
        323,
        307,
        184,
        197,
        280,
        282,
        210,
        0,
        213,
        174,
        154,
        138,
        227,
        88,
        227,
        147,
        184,
        216,
        141,
        135,
        360,
        276,
        257,
        419,
        70],
    [   352,
        465,
        182,
        178,
        53,
        484,
        196,
        276,
        88,
        204,
        284,
        29,
        213,
        0,
        89,
        237,
        88,
        440,
        231,
        433,
        261,
        373,
        124,
        203,
        93,
        248,
        170,
        471,
        544,
        229],
    [   298,
        419,
        150,
        106,
        93,
        484,
        277,
        297,
        23,
        276,
        338,
        111,
        174,
        89,
        0,
        257,
        111,
        389,
        225,
        402,
        272,
        355,
        52,
        118,
        43,
        331,
        248,
        423,
        562,
        217],
    [   250,
        315,
        143,
        229,
        186,
        251,
        211,
        39,
        277,
        169,
        133,
        216,
        154,
        237,
        257,
        0,
        154,
        308,
        70,
        250,
        32,
        172,
        310,
        282,
        215,
        253,
        188,
        323,
        307,
        88],
    [   280,
        386,
        106,
        139,
        34,
        397,
        189,
        193,
        127,
        176,
        227,
        75,
        138,
        88,
        111,
        154,
        0,
        364,
        143,
        347,
        175,
        285,
        163,
        183,
        77,
        245,
        157,
        392,
        462,
        142],
    [   91,
        38,
        259,
        285,
        393,
        276,
        511,
        310,
        411,
        474,
        434,
        437,
        227,
        440,
        389,
        308,
        364,
        0,
        250,
        106,
        280,
        165,
        419,
        304,
        357,
        558,
        483,
        37,
        403,
        238],
    [   184,
        263,
        86,
        173,
        177,
        259,
        260,
        96,
        247,
        224,
        202,
        216,
        88,
        231,
        225,
        70,
        143,
        250,
        0,
        210,
        59,
        142,
        275,
        225,
        182,
        308,
        232,
        271,
        340,
        18],
    [   141,
        85,
        254,
        310,
        380,
        169,
        461,
        239,
        425,
        419,
        360,
        423,
        227,
        433,
        402,
        250,
        347,
        106,
        210,
        0,
        217,
        79,
        442,
        344,
        363,
        502,
        437,
        94,
        297,
        206],
    [   227,
        284,
        143,
        231,
        208,
        223,
        244,
        37,
        293,
        202,
        156,
        241,
        147,
        261,
        272,
        32,
        175,
        280,
        59,
        217,
        0,
        139,
        323,
        283,
        229,
        285,
        221,
        293,
        290,
        77],
    [   155,
        157,
        204,
        275,
        319,
        147,
        384,
        159,
        378,
        341,
        281,
        359,
        184,
        373,
        355,
        172,
        285,
        165,
        142,
        79,
        139,
        0,
        400,
        318,
        313,
        424,
        360,
        166,
        262,
        143],
    [   329,
        451,
        196,
        134,
        142,
        533,
        319,
        349,
        37,
        323,
        389,
        150,
        216,
        124,
        52,
        310,
        163,
        419,
        275,
        442,
        323,
        400,
        0,
        124,
        94,
        372,
        291,
        455,
        614,
        265],
    [   216,
        339,
        140,
        53,
        186,
        462,
        371,
        318,
        132,
        359,
        395,
        219,
        141,
        203,
        118,
        282,
        183,
        304,
        225,
        344,
        283,
        318,
        124,
        0,
        115,
        427,
        340,
        341,
        561,
        209],
    [   266,
        384,
        109,
        85,
        71,
        441,
        258,
        255,
        65,
        251,
        303,
        104,
        135,
        93,
        43,
        215,
        77,
        357,
        182,
        363,
        229,
        313,
        94,
        115,
        0,
        314,
        227,
        389,
        519,
        174],
    [   490,
        568,
        332,
        384,
        243,
        465,
        56,
        265,
        336,
        84,
        164,
        221,
        360,
        248,
        331,
        253,
        245,
        558,
        308,
        502,
        285,
        424,
        372,
        427,
        314,
        0,
        87,
        576,
        463,
        322],
    [   410,
        496,
        246,
        297,
        157,
        424,
        31,
        210,
        254,
        41,
        147,
        141,
        276,
        170,
        248,
        188,
        157,
        483,
        232,
        437,
        221,
        360,
        291,
        340,
        227,
        87,
        0,
        503,
        446,
        244],
    [   126,
        9,
        289,
        320,
        422,
        259,
        531,
        321,
        445,
        492,
        444,
        466,
        257,
        471,
        423,
        323,
        392,
        37,
        271,
        94,
        293,
        166,
        455,
        341,
        389,
        576,
        503,
        0,
        386,
        261],
    [   417,
        378,
        426,
        511,
        493,
        127,
        452,
        268,
        583,
        408,
        302,
        520,
        419,
        544,
        562,
        307,
        462,
        403,
        340,
        297,
        290,
        262,
        614,
        561,
        519,
        463,
        446,
        386,
        0,
        354],
    [   168,
        253,
        71,
        158,
        176,
        267,
        273,
        114,
        239,
        238,
        221,
        217,
        70,
        229,
        217,
        88,
        142,
        238,
        18,
        206,
        77,
        143,
        265,
        209,
        174,
        322,
        244,
        261,
        354,
        0]]
;
task=[   111,
    15,
    230,
    205,
    47,
    157,
    131,
    326,
    36,
    199,
    69,
    275,
    391,
    89,
    234,
    205,
    307,
    212,
    0,
    84,
    148,
    319,
    76,
    142,
    309,
    42,
    20,
    56,
    25,
    491]
;
minW=[   44,
    174,
    52,
    58,
    117,
    134,
    0,
    88,
    125,
    90,
    33,
    45,
    17,
    126,
    3,
    67,
    107,
    40,
    0,
    68,
    9,
    128,
    38,
    147,
    30,
    92,
    81,
    138,
    329,
    3]
;
maxW=[   184,
    508,
    211,
    201,
    702,
    678,
    434,
    576,
    413,
    226,
    513,
    617,
    693,
    469,
    254,
    391,
    574,
    278,
    720,
    584,
    655,
    264,
    440,
    298,
    274,
    654,
    609,
    277,
    497,
    483]
;