// Generated by InstanceGenerator.py v0.1
// Juan Francisco Martinez Vera
// AMMM - MIRI, FIB UPC
//
// RAND_SEED=1484822396

bigM=100000;

nLocations=30;
startLocation=16;
distances=[   [   0,
        96,
        361,
        230,
        78,
        42,
        336,
        234,
        277,
        193,
        221,
        277,
        331,
        47,
        321,
        54,
        83,
        219,
        266,
        173,
        255,
        138,
        220,
        274,
        209,
        233,
        329,
        109,
        241,
        355],
    [   96,
        0,
        439,
        217,
        118,
        79,
        414,
        284,
        348,
        265,
        314,
        374,
        409,
        142,
        395,
        149,
        146,
        167,
        348,
        255,
        251,
        222,
        133,
        335,
        293,
        249,
        413,
        25,
        234,
        435],
    [   361,
        439,
        0,
        355,
        421,
        403,
        455,
        190,
        449,
        174,
        172,
        208,
        31,
        315,
        49,
        312,
        400,
        579,
        94,
        187,
        336,
        222,
        573,
        133,
        368,
        544,
        48,
        460,
        577,
        10],
    [   230,
        217,
        355,
        0,
        303,
        256,
        550,
        165,
        498,
        212,
        321,
        403,
        326,
        233,
        306,
        240,
        313,
        381,
        292,
        237,
        37,
        226,
        320,
        222,
        419,
        455,
        353,
        241,
        448,
        357],
    [   78,
        118,
        421,
        303,
        0,
        46,
        297,
        310,
        231,
        262,
        264,
        302,
        392,
        109,
        385,
        110,
        33,
        164,
        326,
        236,
        330,
        202,
        198,
        346,
        183,
        154,
        384,
        113,
        164,
        414],
    [   42,
        79,
        403,
        256,
        46,
        0,
        335,
        275,
        271,
        236,
        258,
        307,
        373,
        87,
        363,
        92,
        67,
        176,
        308,
        215,
        285,
        180,
        185,
        317,
        214,
        199,
        369,
        82,
        201,
        397],
    [   336,
        414,
        455,
        550,
        297,
        335,
        0,
        470,
        70,
        394,
        299,
        248,
        442,
        318,
        450,
        311,
        268,
        409,
        391,
        354,
        565,
        343,
        480,
        469,
        130,
        259,
        407,
        411,
        318,
        445],
    [   234,
        284,
        190,
        165,
        310,
        275,
        470,
        0,
        436,
        76,
        188,
        270,
        161,
        203,
        141,
        205,
        303,
        444,
        132,
        116,
        149,
        130,
        415,
        59,
        348,
        460,
        189,
        308,
        474,
        191],
    [   277,
        348,
        449,
        498,
        231,
        271,
        70,
        436,
        0,
        362,
        282,
        250,
        432,
        265,
        437,
        258,
        203,
        338,
        374,
        322,
        517,
        305,
        410,
        443,
        87,
        191,
        401,
        344,
        250,
        440],
    [   193,
        265,
        174,
        212,
        262,
        236,
        394,
        76,
        362,
        0,
        114,
        198,
        143,
        152,
        130,
        151,
        248,
        412,
        88,
        40,
        207,
        63,
        399,
        87,
        274,
        403,
        154,
        287,
        425,
        171],
    [   221,
        314,
        172,
        321,
        264,
        258,
        299,
        188,
        282,
        114,
        0,
        83,
        151,
        173,
        154,
        167,
        239,
        428,
        92,
        83,
        320,
        102,
        441,
        173,
        198,
        375,
        127,
        330,
        411,
        163],
    [   277,
        374,
        208,
        403,
        302,
        307,
        248,
        270,
        250,
        198,
        83,
        0,
        197,
        232,
        208,
        224,
        271,
        465,
        156,
        166,
        403,
        180,
        492,
        248,
        179,
        382,
        159,
        386,
        427,
        197],
    [   331,
        409,
        31,
        326,
        392,
        373,
        442,
        161,
        432,
        143,
        151,
        197,
        0,
        286,
        21,
        283,
        373,
        550,
        66,
        157,
        308,
        192,
        542,
        105,
        349,
        519,
        43,
        430,
        550,
        30],
    [   47,
        142,
        315,
        233,
        109,
        87,
        318,
        203,
        265,
        152,
        173,
        232,
        286,
        0,
        277,
        8,
        99,
        263,
        221,
        128,
        252,
        93,
        267,
        237,
        187,
        256,
        282,
        157,
        273,
        310],
    [   321,
        395,
        49,
        306,
        385,
        363,
        450,
        141,
        437,
        130,
        154,
        208,
        21,
        277,
        0,
        275,
        367,
        540,
        63,
        149,
        287,
        183,
        529,
        84,
        352,
        516,
        62,
        417,
        545,
        51],
    [   54,
        149,
        312,
        240,
        110,
        92,
        311,
        205,
        258,
        151,
        167,
        224,
        283,
        8,
        275,
        0,
        98,
        267,
        217,
        126,
        258,
        91,
        273,
        237,
        180,
        255,
        278,
        163,
        274,
        306],
    [   83,
        146,
        400,
        313,
        33,
        67,
        268,
        303,
        203,
        248,
        239,
        271,
        373,
        99,
        367,
        98,
        0,
        193,
        306,
        219,
        339,
        186,
        231,
        335,
        150,
        156,
        361,
        144,
        177,
        393],
    [   219,
        167,
        579,
        381,
        164,
        176,
        409,
        444,
        338,
        412,
        428,
        465,
        550,
        263,
        540,
        267,
        193,
        0,
        485,
        392,
        417,
        357,
        97,
        490,
        324,
        163,
        545,
        142,
        113,
        573],
    [   266,
        348,
        94,
        292,
        326,
        308,
        391,
        132,
        374,
        88,
        92,
        156,
        66,
        221,
        63,
        217,
        306,
        485,
        0,
        93,
        280,
        128,
        481,
        94,
        289,
        453,
        66,
        368,
        483,
        88],
    [   173,
        255,
        187,
        237,
        236,
        215,
        354,
        116,
        322,
        40,
        83,
        166,
        157,
        128,
        149,
        126,
        219,
        392,
        93,
        0,
        237,
        35,
        388,
        123,
        234,
        371,
        157,
        275,
        397,
        182],
    [   255,
        251,
        336,
        37,
        330,
        285,
        565,
        149,
        517,
        207,
        320,
        403,
        308,
        252,
        287,
        258,
        339,
        417,
        280,
        237,
        0,
        231,
        357,
        203,
        435,
        484,
        338,
        276,
        481,
        338],
    [   138,
        222,
        222,
        226,
        202,
        180,
        343,
        130,
        305,
        63,
        102,
        180,
        192,
        93,
        183,
        91,
        186,
        357,
        128,
        35,
        231,
        0,
        354,
        150,
        218,
        340,
        191,
        241,
        364,
        217],
    [   220,
        133,
        573,
        320,
        198,
        185,
        480,
        415,
        410,
        399,
        441,
        492,
        542,
        267,
        529,
        273,
        231,
        97,
        481,
        388,
        357,
        354,
        0,
        467,
        379,
        252,
        545,
        112,
        208,
        569],
    [   274,
        335,
        133,
        222,
        346,
        317,
        469,
        59,
        443,
        87,
        173,
        248,
        105,
        237,
        84,
        237,
        335,
        490,
        94,
        123,
        203,
        150,
        467,
        0,
        356,
        490,
        138,
        359,
        511,
        135],
    [   209,
        293,
        368,
        419,
        183,
        214,
        130,
        348,
        87,
        274,
        198,
        179,
        349,
        187,
        352,
        180,
        150,
        324,
        289,
        234,
        435,
        218,
        379,
        356,
        0,
        209,
        321,
        294,
        261,
        359],
    [   233,
        249,
        544,
        455,
        154,
        199,
        259,
        460,
        191,
        403,
        375,
        382,
        519,
        256,
        516,
        255,
        156,
        163,
        453,
        371,
        484,
        340,
        252,
        490,
        209,
        0,
        502,
        232,
        59,
        536],
    [   329,
        413,
        48,
        353,
        384,
        369,
        407,
        189,
        401,
        154,
        127,
        159,
        43,
        282,
        62,
        278,
        361,
        545,
        66,
        157,
        338,
        191,
        545,
        138,
        321,
        502,
        0,
        432,
        536,
        38],
    [   109,
        25,
        460,
        241,
        113,
        82,
        411,
        308,
        344,
        287,
        330,
        386,
        430,
        157,
        417,
        163,
        144,
        142,
        368,
        275,
        276,
        241,
        112,
        359,
        294,
        232,
        432,
        0,
        213,
        456],
    [   241,
        234,
        577,
        448,
        164,
        201,
        318,
        474,
        250,
        425,
        411,
        427,
        550,
        273,
        545,
        274,
        177,
        113,
        483,
        397,
        481,
        364,
        208,
        511,
        261,
        59,
        536,
        213,
        0,
        569],
    [   355,
        435,
        10,
        357,
        414,
        397,
        445,
        191,
        440,
        171,
        163,
        197,
        30,
        310,
        51,
        306,
        393,
        573,
        88,
        182,
        338,
        217,
        569,
        135,
        359,
        536,
        38,
        456,
        569,
        0]]
;
task=[   388,
    167,
    32,
    6,
    331,
    509,
    40,
    26,
    149,
    218,
    40,
    156,
    7,
    70,
    66,
    0,
    239,
    160,
    96,
    156,
    52,
    247,
    17,
    56,
    164,
    28,
    48,
    7,
    42,
    25]
;
minW=[   15,
    41,
    72,
    181,
    9,
    55,
    274,
    72,
    26,
    118,
    69,
    71,
    39,
    7,
    54,
    0,
    12,
    186,
    171,
    65,
    242,
    58,
    13,
    35,
    56,
    63,
    21,
    121,
    214,
    151]
;
maxW=[   65,
    190,
    573,
    345,
    667,
    411,
    600,
    714,
    618,
    334,
    643,
    432,
    648,
    562,
    293,
    720,
    362,
    468,
    655,
    456,
    715,
    109,
    363,
    363,
    715,
    541,
    494,
    202,
    483,
    384]
;