// Generated by InstanceGenerator.py v0.1
// Juan Francisco Martinez Vera
// AMMM - MIRI, FIB UPC
//
// RAND_SEED=1484822406

bigM=100000;

nLocations=80;
startLocation=25;
distances=[   [   0,
        160,
        173,
        274,
        137,
        211,
        101,
        169,
        294,
        292,
        97,
        212,
        252,
        96,
        87,
        298,
        231,
        167,
        207,
        240,
        85,
        118,
        161,
        6,
        103,
        118,
        97,
        387,
        334,
        325,
        44,
        321,
        50,
        298,
        132,
        231,
        224,
        160,
        290,
        196,
        76,
        165,
        188,
        174,
        364,
        86,
        247,
        329,
        265,
        304,
        144,
        376,
        356,
        285,
        185,
        390,
        170,
        349,
        243,
        108,
        217,
        174,
        49,
        90,
        188,
        335,
        228,
        163,
        96,
        198,
        233,
        227,
        90,
        93,
        254,
        172,
        310,
        146,
        249,
        142],
    [   160,
        0,
        171,
        312,
        176,
        226,
        69,
        329,
        137,
        271,
        254,
        363,
        379,
        254,
        231,
        154,
        78,
        208,
        278,
        139,
        246,
        259,
        206,
        155,
        157,
        107,
        248,
        425,
        241,
        351,
        120,
        406,
        187,
        407,
        163,
        262,
        292,
        274,
        297,
        329,
        233,
        77,
        76,
        114,
        223,
        240,
        378,
        398,
        422,
        395,
        217,
        255,
        265,
        446,
        335,
        450,
        331,
        297,
        173,
        265,
        377,
        235,
        190,
        176,
        335,
        363,
        389,
        101,
        251,
        285,
        208,
        336,
        71,
        116,
        97,
        130,
        170,
        109,
        256,
        299],
    [   173,
        171,
        0,
        141,
        45,
        55,
        181,
        308,
        232,
        120,
        255,
        279,
        255,
        211,
        172,
        209,
        182,
        321,
        122,
        309,
        220,
        288,
        54,
        169,
        73,
        231,
        264,
        254,
        179,
        181,
        141,
        245,
        224,
        260,
        44,
        92,
        131,
        156,
        130,
        220,
        238,
        237,
        118,
        65,
        255,
        194,
        258,
        231,
        345,
        238,
        86,
        239,
        198,
        390,
        253,
        280,
        303,
        176,
        89,
        264,
        354,
        82,
        223,
        96,
        248,
        192,
        357,
        254,
        257,
        139,
        60,
        198,
        162,
        87,
        251,
        279,
        210,
        251,
        88,
        242],
    [   274,
        312,
        141,
        0,
        147,
        86,
        315,
        349,
        360,
        106,
        324,
        269,
        201,
        261,
        225,
        327,
        318,
        439,
        78,
        449,
        280,
        369,
        117,
        272,
        179,
        361,
        341,
        115,
        241,
        52,
        259,
        124,
        322,
        168,
        158,
        50,
        65,
        155,
        58,
        199,
        315,
        376,
        256,
        204,
        355,
        248,
        210,
        98,
        329,
        127,
        131,
        316,
        248,
        387,
        252,
        139,
        340,
        176,
        189,
        330,
        386,
        99,
        319,
        184,
        243,
        61,
        381,
        390,
        329,
        103,
        127,
        142,
        295,
        214,
        391,
        413,
        322,
        384,
        69,
        269],
    [   137,
        176,
        45,
        147,
        0,
        74,
        168,
        262,
        260,
        155,
        212,
        235,
        220,
        165,
        126,
        243,
        205,
        295,
        102,
        307,
        175,
        248,
        31,
        134,
        34,
        214,
        222,
        262,
        224,
        194,
        113,
        230,
        188,
        235,
        12,
        98,
        116,
        116,
        153,
        180,
        197,
        232,
        141,
        92,
        295,
        148,
        222,
        224,
        301,
        219,
        47,
        284,
        244,
        344,
        209,
        278,
        257,
        218,
        134,
        221,
        308,
        58,
        186,
        52,
        204,
        205,
        311,
        244,
        215,
        111,
        102,
        167,
        148,
        67,
        266,
        266,
        247,
        237,
        112,
        196],
    [   211,
        226,
        55,
        86,
        74,
        0,
        234,
        323,
        277,
        86,
        281,
        272,
        231,
        227,
        187,
        249,
        232,
        368,
        87,
        364,
        241,
        320,
        54,
        208,
        109,
        283,
        293,
        198,
        187,
        126,
        187,
        197,
        262,
        223,
        81,
        38,
        90,
        145,
        79,
        207,
        267,
        292,
        170,
        117,
        285,
        211,
        236,
        180,
        338,
        193,
        86,
        257,
        202,
        389,
        249,
        226,
        316,
        156,
        114,
        289,
        366,
        63,
        260,
        124,
        242,
        137,
        366,
        308,
        284,
        111,
        55,
        170,
        215,
        136,
        304,
        332,
        246,
        304,
        37,
        249],
    [   101,
        69,
        181,
        315,
        168,
        234,
        0,
        264,
        207,
        297,
        188,
        313,
        343,
        198,
        183,
        222,
        147,
        150,
        265,
        146,
        186,
        190,
        199,
        96,
        139,
        51,
        180,
        430,
        294,
        360,
        72,
        390,
        119,
        380,
        157,
        265,
        280,
        242,
        312,
        289,
        167,
        69,
        128,
        144,
        291,
        186,
        339,
        390,
        367,
        377,
        199,
        318,
        318,
        385,
        285,
        446,
        268,
        336,
        214,
        200,
        312,
        223,
        123,
        147,
        287,
        371,
        325,
        76,
        185,
        265,
        232,
        308,
        20,
        100,
        155,
        98,
        237,
        69,
        269,
        244],
    [   169,
        329,
        308,
        349,
        262,
        323,
        264,
        0,
        463,
        409,
        76,
        123,
        212,
        96,
        136,
        467,
        400,
        242,
        271,
        382,
        90,
        99,
        269,
        175,
        237,
        261,
        90,
        440,
        484,
        400,
        213,
        332,
        148,
        281,
        264,
        323,
        285,
        194,
        388,
        169,
        97,
        318,
        355,
        331,
        531,
        113,
        201,
        358,
        135,
        312,
        237,
        536,
        505,
        127,
        117,
        418,
        12,
        478,
        392,
        65,
        48,
        264,
        143,
        211,
        127,
        407,
        60,
        307,
        81,
        247,
        364,
        232,
        257,
        250,
        420,
        303,
        477,
        286,
        356,
        80],
    [   294,
        137,
        232,
        360,
        260,
        277,
        207,
        463,
        0,
        280,
        390,
        482,
        480,
        381,
        352,
        46,
        63,
        334,
        354,
        203,
        377,
        397,
        283,
        288,
        258,
        238,
        385,
        456,
        183,
        382,
        250,
        475,
        324,
        492,
        250,
        316,
        363,
        375,
        323,
        437,
        368,
        189,
        120,
        169,
        100,
        366,
        482,
        457,
        545,
        469,
        308,
        156,
        201,
        575,
        454,
        497,
        464,
        270,
        173,
        401,
        512,
        313,
        328,
        284,
        453,
        394,
        522,
        214,
        387,
        370,
        233,
        428,
        208,
        225,
        89,
        241,
        64,
        231,
        291,
        425],
    [   292,
        271,
        120,
        106,
        155,
        86,
        297,
        409,
        280,
        0,
        366,
        352,
        298,
        313,
        274,
        241,
        252,
        440,
        156,
        410,
        327,
        404,
        140,
        288,
        189,
        348,
        378,
        177,
        136,
        107,
        262,
        230,
        343,
        274,
        160,
        94,
        152,
        227,
        50,
        284,
        352,
        346,
        200,
        157,
        257,
        297,
        306,
        200,
        416,
        234,
        172,
        212,
        142,
        470,
        330,
        225,
        402,
        74,
        108,
        375,
        451,
        146,
        341,
        208,
        323,
        117,
        451,
        365,
        369,
        184,
        64,
        237,
        279,
        207,
        330,
        392,
        232,
        365,
        54,
        334],
    [   97,
        254,
        255,
        324,
        212,
        281,
        188,
        76,
        390,
        366,
        0,
        162,
        233,
        66,
        99,
        396,
        327,
        180,
        248,
        307,
        45,
        48,
        227,
        103,
        182,
        185,
        22,
        427,
        426,
        377,
        142,
        336,
        71,
        295,
        211,
        290,
        263,
        178,
        354,
        180,
        21,
        242,
        286,
        268,
        462,
        76,
        224,
        354,
        197,
        316,
        198,
        472,
        447,
        201,
        143,
        416,
        81,
        431,
        334,
        11,
        123,
        229,
        67,
        159,
        150,
        385,
        136,
        231,
        7,
        229,
        314,
        233,
        182,
        186,
        344,
        230,
        407,
        210,
        317,
        91],
    [   212,
        363,
        279,
        269,
        235,
        272,
        313,
        123,
        482,
        352,
        162,
        0,
        93,
        116,
        132,
        473,
        421,
        341,
        197,
        451,
        134,
        206,
        228,
        216,
        226,
        328,
        184,
        340,
        455,
        315,
        244,
        221,
        220,
        162,
        243,
        258,
        205,
        126,
        318,
        69,
        173,
        378,
        363,
        324,
        530,
        126,
        81,
        251,
        66,
        200,
        193,
        519,
        472,
        119,
        28,
        308,
        110,
        426,
        369,
        158,
        136,
        209,
        215,
        199,
        31,
        318,
        124,
        374,
        170,
        169,
        324,
        131,
        298,
        256,
        460,
        379,
        479,
        356,
        297,
        73],
    [   252,
        379,
        255,
        201,
        220,
        231,
        343,
        212,
        480,
        298,
        233,
        93,
        0,
        172,
        165,
        463,
        423,
        405,
        144,
        488,
        194,
        281,
        201,
        254,
        224,
        370,
        256,
        253,
        418,
        239,
        271,
        129,
        276,
        69,
        230,
        206,
        146,
        106,
        256,
        56,
        238,
        411,
        360,
        313,
        510,
        173,
        12,
        163,
        136,
        109,
        173,
        488,
        432,
        199,
        96,
        216,
        200,
        372,
        341,
        232,
        229,
        174,
        271,
        203,
        86,
        241,
        217,
        413,
        241,
        119,
        286,
        61,
        325,
        263,
        476,
        425,
        465,
        398,
        246,
        143],
    [   96,
        254,
        211,
        261,
        165,
        227,
        198,
        96,
        381,
        313,
        66,
        116,
        172,
        0,
        40,
        379,
        318,
        233,
        184,
        334,
        22,
        115,
        173,
        101,
        142,
        211,
        87,
        362,
        388,
        314,
        133,
        269,
        105,
        230,
        168,
        231,
        199,
        111,
        295,
        117,
        66,
        262,
        267,
        238,
        441,
        17,
        164,
        287,
        169,
        249,
        142,
        442,
        409,
        193,
        91,
        349,
        91,
        382,
        297,
        70,
        142,
        170,
        101,
        115,
        96,
        321,
        147,
        257,
        73,
        163,
        267,
        167,
        186,
        160,
        350,
        263,
        388,
        239,
        262,
        45],
    [   87,
        231,
        172,
        225,
        126,
        187,
        183,
        136,
        352,
        274,
        99,
        132,
        165,
        40,
        0,
        347,
        290,
        244,
        149,
        326,
        55,
        144,
        133,
        90,
        104,
        205,
        116,
        329,
        350,
        278,
        112,
        245,
        114,
        215,
        129,
        192,
        165,
        83,
        257,
        109,
        91,
        250,
        235,
        202,
        407,
        23,
        159,
        259,
        192,
        227,
        102,
        405,
        370,
        225,
        104,
        321,
        131,
        342,
        258,
        105,
        182,
        131,
        110,
        77,
        105,
        286,
        185,
        249,
        104,
        131,
        228,
        146,
        167,
        127,
        328,
        259,
        355,
        233,
        222,
        73],
    [   298,
        154,
        209,
        327,
        243,
        249,
        222,
        467,
        46,
        241,
        396,
        473,
        463,
        379,
        347,
        0,
        76,
        360,
        330,
        242,
        378,
        408,
        263,
        292,
        247,
        260,
        393,
        419,
        137,
        346,
        254,
        446,
        335,
        469,
        234,
        286,
        338,
        360,
        286,
        423,
        375,
        218,
        112,
        151,
        69,
        363,
        465,
        426,
        538,
        442,
        290,
        113,
        155,
        572,
        446,
        462,
        466,
        225,
        138,
        407,
        515,
        291,
        337,
        274,
        443,
        357,
        524,
        243,
        394,
        348,
        200,
        407,
        219,
        220,
        130,
        272,
        19,
        258,
        258,
        421],
    [   231,
        78,
        182,
        318,
        205,
        232,
        147,
        400,
        63,
        252,
        327,
        421,
        423,
        318,
        290,
        76,
        0,
        283,
        303,
        177,
        314,
        335,
        230,
        225,
        199,
        183,
        323,
        422,
        185,
        347,
        187,
        427,
        263,
        439,
        193,
        271,
        313,
        317,
        289,
        378,
        306,
        142,
        64,
        117,
        146,
        303,
        423,
        413,
        483,
        420,
        251,
        184,
        207,
        512,
        392,
        457,
        401,
        258,
        143,
        339,
        449,
        260,
        266,
        223,
        391,
        359,
        459,
        168,
        325,
        316,
        196,
        372,
        146,
        164,
        78,
        197,
        94,
        181,
        253,
        362],
    [   167,
        208,
        321,
        439,
        295,
        368,
        150,
        242,
        334,
        440,
        180,
        341,
        405,
        233,
        244,
        360,
        283,
        0,
        375,
        169,
        211,
        143,
        323,
        168,
        261,
        102,
        158,
        553,
        445,
        489,
        181,
        487,
        129,
        459,
        287,
        393,
        391,
        325,
        448,
        349,
        168,
        144,
        278,
        294,
        429,
        232,
        397,
        497,
        375,
        470,
        310,
        464,
        469,
        368,
        320,
        557,
        252,
        485,
        365,
        185,
        276,
        340,
        134,
        255,
        327,
        499,
        295,
        119,
        172,
        365,
        377,
        390,
        165,
        234,
        256,
        96,
        377,
        102,
        406,
        269],
    [   207,
        278,
        122,
        78,
        102,
        87,
        265,
        271,
        354,
        156,
        248,
        197,
        144,
        184,
        149,
        330,
        303,
        375,
        0,
        408,
        203,
        294,
        73,
        206,
        126,
        307,
        265,
        181,
        274,
        129,
        201,
        127,
        252,
        138,
        115,
        62,
        16,
        77,
        122,
        127,
        240,
        332,
        238,
        186,
        372,
        171,
        150,
        124,
        260,
        117,
        66,
        345,
        287,
        316,
        177,
        183,
        262,
        231,
        200,
        253,
        308,
        44,
        249,
        121,
        169,
        137,
        304,
        342,
        253,
        27,
        142,
        83,
        245,
        167,
        368,
        361,
        330,
        332,
        103,
        191],
    [   240,
        139,
        309,
        449,
        307,
        364,
        146,
        382,
        203,
        410,
        307,
        451,
        488,
        334,
        326,
        242,
        177,
        169,
        408,
        0,
        319,
        288,
        338,
        236,
        282,
        123,
        291,
        563,
        362,
        490,
        218,
        534,
        236,
        526,
        295,
        399,
        422,
        388,
        436,
        434,
        288,
        77,
        211,
        253,
        303,
        326,
        484,
        531,
        500,
        522,
        343,
        355,
        385,
        508,
        425,
        585,
        388,
        430,
        308,
        316,
        424,
        365,
        241,
        293,
        428,
        501,
        440,
        77,
        301,
        410,
        347,
        454,
        165,
        241,
        114,
        79,
        261,
        96,
        395,
        379],
    [   85,
        246,
        220,
        280,
        175,
        241,
        186,
        90,
        377,
        327,
        45,
        134,
        194,
        22,
        55,
        378,
        314,
        211,
        203,
        319,
        0,
        93,
        186,
        91,
        148,
        195,
        64,
        382,
        395,
        332,
        126,
        291,
        86,
        253,
        176,
        247,
        219,
        133,
        311,
        139,
        44,
        248,
        266,
        241,
        441,
        31,
        186,
        309,
        181,
        272,
        156,
        446,
        416,
        199,
        110,
        371,
        88,
        393,
        303,
        50,
        138,
        186,
        81,
        123,
        116,
        340,
        146,
        242,
        51,
        184,
        278,
        189,
        176,
        160,
        340,
        245,
        388,
        222,
        276,
        61],
    [   118,
        259,
        288,
        369,
        248,
        320,
        190,
        99,
        397,
        404,
        48,
        206,
        281,
        115,
        144,
        408,
        335,
        143,
        294,
        288,
        93,
        0,
        266,
        123,
        215,
        173,
        28,
        474,
        452,
        421,
        160,
        384,
        73,
        344,
        245,
        332,
        309,
        226,
        395,
        229,
        53,
        231,
        302,
        292,
        476,
        123,
        272,
        402,
        233,
        365,
        240,
        492,
        475,
        225,
        189,
        464,
        109,
        465,
        361,
        49,
        136,
        272,
        71,
        196,
        197,
        430,
        154,
        216,
        41,
        276,
        348,
        282,
        189,
        211,
        341,
        209,
        421,
        195,
        357,
        138],
    [   161,
        206,
        54,
        117,
        31,
        54,
        199,
        269,
        283,
        140,
        227,
        228,
        201,
        173,
        133,
        263,
        230,
        323,
        73,
        338,
        186,
        266,
        0,
        158,
        62,
        244,
        239,
        232,
        227,
        165,
        142,
        200,
        210,
        209,
        43,
        70,
        85,
        103,
        129,
        167,
        213,
        263,
        166,
        114,
        310,
        157,
        204,
        193,
        294,
        190,
        34,
        292,
        245,
        341,
        202,
        247,
        263,
        208,
        142,
        235,
        313,
        29,
        208,
        71,
        197,
        176,
        314,
        275,
        230,
        86,
        97,
        144,
        179,
        98,
        294,
        297,
        264,
        268,
        91,
        197],
    [   6,
        155,
        169,
        272,
        134,
        208,
        96,
        175,
        288,
        288,
        103,
        216,
        254,
        101,
        90,
        292,
        225,
        168,
        206,
        236,
        91,
        123,
        158,
        0,
        99,
        115,
        103,
        385,
        329,
        323,
        38,
        321,
        54,
        300,
        128,
        228,
        223,
        162,
        287,
        199,
        82,
        161,
        182,
        168,
        358,
        90,
        249,
        329,
        270,
        305,
        142,
        370,
        351,
        291,
        189,
        389,
        176,
        345,
        238,
        114,
        223,
        173,
        54,
        88,
        192,
        333,
        234,
        159,
        101,
        198,
        229,
        228,
        84,
        88,
        249,
        170,
        304,
        143,
        246,
        147],
    [   103,
        157,
        73,
        179,
        34,
        109,
        139,
        237,
        258,
        189,
        182,
        226,
        224,
        142,
        104,
        247,
        199,
        261,
        126,
        282,
        148,
        215,
        62,
        99,
        0,
        183,
        190,
        295,
        247,
        228,
        79,
        252,
        153,
        249,
        29,
        132,
        141,
        118,
        188,
        178,
        165,
        205,
        138,
        98,
        304,
        124,
        224,
        250,
        290,
        240,
        61,
        301,
        267,
        329,
        198,
        307,
        233,
        249,
        155,
        191,
        284,
        84,
        152,
        27,
        195,
        238,
        289,
        215,
        184,
        128,
        133,
        178,
        119,
        41,
        252,
        236,
        253,
        207,
        147,
        177],
    [   118,
        107,
        231,
        361,
        214,
        283,
        51,
        261,
        238,
        348,
        185,
        328,
        370,
        211,
        205,
        260,
        183,
        102,
        307,
        123,
        195,
        173,
        244,
        115,
        183,
        0,
        171,
        477,
        343,
        408,
        106,
        429,
        114,
        414,
        204,
        313,
        323,
        274,
        361,
        314,
        165,
        58,
        176,
        195,
        329,
        203,
        365,
        432,
        376,
        415,
        240,
        362,
        367,
        386,
        302,
        490,
        266,
        387,
        265,
        195,
        305,
        267,
        118,
        186,
        306,
        419,
        320,
        46,
        179,
        304,
        283,
        341,
        69,
        147,
        170,
        55,
        277,
        27,
        319,
        256],
    [   97,
        248,
        264,
        341,
        222,
        293,
        180,
        90,
        385,
        378,
        22,
        184,
        256,
        87,
        116,
        393,
        323,
        158,
        265,
        291,
        64,
        28,
        239,
        103,
        190,
        171,
        0,
        446,
        431,
        393,
        141,
        356,
        61,
        317,
        220,
        304,
        281,
        197,
        368,
        202,
        25,
        229,
        285,
        271,
        460,
        95,
        246,
        374,
        217,
        337,
        213,
        474,
        453,
        217,
        165,
        436,
        97,
        440,
        339,
        27,
        133,
        244,
        57,
        170,
        173,
        401,
        149,
        217,
        14,
        247,
        324,
        254,
        176,
        190,
        334,
        213,
        406,
        195,
        330,
        114],
    [   387,
        425,
        254,
        115,
        262,
        198,
        430,
        440,
        456,
        177,
        427,
        340,
        253,
        362,
        329,
        419,
        422,
        553,
        181,
        563,
        382,
        474,
        232,
        385,
        295,
        477,
        446,
        0,
        307,
        74,
        374,
        128,
        433,
        194,
        273,
        164,
        165,
        250,
        133,
        274,
        421,
        491,
        363,
        313,
        433,
        351,
        265,
        91,
        390,
        146,
        243,
        381,
        306,
        453,
        330,
        62,
        429,
        220,
        283,
        432,
        470,
        213,
        430,
        298,
        320,
        63,
        461,
        505,
        433,
        198,
        225,
        210,
        410,
        330,
        498,
        528,
        410,
        500,
        170,
        360],
    [   334,
        241,
        179,
        241,
        224,
        187,
        294,
        484,
        183,
        136,
        426,
        455,
        418,
        388,
        350,
        137,
        185,
        445,
        274,
        362,
        395,
        452,
        227,
        329,
        247,
        343,
        431,
        307,
        0,
        241,
        292,
        365,
        381,
        404,
        221,
        215,
        275,
        330,
        187,
        393,
        407,
        318,
        167,
        160,
        128,
        371,
        424,
        337,
        522,
        367,
        262,
        75,
        23,
        568,
        430,
        359,
        480,
        93,
        92,
        436,
        531,
        248,
        382,
        273,
        425,
        251,
        535,
        342,
        427,
        299,
        132,
        357,
        283,
        241,
        258,
        372,
        121,
        350,
        176,
        421],
    [   325,
        351,
        181,
        52,
        194,
        126,
        360,
        400,
        382,
        107,
        377,
        315,
        239,
        314,
        278,
        346,
        347,
        489,
        129,
        490,
        332,
        421,
        165,
        323,
        228,
        408,
        393,
        74,
        241,
        0,
        307,
        139,
        373,
        195,
        204,
        95,
        115,
        206,
        59,
        245,
        367,
        419,
        288,
        238,
        364,
        300,
        250,
        102,
        372,
        149,
        182,
        317,
        244,
        432,
        300,
        118,
        390,
        162,
        209,
        383,
        435,
        151,
        371,
        235,
        290,
        11,
        430,
        434,
        381,
        153,
        150,
        185,
        340,
        260,
        423,
        458,
        338,
        429,
        95,
        320],
    [   44,
        120,
        141,
        259,
        113,
        187,
        72,
        213,
        250,
        262,
        142,
        244,
        271,
        133,
        112,
        254,
        187,
        181,
        201,
        218,
        126,
        160,
        142,
        38,
        79,
        106,
        141,
        374,
        292,
        307,
        0,
        323,
        88,
        309,
        105,
        212,
        217,
        170,
        266,
        217,
        121,
        141,
        144,
        132,
        320,
        119,
        267,
        325,
        301,
        308,
        134,
        332,
        315,
        326,
        216,
        384,
        213,
        314,
        202,
        153,
        261,
        162,
        89,
        79,
        217,
        318,
        271,
        145,
        140,
        197,
        200,
        236,
        55,
        55,
        217,
        161,
        265,
        132,
        224,
        178],
    [   321,
        406,
        245,
        124,
        230,
        197,
        390,
        332,
        475,
        230,
        336,
        221,
        129,
        269,
        245,
        446,
        427,
        487,
        127,
        534,
        291,
        384,
        200,
        321,
        252,
        429,
        356,
        128,
        365,
        139,
        323,
        0,
        359,
        65,
        242,
        160,
        114,
        162,
        180,
        162,
        334,
        458,
        363,
        310,
        479,
        262,
        141,
        38,
        265,
        20,
        191,
        441,
        372,
        328,
        217,
        87,
        320,
        296,
        309,
        338,
        356,
        171,
        355,
        243,
        206,
        135,
        344,
        466,
        342,
        125,
        247,
        102,
        370,
        293,
        494,
        484,
        443,
        455,
        191,
        255],
    [   50,
        187,
        224,
        322,
        188,
        262,
        119,
        148,
        324,
        343,
        71,
        220,
        276,
        105,
        114,
        335,
        263,
        129,
        252,
        236,
        86,
        73,
        210,
        54,
        153,
        114,
        61,
        433,
        381,
        373,
        88,
        359,
        0,
        330,
        182,
        280,
        268,
        196,
        340,
        220,
        51,
        170,
        228,
        220,
        402,
        103,
        269,
        370,
        264,
        341,
        191,
        419,
        404,
        272,
        196,
        432,
        152,
        399,
        291,
        82,
        193,
        222,
        5,
        139,
        202,
        383,
        208,
        160,
        66,
        239,
        284,
        260,
        116,
        142,
        273,
        161,
        348,
        139,
        300,
        147],
    [   298,
        407,
        260,
        168,
        235,
        223,
        380,
        281,
        492,
        274,
        295,
        162,
        69,
        230,
        215,
        469,
        439,
        459,
        138,
        526,
        253,
        344,
        209,
        300,
        249,
        414,
        317,
        194,
        404,
        195,
        309,
        65,
        330,
        0,
        247,
        190,
        132,
        139,
        226,
        115,
        297,
        449,
        375,
        324,
        509,
        228,
        81,
        103,
        201,
        48,
        190,
        478,
        414,
        264,
        163,
        150,
        268,
        345,
        337,
        295,
        299,
        179,
        325,
        233,
        153,
        194,
        286,
        454,
        303,
        123,
        277,
        72,
        361,
        290,
        500,
        469,
        468,
        441,
        227,
        208],
    [   132,
        163,
        44,
        158,
        12,
        81,
        157,
        264,
        250,
        160,
        211,
        243,
        230,
        168,
        129,
        234,
        193,
        287,
        115,
        295,
        176,
        245,
        43,
        128,
        29,
        204,
        220,
        273,
        221,
        204,
        105,
        242,
        182,
        247,
        0,
        109,
        128,
        126,
        161,
        189,
        194,
        220,
        129,
        82,
        287,
        150,
        232,
        236,
        308,
        232,
        58,
        278,
        241,
        350,
        215,
        290,
        259,
        220,
        129,
        220,
        310,
        71,
        181,
        52,
        212,
        215,
        314,
        232,
        213,
        124,
        103,
        179,
        137,
        56,
        253,
        255,
        238,
        226,
        119,
        200],
    [   231,
        262,
        92,
        50,
        98,
        38,
        265,
        323,
        316,
        94,
        290,
        258,
        206,
        231,
        192,
        286,
        271,
        393,
        62,
        399,
        247,
        332,
        70,
        228,
        132,
        313,
        304,
        164,
        215,
        95,
        212,
        160,
        280,
        190,
        109,
        0,
        60,
        134,
        64,
        190,
        278,
        326,
        208,
        155,
        320,
        216,
        213,
        141,
        322,
        157,
        91,
        288,
        226,
        377,
        237,
        188,
        315,
        168,
        149,
        297,
        363,
        60,
        277,
        140,
        229,
        106,
        361,
        340,
        294,
        90,
        88,
        144,
        245,
        165,
        342,
        364,
        283,
        335,
        40,
        246],
    [   224,
        292,
        131,
        65,
        116,
        90,
        280,
        285,
        363,
        152,
        263,
        205,
        146,
        199,
        165,
        338,
        313,
        391,
        16,
        422,
        219,
        309,
        85,
        223,
        141,
        323,
        281,
        165,
        275,
        115,
        217,
        114,
        268,
        132,
        128,
        60,
        0,
        90,
        113,
        135,
        256,
        346,
        249,
        196,
        376,
        187,
        153,
        109,
        267,
        106,
        82,
        347,
        287,
        324,
        187,
        167,
        275,
        226,
        205,
        269,
        321,
        57,
        265,
        137,
        178,
        122,
        316,
        357,
        269,
        38,
        145,
        84,
        260,
        181,
        379,
        377,
        336,
        348,
        100,
        204],
    [   160,
        274,
        156,
        155,
        116,
        145,
        242,
        194,
        375,
        227,
        178,
        126,
        106,
        111,
        83,
        360,
        317,
        325,
        77,
        388,
        133,
        226,
        103,
        162,
        118,
        274,
        197,
        250,
        330,
        206,
        170,
        162,
        196,
        139,
        126,
        134,
        90,
        0,
        197,
        64,
        174,
        311,
        255,
        209,
        411,
        102,
        106,
        176,
        192,
        145,
        70,
        395,
        346,
        243,
        103,
        238,
        184,
        300,
        245,
        182,
        231,
        83,
        192,
        98,
        96,
        212,
        227,
        315,
        184,
        53,
        197,
        66,
        223,
        157,
        370,
        330,
        363,
        301,
        172,
        114],
    [   290,
        297,
        130,
        58,
        153,
        79,
        312,
        388,
        323,
        50,
        354,
        318,
        256,
        295,
        257,
        286,
        289,
        448,
        122,
        436,
        311,
        395,
        129,
        287,
        188,
        361,
        368,
        133,
        187,
        59,
        266,
        180,
        340,
        226,
        161,
        64,
        113,
        197,
        0,
        249,
        342,
        367,
        231,
        183,
        307,
        280,
        265,
        150,
        381,
        185,
        155,
        262,
        192,
        437,
        299,
        176,
        380,
        118,
        149,
        361,
        428,
        125,
        338,
        201,
        291,
        70,
        425,
        384,
        358,
        149,
        92,
        196,
        293,
        215,
        365,
        409,
        279,
        381,
        42,
        310],
    [   196,
        329,
        220,
        199,
        180,
        207,
        289,
        169,
        437,
        284,
        180,
        69,
        56,
        117,
        109,
        423,
        378,
        349,
        127,
        434,
        139,
        229,
        167,
        199,
        178,
        314,
        202,
        274,
        393,
        245,
        217,
        162,
        220,
        115,
        189,
        190,
        135,
        64,
        249,
        0,
        183,
        357,
        316,
        272,
        475,
        116,
        50,
        189,
        132,
        142,
        134,
        459,
        408,
        188,
        56,
        248,
        158,
        358,
        309,
        180,
        195,
        145,
        215,
        155,
        45,
        249,
        187,
        358,
        187,
        100,
        260,
        64,
        272,
        215,
        426,
        369,
        427,
        342,
        229,
        93],
    [   76,
        233,
        238,
        315,
        197,
        267,
        167,
        97,
        368,
        352,
        21,
        173,
        238,
        66,
        91,
        375,
        306,
        168,
        240,
        288,
        44,
        53,
        213,
        82,
        165,
        165,
        25,
        421,
        407,
        367,
        121,
        334,
        51,
        297,
        194,
        278,
        256,
        174,
        342,
        183,
        0,
        221,
        265,
        248,
        441,
        72,
        230,
        350,
        213,
        315,
        187,
        452,
        429,
        221,
        152,
        412,
        101,
        415,
        315,
        32,
        144,
        218,
        47,
        144,
        158,
        376,
        157,
        212,
        19,
        223,
        298,
        233,
        161,
        166,
        322,
        212,
        386,
        191,
        304,
        101],
    [   165,
        77,
        237,
        376,
        232,
        292,
        69,
        318,
        189,
        346,
        242,
        378,
        411,
        262,
        250,
        218,
        142,
        144,
        332,
        77,
        248,
        231,
        263,
        161,
        205,
        58,
        229,
        491,
        318,
        419,
        141,
        458,
        170,
        449,
        220,
        326,
        346,
        311,
        367,
        357,
        221,
        0,
        154,
        188,
        286,
        252,
        408,
        455,
        429,
        445,
        266,
        326,
        341,
        442,
        351,
        510,
        323,
        375,
        251,
        252,
        363,
        289,
        175,
        216,
        354,
        430,
        378,
        25,
        236,
        333,
        281,
        376,
        87,
        165,
        114,
        54,
        236,
        42,
        325,
        307],
    [   188,
        76,
        118,
        256,
        141,
        170,
        128,
        355,
        120,
        200,
        286,
        363,
        360,
        267,
        235,
        112,
        64,
        278,
        238,
        211,
        266,
        302,
        166,
        182,
        138,
        176,
        285,
        363,
        167,
        288,
        144,
        363,
        228,
        375,
        129,
        208,
        249,
        255,
        231,
        316,
        265,
        154,
        0,
        52,
        176,
        251,
        361,
        349,
        427,
        355,
        188,
        192,
        190,
        460,
        335,
        395,
        354,
        221,
        97,
        297,
        404,
        195,
        230,
        164,
        333,
        300,
        412,
        177,
        284,
        252,
        139,
        308,
        119,
        107,
        134,
        206,
        121,
        183,
        193,
        308],
    [   174,
        114,
        65,
        204,
        92,
        117,
        144,
        331,
        169,
        157,
        268,
        324,
        313,
        238,
        202,
        151,
        117,
        294,
        186,
        253,
        241,
        292,
        114,
        168,
        98,
        195,
        271,
        313,
        160,
        238,
        132,
        310,
        220,
        324,
        82,
        155,
        196,
        209,
        183,
        272,
        248,
        188,
        52,
        0,
        206,
        221,
        314,
        296,
        389,
        303,
        140,
        205,
        183,
        427,
        296,
        343,
        328,
        192,
        72,
        278,
        379,
        144,
        221,
        126,
        293,
        250,
        385,
        208,
        268,
        201,
        93,
        259,
        129,
        81,
        187,
        235,
        155,
        209,
        143,
        276],
    [   364,
        223,
        255,
        355,
        295,
        285,
        291,
        531,
        100,
        257,
        462,
        530,
        510,
        441,
        407,
        69,
        146,
        429,
        372,
        303,
        441,
        476,
        310,
        358,
        304,
        329,
        460,
        433,
        128,
        364,
        320,
        479,
        402,
        509,
        287,
        320,
        376,
        411,
        307,
        475,
        441,
        286,
        176,
        206,
        0,
        424,
        514,
        454,
        595,
        478,
        340,
        68,
        136,
        633,
        502,
        483,
        530,
        221,
        171,
        473,
        580,
        336,
        405,
        332,
        499,
        374,
        587,
        311,
        460,
        393,
        232,
        452,
        288,
        281,
        189,
        339,
        54,
        326,
        287,
        481],
    [   86,
        240,
        194,
        248,
        148,
        211,
        186,
        113,
        366,
        297,
        76,
        126,
        173,
        17,
        23,
        363,
        303,
        232,
        171,
        326,
        31,
        123,
        157,
        90,
        124,
        203,
        95,
        351,
        371,
        300,
        119,
        262,
        103,
        228,
        150,
        216,
        187,
        102,
        280,
        116,
        72,
        252,
        251,
        221,
        424,
        0,
        166,
        278,
        182,
        243,
        126,
        425,
        391,
        209,
        99,
        341,
        109,
        365,
        279,
        82,
        160,
        155,
        98,
        98,
        102,
        308,
        164,
        249,
        82,
        152,
        250,
        161,
        173,
        143,
        336,
        256,
        371,
        231,
        246,
        59],
    [   247,
        378,
        258,
        210,
        222,
        236,
        339,
        201,
        482,
        306,
        224,
        81,
        12,
        164,
        159,
        465,
        423,
        397,
        150,
        484,
        186,
        272,
        204,
        249,
        224,
        365,
        246,
        265,
        424,
        250,
        267,
        141,
        269,
        81,
        232,
        213,
        153,
        106,
        265,
        50,
        230,
        408,
        361,
        314,
        514,
        166,
        0,
        175,
        124,
        121,
        175,
        493,
        438,
        187,
        85,
        229,
        188,
        380,
        345,
        223,
        217,
        178,
        264,
        202,
        75,
        252,
        204,
        409,
        232,
        124,
        291,
        69,
        322,
        263,
        475,
        419,
        468,
        393,
        253,
        133],
    [   329,
        398,
        231,
        98,
        224,
        180,
        390,
        358,
        457,
        200,
        354,
        251,
        163,
        287,
        259,
        426,
        413,
        497,
        124,
        531,
        309,
        402,
        193,
        329,
        250,
        432,
        374,
        91,
        337,
        102,
        325,
        38,
        370,
        103,
        236,
        141,
        109,
        176,
        150,
        189,
        350,
        455,
        349,
        296,
        454,
        278,
        175,
        0,
        299,
        55,
        191,
        412,
        342,
        362,
        244,
        62,
        346,
        263,
        287,
        357,
        384,
        166,
        367,
        245,
        234,
        98,
        374,
        466,
        360,
        131,
        225,
        125,
        369,
        290,
        483,
        486,
        421,
        457,
        168,
        279],
    [   265,
        422,
        345,
        329,
        301,
        338,
        367,
        135,
        545,
        416,
        197,
        66,
        136,
        169,
        192,
        538,
        483,
        375,
        260,
        500,
        181,
        233,
        294,
        270,
        290,
        376,
        217,
        390,
        522,
        372,
        301,
        265,
        264,
        201,
        308,
        322,
        267,
        192,
        381,
        132,
        213,
        429,
        427,
        389,
        595,
        182,
        124,
        299,
        0,
        245,
        260,
        585,
        538,
        63,
        92,
        351,
        124,
        490,
        435,
        190,
        123,
        275,
        259,
        263,
        97,
        375,
        104,
        423,
        204,
        232,
        390,
        188,
        355,
        319,
        518,
        425,
        544,
        403,
        362,
        123],
    [   304,
        395,
        238,
        127,
        219,
        193,
        377,
        312,
        469,
        234,
        316,
        200,
        109,
        249,
        227,
        442,
        420,
        470,
        117,
        522,
        272,
        365,
        190,
        305,
        240,
        415,
        337,
        146,
        367,
        149,
        308,
        20,
        341,
        48,
        232,
        157,
        106,
        145,
        185,
        142,
        315,
        445,
        355,
        303,
        478,
        243,
        121,
        55,
        245,
        0,
        179,
        442,
        376,
        308,
        196,
        108,
        300,
        302,
        307,
        318,
        335,
        161,
        337,
        229,
        185,
        147,
        324,
        452,
        323,
        111,
        245,
        82,
        357,
        281,
        485,
        470,
        440,
        441,
        192,
        235],
    [   144,
        217,
        86,
        131,
        47,
        86,
        199,
        237,
        308,
        172,
        198,
        193,
        173,
        142,
        102,
        290,
        251,
        310,
        66,
        343,
        156,
        240,
        34,
        142,
        61,
        240,
        213,
        243,
        262,
        182,
        134,
        191,
        191,
        190,
        58,
        91,
        82,
        70,
        155,
        134,
        187,
        266,
        188,
        140,
        340,
        126,
        175,
        191,
        260,
        179,
        0,
        325,
        279,
        307,
        168,
        249,
        230,
        242,
        175,
        206,
        280,
        31,
        188,
        55,
        163,
        192,
        280,
        275,
        202,
        68,
        132,
        120,
        179,
        102,
        310,
        294,
        293,
        265,
        120,
        163],
    [   376,
        255,
        239,
        316,
        284,
        257,
        318,
        536,
        156,
        212,
        472,
        519,
        488,
        442,
        405,
        113,
        184,
        464,
        345,
        355,
        446,
        492,
        292,
        370,
        301,
        362,
        474,
        381,
        75,
        317,
        332,
        441,
        419,
        478,
        278,
        288,
        347,
        395,
        262,
        459,
        452,
        326,
        192,
        205,
        68,
        425,
        493,
        412,
        585,
        442,
        325,
        0,
        75,
        628,
        492,
        435,
        533,
        163,
        150,
        483,
        584,
        315,
        421,
        328,
        488,
        326,
        590,
        351,
        471,
        369,
        202,
        428,
        311,
        286,
        243,
        380,
        93,
        364,
        250,
        478],
    [   356,
        265,
        198,
        248,
        244,
        202,
        318,
        505,
        201,
        142,
        447,
        472,
        432,
        409,
        370,
        155,
        207,
        469,
        287,
        385,
        416,
        475,
        245,
        351,
        267,
        367,
        453,
        306,
        23,
        244,
        315,
        372,
        404,
        414,
        241,
        226,
        287,
        346,
        192,
        408,
        429,
        341,
        190,
        183,
        136,
        391,
        438,
        342,
        538,
        376,
        279,
        75,
        0,
        586,
        447,
        361,
        500,
        87,
        113,
        458,
        551,
        263,
        404,
        293,
        442,
        253,
        555,
        366,
        448,
        313,
        148,
        370,
        306,
        263,
        279,
        395,
        138,
        374,
        187,
        440],
    [   285,
        446,
        390,
        387,
        344,
        389,
        385,
        127,
        575,
        470,
        201,
        119,
        199,
        193,
        225,
        572,
        512,
        368,
        316,
        508,
        199,
        225,
        341,
        291,
        329,
        386,
        217,
        453,
        568,
        432,
        326,
        328,
        272,
        264,
        350,
        377,
        324,
        243,
        437,
        188,
        221,
        442,
        460,
        427,
        633,
        209,
        187,
        362,
        63,
        308,
        307,
        628,
        586,
        0,
        139,
        415,
        120,
        544,
        479,
        191,
        93,
        326,
        268,
        301,
        147,
        436,
        73,
        432,
        207,
        288,
        439,
        248,
        375,
        352,
        540,
        430,
        580,
        412,
        416,
        151],
    [   185,
        335,
        253,
        252,
        209,
        249,
        285,
        117,
        454,
        330,
        143,
        28,
        96,
        91,
        104,
        446,
        392,
        320,
        177,
        425,
        110,
        189,
        202,
        189,
        198,
        302,
        165,
        330,
        430,
        300,
        216,
        217,
        196,
        163,
        215,
        237,
        187,
        103,
        299,
        56,
        152,
        351,
        335,
        296,
        502,
        99,
        85,
        244,
        92,
        196,
        168,
        492,
        447,
        139,
        0,
        303,
        104,
        404,
        342,
        140,
        139,
        186,
        191,
        171,
        10,
        304,
        131,
        348,
        150,
        150,
        299,
        120,
        271,
        228,
        432,
        354,
        452,
        330,
        276,
        51],
    [   390,
        450,
        280,
        139,
        278,
        226,
        446,
        418,
        497,
        225,
        416,
        308,
        216,
        349,
        321,
        462,
        457,
        557,
        183,
        585,
        371,
        464,
        247,
        389,
        307,
        490,
        436,
        62,
        359,
        118,
        384,
        87,
        432,
        150,
        290,
        188,
        167,
        238,
        176,
        248,
        412,
        510,
        395,
        343,
        483,
        341,
        229,
        62,
        351,
        108,
        249,
        435,
        361,
        415,
        303,
        0,
        406,
        276,
        324,
        419,
        443,
        222,
        428,
        305,
        293,
        108,
        432,
        522,
        422,
        192,
        263,
        186,
        426,
        346,
        530,
        543,
        455,
        514,
        205,
        339],
    [   170,
        331,
        303,
        340,
        257,
        316,
        268,
        12,
        464,
        402,
        81,
        110,
        200,
        91,
        131,
        466,
        401,
        252,
        262,
        388,
        88,
        109,
        263,
        176,
        233,
        266,
        97,
        429,
        480,
        390,
        213,
        320,
        152,
        268,
        259,
        315,
        275,
        184,
        380,
        158,
        101,
        323,
        354,
        328,
        530,
        109,
        188,
        346,
        124,
        300,
        230,
        533,
        500,
        120,
        104,
        406,
        0,
        472,
        388,
        71,
        51,
        256,
        148,
        207,
        115,
        397,
        58,
        312,
        87,
        237,
        358,
        221,
        260,
        249,
        423,
        310,
        476,
        292,
        349,
        70],
    [   349,
        297,
        176,
        176,
        218,
        156,
        336,
        478,
        270,
        74,
        431,
        426,
        372,
        382,
        342,
        225,
        258,
        485,
        231,
        430,
        393,
        465,
        208,
        345,
        249,
        387,
        440,
        220,
        93,
        162,
        314,
        296,
        399,
        345,
        220,
        168,
        226,
        300,
        118,
        358,
        415,
        375,
        221,
        192,
        221,
        365,
        380,
        263,
        490,
        302,
        242,
        163,
        87,
        544,
        404,
        276,
        472,
        0,
        124,
        440,
        522,
        218,
        399,
        271,
        396,
        169,
        522,
        397,
        433,
        258,
        116,
        311,
        321,
        259,
        336,
        425,
        211,
        400,
        128,
        405],
    [   243,
        173,
        89,
        189,
        134,
        114,
        214,
        392,
        173,
        108,
        334,
        369,
        341,
        297,
        258,
        138,
        143,
        365,
        200,
        308,
        303,
        361,
        142,
        238,
        155,
        265,
        339,
        283,
        92,
        209,
        202,
        309,
        291,
        337,
        129,
        149,
        205,
        245,
        149,
        309,
        315,
        251,
        97,
        72,
        171,
        279,
        345,
        287,
        435,
        307,
        175,
        150,
        113,
        479,
        342,
        324,
        388,
        124,
        0,
        344,
        439,
        166,
        291,
        181,
        338,
        220,
        444,
        273,
        334,
        222,
        62,
        281,
        200,
        149,
        222,
        301,
        133,
        277,
        120,
        330],
    [   108,
        265,
        264,
        330,
        221,
        289,
        200,
        65,
        401,
        375,
        11,
        158,
        232,
        70,
        105,
        407,
        339,
        185,
        253,
        316,
        50,
        49,
        235,
        114,
        191,
        195,
        27,
        432,
        436,
        383,
        153,
        338,
        82,
        295,
        220,
        297,
        269,
        182,
        361,
        180,
        32,
        252,
        297,
        278,
        473,
        82,
        223,
        357,
        190,
        318,
        206,
        483,
        458,
        191,
        140,
        419,
        71,
        440,
        344,
        0,
        112,
        236,
        77,
        168,
        148,
        391,
        125,
        241,
        15,
        233,
        324,
        235,
        194,
        197,
        355,
        239,
        418,
        220,
        325,
        89],
    [   217,
        377,
        354,
        386,
        308,
        366,
        312,
        48,
        512,
        451,
        123,
        136,
        229,
        142,
        182,
        515,
        449,
        276,
        308,
        424,
        138,
        136,
        313,
        223,
        284,
        305,
        133,
        470,
        531,
        435,
        261,
        356,
        193,
        299,
        310,
        363,
        321,
        231,
        428,
        195,
        144,
        363,
        404,
        379,
        580,
        160,
        217,
        384,
        123,
        335,
        280,
        584,
        551,
        93,
        139,
        443,
        51,
        522,
        439,
        112,
        0,
        305,
        189,
        258,
        150,
        441,
        20,
        350,
        127,
        282,
        409,
        260,
        305,
        299,
        467,
        345,
        525,
        329,
        398,
        117],
    [   174,
        235,
        82,
        99,
        58,
        63,
        223,
        264,
        313,
        146,
        229,
        209,
        174,
        170,
        131,
        291,
        260,
        340,
        44,
        365,
        186,
        272,
        29,
        173,
        84,
        267,
        244,
        213,
        248,
        151,
        162,
        171,
        222,
        179,
        71,
        60,
        57,
        83,
        125,
        145,
        218,
        289,
        195,
        144,
        336,
        155,
        178,
        166,
        275,
        161,
        31,
        315,
        263,
        326,
        186,
        222,
        256,
        218,
        166,
        236,
        305,
        0,
        220,
        85,
        179,
        160,
        304,
        300,
        233,
        57,
        115,
        116,
        203,
        124,
        324,
        320,
        292,
        291,
        92,
        188],
    [   49,
        190,
        223,
        319,
        186,
        260,
        123,
        143,
        328,
        341,
        67,
        215,
        271,
        101,
        110,
        337,
        266,
        134,
        249,
        241,
        81,
        71,
        208,
        54,
        152,
        118,
        57,
        430,
        382,
        371,
        89,
        355,
        5,
        325,
        181,
        277,
        265,
        192,
        338,
        215,
        47,
        175,
        230,
        221,
        405,
        98,
        264,
        367,
        259,
        337,
        188,
        421,
        404,
        268,
        191,
        428,
        148,
        399,
        291,
        77,
        189,
        220,
        0,
        137,
        197,
        380,
        203,
        165,
        62,
        236,
        283,
        256,
        119,
        142,
        277,
        166,
        350,
        144,
        298,
        142],
    [   90,
        176,
        96,
        184,
        52,
        124,
        147,
        211,
        284,
        208,
        159,
        199,
        203,
        115,
        77,
        274,
        223,
        255,
        121,
        293,
        123,
        196,
        71,
        88,
        27,
        186,
        170,
        298,
        273,
        235,
        79,
        243,
        139,
        233,
        52,
        140,
        137,
        98,
        201,
        155,
        144,
        216,
        164,
        126,
        332,
        98,
        202,
        245,
        263,
        229,
        55,
        328,
        293,
        301,
        171,
        305,
        207,
        271,
        181,
        168,
        258,
        85,
        137,
        0,
        169,
        245,
        262,
        223,
        162,
        118,
        155,
        161,
        128,
        60,
        272,
        241,
        280,
        212,
        161,
        150],
    [   188,
        335,
        248,
        243,
        204,
        242,
        287,
        127,
        453,
        323,
        150,
        31,
        86,
        96,
        105,
        443,
        391,
        327,
        169,
        428,
        116,
        197,
        197,
        192,
        195,
        306,
        173,
        320,
        425,
        290,
        217,
        206,
        202,
        153,
        212,
        229,
        178,
        96,
        291,
        45,
        158,
        354,
        333,
        293,
        499,
        102,
        75,
        234,
        97,
        185,
        163,
        488,
        442,
        147,
        10,
        293,
        115,
        396,
        338,
        148,
        150,
        179,
        197,
        169,
        0,
        295,
        141,
        351,
        158,
        141,
        293,
        109,
        272,
        227,
        433,
        359,
        449,
        334,
        268,
        59],
    [   335,
        363,
        192,
        61,
        205,
        137,
        371,
        407,
        394,
        117,
        385,
        318,
        241,
        321,
        286,
        357,
        359,
        499,
        137,
        501,
        340,
        430,
        176,
        333,
        238,
        419,
        401,
        63,
        251,
        11,
        318,
        135,
        383,
        194,
        215,
        106,
        122,
        212,
        70,
        249,
        376,
        430,
        300,
        250,
        374,
        308,
        252,
        98,
        375,
        147,
        192,
        326,
        253,
        436,
        304,
        108,
        397,
        169,
        220,
        391,
        441,
        160,
        380,
        245,
        295,
        0,
        435,
        445,
        390,
        159,
        162,
        188,
        351,
        271,
        435,
        469,
        349,
        440,
        107,
        326],
    [   228,
        389,
        357,
        381,
        311,
        366,
        325,
        60,
        522,
        451,
        136,
        124,
        217,
        147,
        185,
        524,
        459,
        295,
        304,
        440,
        146,
        154,
        314,
        234,
        289,
        320,
        149,
        461,
        535,
        430,
        271,
        344,
        208,
        286,
        314,
        361,
        316,
        227,
        425,
        187,
        157,
        378,
        412,
        385,
        587,
        164,
        204,
        374,
        104,
        324,
        280,
        590,
        555,
        73,
        131,
        432,
        58,
        522,
        444,
        125,
        20,
        304,
        203,
        262,
        141,
        435,
        0,
        366,
        141,
        278,
        411,
        251,
        317,
        306,
        480,
        362,
        534,
        345,
        397,
        116],
    [   163,
        101,
        254,
        390,
        244,
        308,
        76,
        307,
        214,
        365,
        231,
        374,
        413,
        257,
        249,
        243,
        168,
        119,
        342,
        77,
        242,
        216,
        275,
        159,
        215,
        46,
        217,
        505,
        342,
        434,
        145,
        466,
        160,
        454,
        232,
        340,
        357,
        315,
        384,
        358,
        212,
        25,
        177,
        208,
        311,
        249,
        409,
        466,
        423,
        452,
        275,
        351,
        366,
        432,
        348,
        522,
        312,
        397,
        273,
        241,
        350,
        300,
        165,
        223,
        351,
        445,
        366,
        0,
        225,
        341,
        300,
        382,
        96,
        176,
        137,
        29,
        261,
        21,
        342,
        302],
    [   96,
        251,
        257,
        329,
        215,
        284,
        185,
        81,
        387,
        369,
        7,
        170,
        241,
        73,
        104,
        394,
        325,
        172,
        253,
        301,
        51,
        41,
        230,
        101,
        184,
        179,
        14,
        433,
        427,
        381,
        140,
        342,
        66,
        303,
        213,
        294,
        269,
        184,
        358,
        187,
        19,
        236,
        284,
        268,
        460,
        82,
        232,
        360,
        204,
        323,
        202,
        471,
        448,
        207,
        150,
        422,
        87,
        433,
        334,
        15,
        127,
        233,
        62,
        162,
        158,
        390,
        141,
        225,
        0,
        234,
        317,
        240,
        179,
        186,
        339,
        223,
        406,
        204,
        321,
        99],
    [   198,
        285,
        139,
        103,
        111,
        111,
        265,
        247,
        370,
        184,
        229,
        169,
        119,
        163,
        131,
        348,
        316,
        365,
        27,
        410,
        184,
        276,
        86,
        198,
        128,
        304,
        247,
        198,
        299,
        153,
        197,
        125,
        239,
        123,
        124,
        90,
        38,
        53,
        149,
        100,
        223,
        333,
        252,
        201,
        393,
        152,
        124,
        131,
        232,
        111,
        68,
        369,
        313,
        288,
        150,
        192,
        237,
        258,
        222,
        233,
        282,
        57,
        236,
        118,
        141,
        159,
        278,
        341,
        234,
        0,
        167,
        59,
        245,
        170,
        377,
        359,
        349,
        330,
        130,
        166],
    [   233,
        208,
        60,
        127,
        102,
        55,
        232,
        364,
        233,
        64,
        314,
        324,
        286,
        267,
        228,
        200,
        196,
        377,
        142,
        347,
        278,
        348,
        97,
        229,
        133,
        283,
        324,
        225,
        132,
        150,
        200,
        247,
        284,
        277,
        103,
        88,
        145,
        197,
        92,
        260,
        298,
        281,
        139,
        93,
        232,
        250,
        291,
        225,
        390,
        245,
        132,
        202,
        148,
        439,
        299,
        263,
        358,
        116,
        62,
        324,
        409,
        115,
        283,
        155,
        293,
        162,
        411,
        300,
        317,
        167,
        0,
        225,
        214,
        145,
        272,
        327,
        196,
        300,
        58,
        295],
    [   227,
        336,
        198,
        142,
        167,
        170,
        308,
        232,
        428,
        237,
        233,
        131,
        61,
        167,
        146,
        407,
        372,
        390,
        83,
        454,
        189,
        282,
        144,
        228,
        178,
        341,
        254,
        210,
        357,
        185,
        236,
        102,
        260,
        72,
        179,
        144,
        84,
        66,
        196,
        64,
        233,
        376,
        308,
        259,
        452,
        161,
        69,
        125,
        188,
        82,
        120,
        428,
        370,
        248,
        120,
        186,
        221,
        311,
        281,
        235,
        260,
        116,
        256,
        161,
        109,
        188,
        251,
        382,
        240,
        59,
        225,
        0,
        289,
        219,
        430,
        396,
        408,
        368,
        185,
        153],
    [   90,
        71,
        162,
        295,
        148,
        215,
        20,
        257,
        208,
        279,
        182,
        298,
        325,
        186,
        167,
        219,
        146,
        165,
        245,
        165,
        176,
        189,
        179,
        84,
        119,
        69,
        176,
        410,
        283,
        340,
        55,
        370,
        116,
        361,
        137,
        245,
        260,
        223,
        293,
        272,
        161,
        87,
        119,
        129,
        288,
        173,
        322,
        369,
        355,
        357,
        179,
        311,
        306,
        375,
        271,
        426,
        260,
        321,
        200,
        194,
        305,
        203,
        119,
        128,
        272,
        351,
        317,
        96,
        179,
        245,
        214,
        289,
        0,
        80,
        164,
        118,
        233,
        89,
        250,
        231],
    [   93,
        116,
        87,
        214,
        67,
        136,
        100,
        250,
        225,
        207,
        186,
        256,
        263,
        160,
        127,
        220,
        164,
        234,
        167,
        241,
        160,
        211,
        98,
        88,
        41,
        147,
        190,
        330,
        241,
        260,
        55,
        293,
        142,
        290,
        56,
        165,
        181,
        157,
        215,
        215,
        166,
        165,
        107,
        81,
        281,
        143,
        263,
        290,
        319,
        281,
        102,
        286,
        263,
        352,
        228,
        346,
        249,
        259,
        149,
        197,
        299,
        124,
        142,
        60,
        227,
        271,
        306,
        176,
        186,
        170,
        145,
        219,
        80,
        0,
        212,
        198,
        228,
        169,
        172,
        201],
    [   254,
        97,
        251,
        391,
        266,
        304,
        155,
        420,
        89,
        330,
        344,
        460,
        476,
        350,
        328,
        130,
        78,
        256,
        368,
        114,
        340,
        341,
        294,
        249,
        252,
        170,
        334,
        498,
        258,
        423,
        217,
        494,
        273,
        500,
        253,
        342,
        379,
        370,
        365,
        426,
        322,
        114,
        134,
        187,
        189,
        336,
        475,
        483,
        518,
        485,
        310,
        243,
        279,
        540,
        432,
        530,
        423,
        336,
        222,
        355,
        467,
        324,
        277,
        272,
        433,
        435,
        480,
        137,
        339,
        377,
        272,
        430,
        164,
        212,
        0,
        160,
        149,
        156,
        327,
        395],
    [   172,
        130,
        279,
        413,
        266,
        332,
        98,
        303,
        241,
        392,
        230,
        379,
        425,
        263,
        259,
        272,
        197,
        96,
        361,
        79,
        245,
        209,
        297,
        170,
        236,
        55,
        213,
        528,
        372,
        458,
        161,
        484,
        161,
        469,
        255,
        364,
        377,
        330,
        409,
        369,
        212,
        54,
        206,
        235,
        339,
        256,
        419,
        486,
        425,
        470,
        294,
        380,
        395,
        430,
        354,
        543,
        310,
        425,
        301,
        239,
        345,
        320,
        166,
        241,
        359,
        469,
        362,
        29,
        223,
        359,
        327,
        396,
        118,
        198,
        160,
        0,
        290,
        29,
        367,
        307],
    [   310,
        170,
        210,
        322,
        247,
        246,
        237,
        477,
        64,
        232,
        407,
        479,
        465,
        388,
        355,
        19,
        94,
        377,
        330,
        261,
        388,
        421,
        264,
        304,
        253,
        277,
        406,
        410,
        121,
        338,
        265,
        443,
        348,
        468,
        238,
        283,
        336,
        363,
        279,
        427,
        386,
        236,
        121,
        155,
        54,
        371,
        468,
        421,
        544,
        440,
        293,
        93,
        138,
        580,
        452,
        455,
        476,
        211,
        133,
        418,
        525,
        292,
        350,
        280,
        449,
        349,
        534,
        261,
        406,
        349,
        196,
        408,
        233,
        228,
        149,
        290,
        0,
        275,
        253,
        428],
    [   146,
        109,
        251,
        384,
        237,
        304,
        69,
        286,
        231,
        365,
        210,
        356,
        398,
        239,
        233,
        258,
        181,
        102,
        332,
        96,
        222,
        195,
        268,
        143,
        207,
        27,
        195,
        500,
        350,
        429,
        132,
        455,
        139,
        441,
        226,
        335,
        348,
        301,
        381,
        342,
        191,
        42,
        183,
        209,
        326,
        231,
        393,
        457,
        403,
        441,
        265,
        364,
        374,
        412,
        330,
        514,
        292,
        400,
        277,
        220,
        329,
        291,
        144,
        212,
        334,
        440,
        345,
        21,
        204,
        330,
        300,
        368,
        89,
        169,
        156,
        29,
        275,
        0,
        338,
        283],
    [   249,
        256,
        88,
        69,
        112,
        37,
        269,
        356,
        291,
        54,
        317,
        297,
        246,
        262,
        222,
        258,
        253,
        406,
        103,
        395,
        276,
        357,
        91,
        246,
        147,
        319,
        330,
        170,
        176,
        95,
        224,
        191,
        300,
        227,
        119,
        40,
        100,
        172,
        42,
        229,
        304,
        325,
        193,
        143,
        287,
        246,
        253,
        168,
        362,
        192,
        120,
        250,
        187,
        416,
        276,
        205,
        349,
        128,
        120,
        325,
        398,
        92,
        298,
        161,
        268,
        107,
        397,
        342,
        321,
        130,
        58,
        185,
        250,
        172,
        327,
        367,
        253,
        338,
        0,
        281],
    [   142,
        299,
        242,
        269,
        196,
        249,
        244,
        80,
        425,
        334,
        91,
        73,
        143,
        45,
        73,
        421,
        362,
        269,
        191,
        379,
        61,
        138,
        197,
        147,
        177,
        256,
        114,
        360,
        421,
        320,
        178,
        255,
        147,
        208,
        200,
        246,
        204,
        114,
        310,
        93,
        101,
        307,
        308,
        276,
        481,
        59,
        133,
        279,
        123,
        235,
        163,
        478,
        440,
        151,
        51,
        339,
        70,
        405,
        330,
        89,
        117,
        188,
        142,
        150,
        59,
        326,
        116,
        302,
        99,
        166,
        295,
        153,
        231,
        201,
        395,
        307,
        428,
        283,
        281,
        0]]
;
task=[   80,
    296,
    1,
    254,
    110,
    256,
    389,
    109,
    17,
    116,
    79,
    162,
    96,
    338,
    119,
    175,
    21,
    15,
    286,
    10,
    260,
    5,
    482,
    103,
    0,
    107,
    332,
    82,
    71,
    147,
    206,
    153,
    255,
    116,
    488,
    138,
    100,
    473,
    172,
    156,
    270,
    220,
    19,
    19,
    36,
    307,
    202,
    90,
    19,
    118,
    224,
    14,
    98,
    38,
    302,
    32,
    147,
    117,
    43,
    333,
    38,
    390,
    89,
    261,
    275,
    29,
    34,
    97,
    168,
    237,
    270,
    32,
    290,
    249,
    139,
    178,
    102,
    253,
    19,
    203]
;
minW=[   73,
    7,
    20,
    128,
    13,
    19,
    81,
    155,
    30,
    35,
    2,
    127,
    201,
    52,
    80,
    63,
    154,
    15,
    8,
    200,
    116,
    159,
    4,
    62,
    0,
    42,
    179,
    204,
    223,
    96,
    61,
    92,
    11,
    107,
    9,
    14,
    85,
    116,
    27,
    143,
    149,
    160,
    57,
    94,
    4,
    52,
    111,
    47,
    137,
    219,
    48,
    34,
    19,
    186,
    24,
    231,
    192,
    130,
    67,
    121,
    232,
    26,
    92,
    17,
    177,
    171,
    217,
    67,
    59,
    41,
    87,
    65,
    72,
    6,
    6,
    214,
    24,
    102,
    13,
    134]
;
maxW=[   517,
    693,
    169,
    221,
    594,
    626,
    417,
    487,
    285,
    533,
    554,
    577,
    527,
    249,
    381,
    685,
    626,
    485,
    156,
    325,
    358,
    249,
    201,
    115,
    720,
    595,
    399,
    693,
    286,
    504,
    148,
    338,
    707,
    337,
    520,
    292,
    352,
    543,
    271,
    707,
    376,
    361,
    196,
    546,
    336,
    392,
    287,
    444,
    697,
    470,
    110,
    635,
    500,
    635,
    444,
    608,
    604,
    279,
    483,
    371,
    559,
    291,
    397,
    547,
    555,
    416,
    578,
    326,
    630,
    300,
    339,
    491,
    388,
    350,
    673,
    453,
    304,
    481,
    486,
    709]
;