// Generated by InstanceGenerator.py v0.1
// Juan Francisco Martinez Vera
// AMMM - MIRI, FIB UPC
//
// RAND_SEED=1484822402

bigM=100000;

nLocations=60;
startLocation=47;
distances=[   [   0,
        192,
        152,
        118,
        84,
        369,
        100,
        155,
        123,
        119,
        308,
        372,
        291,
        111,
        275,
        196,
        229,
        268,
        141,
        387,
        329,
        330,
        325,
        321,
        137,
        337,
        116,
        271,
        74,
        217,
        187,
        263,
        108,
        75,
        224,
        277,
        338,
        201,
        254,
        218,
        287,
        258,
        269,
        411,
        57,
        162,
        129,
        205,
        42,
        158,
        284,
        398,
        253,
        170,
        264,
        386,
        211,
        242,
        145,
        380],
    [   192,
        0,
        298,
        285,
        111,
        558,
        152,
        329,
        292,
        96,
        499,
        564,
        452,
        298,
        464,
        11,
        371,
        304,
        235,
        573,
        463,
        405,
        397,
        512,
        128,
        434,
        185,
        354,
        204,
        403,
        348,
        443,
        219,
        240,
        123,
        463,
        479,
        294,
        408,
        311,
        458,
        387,
        391,
        491,
        188,
        289,
        304,
        269,
        190,
        325,
        410,
        573,
        371,
        199,
        425,
        577,
        297,
        433,
        60,
        561],
    [   152,
        298,
        0,
        220,
        193,
        359,
        252,
        232,
        220,
        257,
        297,
        346,
        357,
        176,
        202,
        306,
        77,
        414,
        80,
        387,
        422,
        459,
        456,
        257,
        286,
        456,
        268,
        401,
        96,
        244,
        53,
        298,
        253,
        200,
        367,
        192,
        423,
        336,
        110,
        351,
        337,
        363,
        118,
        533,
        116,
        29,
        215,
        349,
        192,
        245,
        389,
        426,
        104,
        322,
        334,
        362,
        347,
        189,
        272,
        397],
    [   118,
        285,
        220,
        0,
        194,
        278,
        141,
        44,
        7,
        192,
        225,
        291,
        173,
        52,
        244,
        286,
        283,
        215,
        244,
        290,
        213,
        240,
        238,
        274,
        181,
        236,
        123,
        184,
        181,
        125,
        229,
        158,
        84,
        46,
        269,
        253,
        221,
        126,
        292,
        137,
        173,
        146,
        333,
        313,
        170,
        242,
        21,
        152,
        97,
        40,
        173,
        288,
        323,
        163,
        146,
        302,
        137,
        203,
        227,
        275],
    [   84,
        111,
        193,
        194,
        0,
        453,
        101,
        235,
        200,
        72,
        393,
        457,
        367,
        195,
        352,
        117,
        270,
        287,
        145,
        472,
        395,
        369,
        363,
        401,
        113,
        387,
        134,
        312,
        97,
        301,
        241,
        346,
        151,
        147,
        177,
        351,
        407,
        243,
        304,
        261,
        367,
        320,
        298,
        455,
        78,
        190,
        209,
        233,
        97,
        234,
        345,
        480,
        279,
        176,
        340,
        470,
        250,
        322,
        78,
        463],
    [   369,
        558,
        359,
        278,
        453,
        0,
        420,
        234,
        271,
        469,
        63,
        39,
        177,
        259,
        182,
        559,
        365,
        437,
        430,
        32,
        260,
        389,
        394,
        143,
        460,
        349,
        400,
        364,
        395,
        154,
        322,
        127,
        361,
        320,
        546,
        202,
        240,
        352,
        338,
        350,
        143,
        275,
        414,
        408,
        398,
        389,
        257,
        393,
        368,
        245,
        280,
        107,
        417,
        431,
        188,
        35,
        360,
        174,
        502,
        71],
    [   100,
        152,
        252,
        141,
        101,
        420,
        0,
        185,
        149,
        56,
        365,
        432,
        301,
        169,
        360,
        150,
        329,
        186,
        228,
        432,
        311,
        270,
        263,
        400,
        42,
        291,
        35,
        214,
        165,
        266,
        288,
        299,
        66,
        102,
        133,
        365,
        326,
        147,
        355,
        165,
        309,
        235,
        368,
        356,
        143,
        259,
        162,
        132,
        66,
        178,
        259,
        425,
        351,
        77,
        274,
        443,
        153,
        323,
        92,
        415],
    [   155,
        329,
        232,
        44,
        235,
        234,
        185,
        0,
        37,
        236,
        183,
        249,
        137,
        56,
        217,
        330,
        286,
        237,
        268,
        246,
        190,
        243,
        242,
        241,
        225,
        229,
        165,
        192,
        210,
        83,
        231,
        114,
        126,
        89,
        312,
        229,
        193,
        145,
        289,
        152,
        132,
        133,
        339,
        307,
        202,
        257,
        26,
        179,
        140,
        17,
        158,
        245,
        330,
        201,
        110,
        259,
        156,
        177,
        271,
        231],
    [   123,
        292,
        220,
        7,
        200,
        271,
        149,
        37,
        0,
        199,
        218,
        284,
        168,
        49,
        238,
        293,
        282,
        219,
        247,
        283,
        210,
        241,
        239,
        268,
        189,
        235,
        130,
        186,
        185,
        118,
        228,
        151,
        91,
        53,
        276,
        248,
        217,
        129,
        290,
        140,
        167,
        144,
        333,
        313,
        174,
        243,
        15,
        156,
        104,
        34,
        171,
        281,
        323,
        169,
        141,
        295,
        140,
        198,
        234,
        268],
    [   119,
        96,
        257,
        192,
        72,
        469,
        56,
        236,
        199,
        0,
        412,
        478,
        356,
        212,
        393,
        94,
        335,
        227,
        216,
        483,
        367,
        319,
        312,
        437,
        44,
        344,
        90,
        265,
        162,
        314,
        301,
        351,
        122,
        148,
        109,
        395,
        383,
        201,
        366,
        219,
        363,
        292,
        367,
        406,
        141,
        258,
        212,
        181,
        102,
        231,
        315,
        479,
        349,
        115,
        330,
        490,
        206,
        359,
        35,
        468],
    [   308,
        499,
        297,
        225,
        393,
        63,
        365,
        183,
        218,
        412,
        0,
        66,
        163,
        200,
        131,
        501,
        306,
        403,
        366,
        90,
        252,
        370,
        373,
        106,
        407,
        335,
        349,
        336,
        332,
        100,
        261,
        92,
        309,
        264,
        495,
        151,
        237,
        314,
        283,
        314,
        126,
        249,
        356,
        402,
        336,
        326,
        204,
        353,
        310,
        196,
        260,
        145,
        359,
        384,
        164,
        77,
        323,
        115,
        445,
        110],
    [   372,
        564,
        346,
        291,
        457,
        39,
        432,
        249,
        284,
        478,
        66,
        0,
        210,
        266,
        157,
        566,
        344,
        463,
        420,
        69,
        295,
        422,
        426,
        111,
        473,
        383,
        415,
        393,
        391,
        166,
        305,
        150,
        375,
        330,
        561,
        175,
        276,
        376,
        314,
        375,
        174,
        304,
        391,
        445,
        396,
        376,
        270,
        416,
        376,
        261,
        312,
        146,
        396,
        450,
        218,
        16,
        385,
        158,
        510,
        110],
    [   291,
        452,
        357,
        173,
        367,
        177,
        301,
        137,
        168,
        356,
        163,
        210,
        0,
        190,
        269,
        451,
        397,
        267,
        403,
        170,
        89,
        212,
        216,
        264,
        334,
        173,
        271,
        189,
        347,
        121,
        344,
        78,
        234,
        220,
        409,
        288,
        77,
        192,
        389,
        185,
        37,
        100,
        452,
        238,
        339,
        384,
        162,
        233,
        270,
        133,
        102,
        131,
        447,
        286,
        27,
        212,
        197,
        236,
        392,
        134],
    [   111,
        298,
        176,
        52,
        195,
        259,
        169,
        56,
        49,
        212,
        200,
        266,
        190,
        0,
        197,
        301,
        234,
        267,
        212,
        276,
        247,
        290,
        288,
        232,
        211,
        281,
        160,
        235,
        156,
        106,
        180,
        153,
        125,
        68,
        302,
        205,
        250,
        178,
        241,
        189,
        180,
        187,
        286,
        359,
        151,
        200,
        40,
        203,
        110,
        69,
        213,
        288,
        276,
        206,
        165,
        278,
        189,
        158,
        244,
        269],
    [   275,
        464,
        202,
        244,
        352,
        182,
        360,
        217,
        238,
        393,
        131,
        157,
        269,
        197,
        0,
        470,
        187,
        455,
        281,
        214,
        357,
        451,
        452,
        54,
        402,
        426,
        356,
        405,
        269,
        156,
        154,
        191,
        322,
        263,
        493,
        20,
        346,
        363,
        157,
        369,
        234,
        331,
        233,
        500,
        280,
        230,
        224,
        394,
        295,
        235,
        349,
        276,
        239,
        404,
        259,
        173,
        373,
        40,
        420,
        240],
    [   196,
        11,
        306,
        286,
        117,
        559,
        150,
        330,
        293,
        94,
        501,
        566,
        451,
        301,
        470,
        0,
        380,
        297,
        245,
        575,
        459,
        399,
        391,
        517,
        124,
        429,
        182,
        349,
        212,
        405,
        356,
        444,
        217,
        241,
        113,
        469,
        476,
        289,
        416,
        306,
        458,
        384,
        401,
        485,
        194,
        298,
        305,
        263,
        191,
        325,
        406,
        573,
        381,
        193,
        424,
        579,
        292,
        438,
        59,
        561],
    [   229,
        371,
        77,
        283,
        270,
        365,
        329,
        286,
        282,
        335,
        306,
        344,
        397,
        234,
        187,
        380,
        0,
        486,
        139,
        395,
        472,
        523,
        521,
        240,
        363,
        515,
        344,
        467,
        173,
        277,
        54,
        330,
        326,
        270,
        444,
        171,
        469,
        405,
        43,
        418,
        372,
        420,
        54,
        593,
        194,
        81,
        274,
        421,
        268,
        301,
        444,
        446,
        52,
        398,
        378,
        360,
        416,
        190,
        348,
        414],
    [   268,
        304,
        414,
        215,
        287,
        437,
        186,
        237,
        219,
        227,
        403,
        463,
        267,
        267,
        455,
        297,
        486,
        0,
        408,
        435,
        221,
        109,
        100,
        477,
        183,
        152,
        156,
        82,
        342,
        311,
        436,
        312,
        161,
        216,
        202,
        466,
        244,
        92,
        502,
        88,
        296,
        167,
        532,
        191,
        322,
        429,
        232,
        65,
        225,
        220,
        173,
        395,
        518,
        111,
        250,
        469,
        81,
        414,
        252,
        402],
    [   141,
        235,
        80,
        244,
        145,
        430,
        228,
        268,
        247,
        216,
        366,
        420,
        403,
        212,
        281,
        245,
        139,
        408,
        0,
        456,
        457,
        471,
        467,
        335,
        253,
        476,
        253,
        412,
        67,
        300,
        133,
        354,
        250,
        210,
        322,
        272,
        462,
        343,
        180,
        360,
        389,
        391,
        156,
        551,
        86,
        58,
        247,
        346,
        184,
        278,
        417,
        487,
        136,
        305,
        378,
        436,
        353,
        264,
        222,
        461],
    [   387,
        573,
        387,
        290,
        472,
        32,
        432,
        246,
        283,
        483,
        90,
        69,
        170,
        276,
        214,
        575,
        395,
        435,
        456,
        0,
        246,
        380,
        385,
        175,
        471,
        337,
        410,
        359,
        418,
        170,
        352,
        133,
        370,
        334,
        556,
        234,
        225,
        354,
        370,
        350,
        139,
        270,
        445,
        393,
        420,
        417,
        270,
        395,
        383,
        254,
        272,
        78,
        448,
        438,
        185,
        59,
        361,
        205,
        517,
        45],
    [   329,
        463,
        422,
        213,
        395,
        260,
        311,
        190,
        210,
        367,
        252,
        295,
        89,
        247,
        357,
        459,
        472,
        221,
        457,
        246,
        0,
        138,
        145,
        354,
        336,
        91,
        277,
        138,
        395,
        204,
        417,
        167,
        246,
        254,
        396,
        375,
        24,
        173,
        468,
        158,
        126,
        75,
        525,
        150,
        384,
        448,
        210,
        209,
        299,
        179,
        53,
        187,
        519,
        274,
        97,
        295,
        173,
        322,
        402,
        204],
    [   330,
        405,
        459,
        240,
        369,
        389,
        270,
        243,
        241,
        319,
        370,
        422,
        212,
        290,
        451,
        399,
        523,
        109,
        471,
        380,
        138,
        0,
        8,
        461,
        278,
        50,
        235,
        58,
        404,
        296,
        470,
        277,
        223,
        262,
        311,
        466,
        162,
        128,
        531,
        111,
        247,
        121,
        574,
        86,
        387,
        479,
        250,
        138,
        289,
        226,
        110,
        325,
        563,
        206,
        205,
        424,
        119,
        412,
        349,
        340],
    [   325,
        397,
        456,
        238,
        363,
        394,
        263,
        242,
        239,
        312,
        373,
        426,
        216,
        288,
        452,
        391,
        521,
        100,
        467,
        385,
        145,
        8,
        0,
        463,
        271,
        58,
        229,
        55,
        399,
        297,
        468,
        281,
        218,
        258,
        302,
        467,
        169,
        123,
        529,
        106,
        251,
        124,
        572,
        94,
        382,
        476,
        248,
        131,
        284,
        225,
        114,
        331,
        560,
        198,
        209,
        429,
        114,
        413,
        342,
        346],
    [   321,
        512,
        257,
        274,
        401,
        143,
        400,
        241,
        268,
        437,
        106,
        111,
        264,
        232,
        54,
        517,
        240,
        477,
        335,
        175,
        354,
        461,
        463,
        0,
        442,
        431,
        392,
        420,
        320,
        167,
        209,
        187,
        356,
        300,
        533,
        68,
        340,
        385,
        207,
        389,
        227,
        339,
        283,
        501,
        331,
        284,
        253,
        420,
        336,
        257,
        354,
        245,
        290,
        437,
        260,
        126,
        395,
        78,
        466,
        209],
    [   137,
        128,
        286,
        181,
        113,
        460,
        42,
        225,
        189,
        44,
        407,
        473,
        334,
        211,
        402,
        124,
        363,
        183,
        253,
        471,
        336,
        278,
        271,
        442,
        0,
        306,
        62,
        226,
        194,
        307,
        325,
        338,
        101,
        143,
        91,
        406,
        353,
        165,
        391,
        182,
        345,
        261,
        399,
        365,
        172,
        290,
        203,
        140,
        107,
        216,
        283,
        460,
        382,
        72,
        308,
        484,
        168,
        365,
        70,
        452],
    [   337,
        434,
        456,
        236,
        387,
        349,
        291,
        229,
        235,
        344,
        335,
        383,
        173,
        281,
        426,
        429,
        515,
        152,
        476,
        337,
        91,
        50,
        58,
        431,
        306,
        0,
        256,
        80,
        410,
        270,
        461,
        244,
        236,
        265,
        348,
        443,
        115,
        144,
        519,
        126,
        209,
        97,
        567,
        77,
        395,
        478,
        241,
        165,
        300,
        214,
        77,
        279,
        558,
        235,
        171,
        384,
        138,
        388,
        376,
        296],
    [   116,
        185,
        268,
        123,
        134,
        400,
        35,
        165,
        130,
        90,
        349,
        415,
        271,
        160,
        356,
        182,
        344,
        156,
        253,
        410,
        277,
        235,
        229,
        392,
        62,
        256,
        0,
        178,
        188,
        248,
        299,
        276,
        39,
        92,
        146,
        362,
        293,
        112,
        366,
        129,
        283,
        201,
        386,
        321,
        167,
        278,
        145,
        98,
        75,
        155,
        224,
        398,
        370,
        54,
        245,
        425,
        117,
        317,
        125,
        390],
    [   271,
        354,
        401,
        184,
        312,
        364,
        214,
        192,
        186,
        265,
        336,
        393,
        189,
        235,
        405,
        349,
        467,
        82,
        412,
        359,
        138,
        58,
        55,
        420,
        226,
        80,
        178,
        0,
        345,
        253,
        414,
        244,
        164,
        203,
        269,
        419,
        161,
        69,
        476,
        52,
        221,
        89,
        517,
        142,
        328,
        421,
        195,
        85,
        230,
        174,
        91,
        314,
        506,
        155,
        176,
        398,
        61,
        365,
        297,
        323],
    [   74,
        204,
        96,
        181,
        97,
        395,
        165,
        210,
        185,
        162,
        332,
        391,
        347,
        156,
        269,
        212,
        173,
        342,
        67,
        418,
        395,
        404,
        399,
        320,
        194,
        410,
        188,
        345,
        0,
        254,
        144,
        306,
        183,
        144,
        271,
        264,
        401,
        276,
        206,
        292,
        337,
        327,
        205,
        484,
        21,
        95,
        186,
        279,
        116,
        217,
        353,
        441,
        187,
        240,
        321,
        406,
        285,
        243,
        176,
        418],
    [   217,
        403,
        244,
        125,
        301,
        154,
        266,
        83,
        118,
        314,
        100,
        166,
        121,
        106,
        156,
        405,
        277,
        311,
        300,
        170,
        204,
        296,
        297,
        167,
        307,
        270,
        248,
        253,
        254,
        0,
        224,
        54,
        209,
        165,
        395,
        173,
        197,
        220,
        268,
        223,
        95,
        175,
        331,
        344,
        253,
        273,
        103,
        257,
        213,
        97,
        193,
        187,
        328,
        284,
        106,
        177,
        230,
        118,
        348,
        164],
    [   187,
        348,
        53,
        229,
        241,
        322,
        288,
        231,
        228,
        301,
        261,
        305,
        344,
        180,
        154,
        356,
        54,
        436,
        133,
        352,
        417,
        470,
        468,
        209,
        325,
        461,
        299,
        414,
        144,
        224,
        0,
        278,
        278,
        220,
        409,
        142,
        415,
        353,
        67,
        366,
        319,
        365,
        108,
        538,
        163,
        76,
        220,
        371,
        224,
        247,
        390,
        398,
        103,
        353,
        324,
        321,
        364,
        148,
        318,
        367],
    [   263,
        443,
        298,
        158,
        346,
        127,
        299,
        114,
        151,
        351,
        92,
        150,
        78,
        153,
        191,
        444,
        330,
        312,
        354,
        133,
        167,
        277,
        281,
        187,
        338,
        244,
        276,
        244,
        306,
        54,
        278,
        0,
        237,
        203,
        422,
        210,
        155,
        226,
        318,
        225,
        44,
        157,
        384,
        314,
        303,
        327,
        139,
        266,
        253,
        121,
        168,
        135,
        381,
        305,
        73,
        157,
        234,
        159,
        386,
        117],
    [   108,
        219,
        253,
        84,
        151,
        361,
        66,
        126,
        91,
        122,
        309,
        375,
        234,
        125,
        322,
        217,
        326,
        161,
        250,
        370,
        246,
        223,
        218,
        356,
        101,
        236,
        39,
        164,
        183,
        209,
        278,
        237,
        0,
        60,
        186,
        330,
        261,
        95,
        345,
        112,
        244,
        171,
        371,
        307,
        164,
        267,
        106,
        97,
        66,
        116,
        196,
        359,
        357,
        81,
        208,
        386,
        103,
        283,
        158,
        351],
    [   75,
        240,
        200,
        46,
        147,
        320,
        102,
        89,
        53,
        148,
        264,
        330,
        220,
        68,
        263,
        241,
        270,
        216,
        210,
        334,
        254,
        262,
        258,
        300,
        143,
        265,
        92,
        203,
        144,
        165,
        220,
        203,
        60,
        0,
        234,
        270,
        263,
        137,
        286,
        152,
        220,
        183,
        317,
        340,
        130,
        217,
        63,
        151,
        50,
        87,
        209,
        334,
        304,
        141,
        193,
        342,
        147,
        225,
        183,
        320],
    [   224,
        123,
        367,
        269,
        177,
        546,
        133,
        312,
        276,
        109,
        495,
        561,
        409,
        302,
        493,
        113,
        444,
        202,
        322,
        556,
        396,
        311,
        302,
        533,
        91,
        348,
        146,
        269,
        271,
        395,
        409,
        422,
        186,
        234,
        0,
        497,
        416,
        224,
        475,
        237,
        425,
        325,
        475,
        394,
        250,
        367,
        291,
        188,
        198,
        301,
        343,
        539,
        457,
        123,
        385,
        572,
        223,
        457,
        101,
        534],
    [   277,
        463,
        192,
        253,
        351,
        202,
        365,
        229,
        248,
        395,
        151,
        175,
        288,
        205,
        20,
        469,
        171,
        466,
        272,
        234,
        375,
        466,
        467,
        68,
        406,
        443,
        362,
        419,
        264,
        173,
        142,
        210,
        330,
        270,
        497,
        0,
        365,
        375,
        139,
        382,
        254,
        347,
        215,
        517,
        277,
        218,
        234,
        405,
        299,
        247,
        366,
        296,
        222,
        411,
        277,
        191,
        385,
        54,
        421,
        261],
    [   338,
        479,
        423,
        221,
        407,
        240,
        326,
        193,
        217,
        383,
        237,
        276,
        77,
        250,
        346,
        476,
        469,
        244,
        462,
        225,
        24,
        162,
        169,
        340,
        353,
        115,
        293,
        161,
        401,
        197,
        415,
        155,
        261,
        263,
        416,
        365,
        0,
        192,
        464,
        179,
        112,
        91,
        523,
        168,
        391,
        450,
        215,
        229,
        310,
        184,
        73,
        163,
        518,
        293,
        91,
        275,
        193,
        313,
        418,
        182],
    [   201,
        294,
        336,
        126,
        243,
        352,
        147,
        145,
        129,
        201,
        314,
        376,
        192,
        178,
        363,
        289,
        405,
        92,
        343,
        354,
        173,
        128,
        123,
        385,
        165,
        144,
        112,
        69,
        276,
        220,
        353,
        226,
        95,
        137,
        224,
        375,
        192,
        0,
        417,
        17,
        215,
        101,
        453,
        212,
        258,
        354,
        141,
        41,
        161,
        128,
        119,
        323,
        441,
        101,
        171,
        383,
        11,
        322,
        234,
        324],
    [   254,
        408,
        110,
        292,
        304,
        338,
        355,
        289,
        290,
        366,
        283,
        314,
        389,
        241,
        157,
        416,
        43,
        502,
        180,
        370,
        468,
        531,
        529,
        207,
        391,
        519,
        366,
        476,
        206,
        268,
        67,
        318,
        345,
        286,
        475,
        139,
        464,
        417,
        0,
        430,
        361,
        422,
        76,
        596,
        226,
        121,
        281,
        437,
        291,
        305,
        445,
        426,
        85,
        420,
        372,
        330,
        428,
        167,
        382,
        392],
    [   218,
        311,
        351,
        137,
        261,
        350,
        165,
        152,
        140,
        219,
        314,
        375,
        185,
        189,
        369,
        306,
        418,
        88,
        360,
        350,
        158,
        111,
        106,
        389,
        182,
        126,
        129,
        52,
        292,
        223,
        366,
        225,
        112,
        152,
        237,
        382,
        179,
        17,
        430,
        0,
        210,
        90,
        468,
        194,
        275,
        370,
        151,
        50,
        178,
        134,
        105,
        316,
        456,
        116,
        165,
        382,
        14,
        329,
        251,
        319],
    [   287,
        458,
        337,
        173,
        367,
        143,
        309,
        132,
        167,
        363,
        126,
        174,
        37,
        180,
        234,
        458,
        372,
        296,
        389,
        139,
        126,
        247,
        251,
        227,
        345,
        209,
        283,
        221,
        337,
        95,
        319,
        44,
        244,
        220,
        425,
        254,
        112,
        215,
        361,
        210,
        0,
        131,
        426,
        276,
        332,
        366,
        158,
        256,
        271,
        133,
        137,
        115,
        423,
        304,
        45,
        177,
        222,
        203,
        399,
        109],
    [   258,
        387,
        363,
        146,
        320,
        275,
        235,
        133,
        144,
        292,
        249,
        304,
        100,
        187,
        331,
        384,
        420,
        167,
        391,
        270,
        75,
        121,
        124,
        339,
        261,
        97,
        201,
        89,
        327,
        175,
        365,
        157,
        171,
        183,
        325,
        347,
        91,
        101,
        422,
        90,
        131,
        0,
        473,
        174,
        314,
        387,
        148,
        140,
        226,
        119,
        26,
        228,
        464,
        202,
        86,
        308,
        104,
        292,
        327,
        234],
    [   269,
        391,
        118,
        333,
        298,
        414,
        368,
        339,
        333,
        367,
        356,
        391,
        452,
        286,
        233,
        401,
        54,
        532,
        156,
        445,
        525,
        574,
        572,
        283,
        399,
        567,
        386,
        517,
        205,
        331,
        108,
        384,
        371,
        317,
        475,
        215,
        523,
        453,
        76,
        468,
        426,
        473,
        0,
        645,
        227,
        109,
        326,
        468,
        310,
        354,
        497,
        498,
        20,
        440,
        432,
        407,
        464,
        241,
        376,
        465],
    [   411,
        491,
        533,
        313,
        455,
        408,
        356,
        307,
        313,
        406,
        402,
        445,
        238,
        359,
        500,
        485,
        593,
        191,
        551,
        393,
        150,
        86,
        94,
        501,
        365,
        77,
        321,
        142,
        484,
        344,
        538,
        314,
        307,
        340,
        394,
        517,
        168,
        212,
        596,
        194,
        276,
        174,
        645,
        0,
        468,
        555,
        319,
        225,
        372,
        291,
        152,
        326,
        635,
        292,
        242,
        444,
        204,
        463,
        436,
        349],
    [   57,
        188,
        116,
        170,
        78,
        398,
        143,
        202,
        174,
        141,
        336,
        396,
        339,
        151,
        280,
        194,
        194,
        322,
        86,
        420,
        384,
        387,
        382,
        331,
        172,
        395,
        167,
        328,
        21,
        253,
        163,
        303,
        164,
        130,
        250,
        277,
        391,
        258,
        226,
        275,
        332,
        314,
        227,
        468,
        0,
        117,
        178,
        260,
        98,
        208,
        340,
        439,
        209,
        219,
        313,
        411,
        268,
        253,
        156,
        418],
    [   162,
        289,
        29,
        242,
        190,
        389,
        259,
        257,
        243,
        258,
        326,
        376,
        384,
        200,
        230,
        298,
        81,
        429,
        58,
        417,
        448,
        479,
        476,
        284,
        290,
        478,
        278,
        421,
        95,
        273,
        76,
        327,
        267,
        217,
        367,
        218,
        450,
        354,
        121,
        370,
        366,
        387,
        109,
        555,
        117,
        0,
        239,
        364,
        204,
        269,
        413,
        456,
        92,
        332,
        361,
        392,
        365,
        218,
        269,
        427],
    [   129,
        304,
        215,
        21,
        209,
        257,
        162,
        26,
        15,
        212,
        204,
        270,
        162,
        40,
        224,
        305,
        274,
        232,
        247,
        270,
        210,
        250,
        248,
        253,
        203,
        241,
        145,
        195,
        186,
        103,
        220,
        139,
        106,
        63,
        291,
        234,
        215,
        141,
        281,
        151,
        158,
        148,
        326,
        319,
        178,
        239,
        0,
        170,
        114,
        30,
        174,
        271,
        316,
        184,
        135,
        281,
        152,
        183,
        246,
        256],
    [   205,
        269,
        349,
        152,
        233,
        393,
        132,
        179,
        156,
        181,
        353,
        416,
        233,
        203,
        394,
        263,
        421,
        65,
        346,
        395,
        209,
        138,
        131,
        420,
        140,
        165,
        98,
        85,
        279,
        257,
        371,
        266,
        97,
        151,
        188,
        405,
        229,
        41,
        437,
        50,
        256,
        140,
        468,
        225,
        260,
        364,
        170,
        0,
        163,
        162,
        156,
        364,
        454,
        69,
        212,
        423,
        36,
        354,
        211,
        366],
    [   42,
        190,
        192,
        97,
        97,
        368,
        66,
        140,
        104,
        102,
        310,
        376,
        270,
        110,
        295,
        191,
        268,
        225,
        184,
        383,
        299,
        289,
        284,
        336,
        107,
        300,
        75,
        230,
        116,
        213,
        224,
        253,
        66,
        50,
        198,
        299,
        310,
        161,
        291,
        178,
        271,
        226,
        310,
        372,
        98,
        204,
        114,
        163,
        0,
        138,
        251,
        385,
        295,
        130,
        243,
        388,
        170,
        259,
        134,
        371],
    [   158,
        325,
        245,
        40,
        234,
        245,
        178,
        17,
        34,
        231,
        196,
        261,
        133,
        69,
        235,
        325,
        301,
        220,
        278,
        254,
        179,
        226,
        225,
        257,
        216,
        214,
        155,
        174,
        217,
        97,
        247,
        121,
        116,
        87,
        301,
        247,
        184,
        128,
        305,
        134,
        133,
        119,
        354,
        291,
        208,
        269,
        30,
        162,
        138,
        0,
        144,
        248,
        345,
        188,
        106,
        271,
        138,
        194,
        266,
        236],
    [   284,
        410,
        389,
        173,
        345,
        280,
        259,
        158,
        171,
        315,
        260,
        312,
        102,
        213,
        349,
        406,
        444,
        173,
        417,
        272,
        53,
        110,
        114,
        354,
        283,
        77,
        224,
        91,
        353,
        193,
        390,
        168,
        196,
        209,
        343,
        366,
        73,
        119,
        445,
        105,
        137,
        26,
        497,
        152,
        340,
        413,
        174,
        156,
        251,
        144,
        0,
        223,
        489,
        221,
        95,
        314,
        120,
        311,
        349,
        234],
    [   398,
        573,
        426,
        288,
        480,
        107,
        425,
        245,
        281,
        479,
        145,
        146,
        131,
        288,
        276,
        573,
        446,
        395,
        487,
        78,
        187,
        325,
        331,
        245,
        460,
        279,
        398,
        314,
        441,
        187,
        398,
        135,
        359,
        334,
        539,
        296,
        163,
        323,
        426,
        316,
        115,
        228,
        498,
        326,
        439,
        456,
        271,
        364,
        385,
        248,
        223,
        0,
        499,
        417,
        154,
        138,
        328,
        258,
        514,
        36],
    [   253,
        371,
        104,
        323,
        279,
        417,
        351,
        330,
        323,
        349,
        359,
        396,
        447,
        276,
        239,
        381,
        52,
        518,
        136,
        448,
        519,
        563,
        560,
        290,
        382,
        558,
        370,
        506,
        187,
        328,
        103,
        381,
        357,
        304,
        457,
        222,
        518,
        441,
        85,
        456,
        423,
        464,
        20,
        635,
        209,
        92,
        316,
        454,
        295,
        345,
        489,
        499,
        0,
        424,
        426,
        412,
        452,
        243,
        357,
        467],
    [   170,
        199,
        322,
        163,
        176,
        431,
        77,
        201,
        169,
        115,
        384,
        450,
        286,
        206,
        404,
        193,
        398,
        111,
        305,
        438,
        274,
        206,
        198,
        437,
        72,
        235,
        54,
        155,
        240,
        284,
        353,
        305,
        81,
        141,
        123,
        411,
        293,
        101,
        420,
        116,
        304,
        202,
        440,
        292,
        219,
        332,
        184,
        69,
        130,
        188,
        221,
        417,
        424,
        0,
        262,
        459,
        102,
        364,
        143,
        413],
    [   264,
        425,
        334,
        146,
        340,
        188,
        274,
        110,
        141,
        330,
        164,
        218,
        27,
        165,
        259,
        424,
        378,
        250,
        378,
        185,
        97,
        205,
        209,
        260,
        308,
        171,
        245,
        176,
        321,
        106,
        324,
        73,
        208,
        193,
        385,
        277,
        91,
        171,
        372,
        165,
        45,
        86,
        432,
        242,
        313,
        361,
        135,
        212,
        243,
        106,
        95,
        154,
        426,
        262,
        0,
        222,
        177,
        224,
        365,
        153],
    [   386,
        577,
        362,
        302,
        470,
        35,
        443,
        259,
        295,
        490,
        77,
        16,
        212,
        278,
        173,
        579,
        360,
        469,
        436,
        59,
        295,
        424,
        429,
        126,
        484,
        384,
        425,
        398,
        406,
        177,
        321,
        157,
        386,
        342,
        572,
        191,
        275,
        383,
        330,
        382,
        177,
        308,
        407,
        444,
        411,
        392,
        281,
        423,
        388,
        271,
        314,
        138,
        412,
        459,
        222,
        0,
        392,
        174,
        523,
        103],
    [   211,
        297,
        347,
        137,
        250,
        360,
        153,
        156,
        140,
        206,
        323,
        385,
        197,
        189,
        373,
        292,
        416,
        81,
        353,
        361,
        173,
        119,
        114,
        395,
        168,
        138,
        117,
        61,
        285,
        230,
        364,
        234,
        103,
        147,
        223,
        385,
        193,
        11,
        428,
        14,
        222,
        104,
        464,
        204,
        268,
        365,
        152,
        36,
        170,
        138,
        120,
        328,
        452,
        102,
        177,
        392,
        0,
        333,
        238,
        331],
    [   242,
        433,
        189,
        203,
        322,
        174,
        323,
        177,
        198,
        359,
        115,
        158,
        236,
        158,
        40,
        438,
        190,
        414,
        264,
        205,
        322,
        412,
        413,
        78,
        365,
        388,
        317,
        365,
        243,
        118,
        148,
        159,
        283,
        225,
        457,
        54,
        313,
        322,
        167,
        329,
        203,
        292,
        241,
        463,
        253,
        218,
        183,
        354,
        259,
        194,
        311,
        258,
        243,
        364,
        224,
        174,
        333,
        0,
        387,
        224],
    [   145,
        60,
        272,
        227,
        78,
        502,
        92,
        271,
        234,
        35,
        445,
        510,
        392,
        244,
        420,
        59,
        348,
        252,
        222,
        517,
        402,
        349,
        342,
        466,
        70,
        376,
        125,
        297,
        176,
        348,
        318,
        386,
        158,
        183,
        101,
        421,
        418,
        234,
        382,
        251,
        399,
        327,
        376,
        436,
        156,
        269,
        246,
        211,
        134,
        266,
        349,
        514,
        357,
        143,
        365,
        523,
        238,
        387,
        0,
        503],
    [   380,
        561,
        397,
        275,
        463,
        71,
        415,
        231,
        268,
        468,
        110,
        110,
        134,
        269,
        240,
        561,
        414,
        402,
        461,
        45,
        204,
        340,
        346,
        209,
        452,
        296,
        390,
        323,
        418,
        164,
        367,
        117,
        351,
        320,
        534,
        261,
        182,
        324,
        392,
        319,
        109,
        234,
        465,
        349,
        418,
        427,
        256,
        366,
        371,
        236,
        234,
        36,
        467,
        413,
        153,
        103,
        331,
        224,
        503,
        0]]
;
task=[   453,
    84,
    39,
    270,
    103,
    161,
    91,
    556,
    686,
    42,
    28,
    58,
    252,
    347,
    171,
    22,
    169,
    33,
    194,
    38,
    76,
    128,
    8,
    120,
    108,
    98,
    350,
    117,
    308,
    222,
    255,
    327,
    11,
    389,
    128,
    10,
    136,
    310,
    48,
    151,
    219,
    387,
    56,
    51,
    205,
    119,
    0,
    172,
    97,
    161,
    367,
    54,
    25,
    61,
    204,
    145,
    14,
    2,
    148,
    181]
;
minW=[   112,
    265,
    129,
    9,
    203,
    174,
    43,
    1,
    12,
    43,
    54,
    254,
    13,
    15,
    120,
    159,
    117,
    103,
    121,
    0,
    51,
    231,
    25,
    159,
    93,
    72,
    92,
    43,
    142,
    83,
    27,
    78,
    100,
    56,
    249,
    221,
    79,
    29,
    9,
    85,
    42,
    81,
    228,
    26,
    138,
    27,
    0,
    159,
    60,
    15,
    136,
    172,
    249,
    113,
    96,
    24,
    134,
    167,
    70,
    47]
;
maxW=[   345,
    591,
    513,
    238,
    266,
    448,
    347,
    437,
    357,
    527,
    446,
    462,
    526,
    351,
    570,
    568,
    657,
    650,
    505,
    317,
    537,
    641,
    679,
    305,
    360,
    662,
    335,
    451,
    628,
    594,
    647,
    364,
    593,
    287,
    596,
    305,
    613,
    699,
    478,
    313,
    500,
    706,
    507,
    522,
    593,
    515,
    720,
    383,
    700,
    381,
    339,
    373,
    366,
    715,
    592,
    513,
    536,
    230,
    469,
    324]
;