// Generated by InstanceGenerator.py v0.1
// Juan Francisco Martinez Vera
// AMMM - MIRI, FIB UPC
//
// RAND_SEED=1484822404

bigM=100000;

nLocations=70;
startLocation=53;
distances=[   [   0,
        272,
        368,
        304,
        63,
        345,
        154,
        227,
        231,
        166,
        308,
        127,
        81,
        338,
        144,
        37,
        80,
        348,
        173,
        97,
        133,
        256,
        161,
        343,
        365,
        332,
        332,
        239,
        92,
        301,
        301,
        203,
        293,
        262,
        424,
        281,
        103,
        83,
        219,
        159,
        284,
        342,
        401,
        177,
        286,
        288,
        137,
        331,
        430,
        151,
        246,
        334,
        142,
        271,
        69,
        296,
        145,
        385,
        110,
        285,
        179,
        383,
        159,
        357,
        341,
        234,
        172,
        367,
        136,
        297],
    [   272,
        0,
        98,
        32,
        335,
        146,
        387,
        166,
        94,
        115,
        179,
        399,
        248,
        353,
        127,
        308,
        192,
        170,
        365,
        368,
        381,
        278,
        315,
        74,
        354,
        290,
        108,
        282,
        364,
        261,
        272,
        155,
        327,
        98,
        160,
        281,
        276,
        341,
        322,
        163,
        328,
        308,
        129,
        148,
        275,
        279,
        319,
        69,
        158,
        295,
        267,
        297,
        130,
        257,
        262,
        273,
        126,
        117,
        249,
        245,
        154,
        365,
        232,
        127,
        114,
        226,
        319,
        117,
        369,
        302],
    [   368,
        98,
        0,
        67,
        430,
        130,
        474,
        246,
        179,
        206,
        195,
        495,
        345,
        388,
        225,
        405,
        289,
        159,
        445,
        463,
        471,
        356,
        392,
        26,
        380,
        349,
        130,
        364,
        461,
        326,
        338,
        242,
        402,
        143,
        100,
        323,
        362,
        434,
        410,
        243,
        376,
        368,
        41,
        225,
        345,
        350,
        416,
        73,
        62,
        373,
        319,
        358,
        226,
        300,
        360,
        308,
        223,
        20,
        346,
        281,
        246,
        386,
        306,
        90,
        129,
        279,
        412,
        58,
        457,
        373],
    [   304,
        32,
        67,
        0,
        367,
        142,
        418,
        184,
        114,
        147,
        187,
        431,
        278,
        370,
        160,
        340,
        224,
        169,
        394,
        400,
        413,
        296,
        344,
        47,
        368,
        299,
        97,
        302,
        397,
        272,
        284,
        177,
        343,
        113,
        131,
        300,
        307,
        373,
        345,
        192,
        349,
        317,
        97,
        176,
        289,
        293,
        348,
        45,
        126,
        324,
        289,
        307,
        162,
        276,
        293,
        289,
        158,
        87,
        278,
        262,
        179,
        378,
        260,
        115,
        101,
        247,
        345,
        97,
        400,
        317],
    [   63,
        335,
        430,
        367,
        0,
        399,
        113,
        286,
        294,
        226,
        355,
        64,
        130,
        354,
        207,
        33,
        144,
        399,
        152,
        34,
        85,
        300,
        162,
        405,
        385,
        380,
        395,
        280,
        33,
        350,
        349,
        262,
        331,
        318,
        488,
        307,
        118,
        40,
        248,
        210,
        298,
        388,
        464,
        229,
        332,
        334,
        155,
        395,
        492,
        160,
        271,
        381,
        205,
        301,
        113,
        325,
        208,
        447,
        156,
        319,
        239,
        402,
        191,
        414,
        405,
        268,
        196,
        426,
        99,
        339],
    [   345,
        146,
        130,
        142,
        399,
        0,
        411,
        310,
        238,
        183,
        74,
        461,
        352,
        266,
        224,
        381,
        277,
        29,
        369,
        426,
        417,
        420,
        314,
        117,
        253,
        436,
        239,
        422,
        432,
        407,
        418,
        294,
        470,
        83,
        230,
        208,
        302,
        390,
        454,
        188,
        263,
        455,
        166,
        169,
        420,
        424,
        432,
        181,
        172,
        297,
        214,
        444,
        220,
        187,
        362,
        189,
        220,
        126,
        362,
        164,
        287,
        258,
        231,
        41,
        241,
        178,
        441,
        75,
        396,
        447],
    [   154,
        387,
        474,
        418,
        113,
        411,
        0,
        379,
        371,
        271,
        352,
        117,
        234,
        289,
        271,
        142,
        217,
        403,
        60,
        97,
        30,
        409,
        105,
        448,
        325,
        486,
        467,
        390,
        124,
        455,
        455,
        353,
        442,
        342,
        547,
        264,
        112,
        75,
        361,
        232,
        236,
        496,
        512,
        251,
        439,
        441,
        268,
        454,
        537,
        117,
        232,
        488,
        265,
        266,
        220,
        286,
        270,
        488,
        262,
        290,
        329,
        342,
        180,
        437,
        477,
        247,
        310,
        456,
        19,
        449],
    [   227,
        166,
        246,
        184,
        286,
        310,
        379,
        0,
        72,
        177,
        324,
        340,
        159,
        461,
        138,
        253,
        165,
        331,
        383,
        319,
        361,
        112,
        350,
        231,
        473,
        137,
        142,
        117,
        304,
        104,
        112,
        27,
        160,
        242,
        249,
        388,
        292,
        311,
        166,
        231,
        420,
        154,
        260,
        230,
        111,
        115,
        197,
        178,
        291,
        332,
        362,
        143,
        147,
        367,
        177,
        388,
        143,
        267,
        141,
        365,
        51,
        487,
        291,
        294,
        150,
        327,
        179,
        281,
        360,
        137],
    [   231,
        94,
        179,
        114,
        294,
        238,
        371,
        72,
        0,
        127,
        257,
        355,
        182,
        407,
        102,
        263,
        154,
        260,
        363,
        329,
        358,
        184,
        322,
        161,
        416,
        202,
        101,
        188,
        319,
        170,
        181,
        63,
        232,
        173,
        201,
        334,
        270,
        311,
        231,
        185,
        372,
        220,
        198,
        178,
        182,
        186,
        242,
        116,
        229,
        303,
        311,
        209,
        110,
        311,
        199,
        331,
        105,
        200,
        175,
        306,
        69,
        428,
        251,
        221,
        110,
        273,
        234,
        210,
        352,
        209],
    [   166,
        115,
        206,
        147,
        226,
        183,
        271,
        177,
        127,
        0,
        165,
        291,
        169,
        283,
        46,
        204,
        93,
        192,
        250,
        258,
        266,
        271,
        203,
        180,
        295,
        315,
        206,
        266,
        258,
        281,
        288,
        152,
        321,
        99,
        276,
        210,
        160,
        228,
        285,
        57,
        245,
        331,
        242,
        52,
        283,
        287,
        250,
        184,
        268,
        183,
        185,
        320,
        40,
        189,
        178,
        211,
        41,
        221,
        182,
        188,
        134,
        309,
        125,
        191,
        214,
        149,
        263,
        200,
        253,
        306],
    [   308,
        179,
        195,
        187,
        355,
        74,
        352,
        324,
        257,
        165,
        0,
        414,
        331,
        194,
        212,
        342,
        252,
        54,
        305,
        379,
        360,
        430,
        250,
        176,
        184,
        459,
        284,
        427,
        389,
        427,
        437,
        304,
        480,
        83,
        295,
        134,
        248,
        340,
        450,
        148,
        189,
        477,
        234,
        131,
        435,
        439,
        413,
        232,
        244,
        235,
        141,
        466,
        206,
        113,
        338,
        115,
        207,
        195,
        347,
        90,
        291,
        192,
        172,
        113,
        289,
        109,
        429,
        146,
        338,
        461],
    [   127,
        399,
        495,
        431,
        64,
        461,
        117,
        340,
        355,
        291,
        414,
        0,
        181,
        394,
        271,
        91,
        207,
        460,
        173,
        35,
        87,
        338,
        200,
        469,
        428,
        421,
        456,
        316,
        35,
        394,
        390,
        318,
        362,
        381,
        550,
        355,
        170,
        76,
        275,
        272,
        339,
        427,
        528,
        292,
        372,
        373,
        180,
        458,
        556,
        203,
        320,
        420,
        269,
        352,
        163,
        375,
        272,
        511,
        202,
        372,
        296,
        445,
        247,
        478,
        465,
        323,
        222,
        490,
        112,
        376],
    [   81,
        248,
        345,
        278,
        130,
        352,
        234,
        159,
        182,
        169,
        331,
        181,
        0,
        399,
        128,
        96,
        80,
        361,
        254,
        162,
        211,
        175,
        237,
        322,
        423,
        251,
        282,
        157,
        145,
        221,
        220,
        138,
        212,
        268,
        383,
        335,
        177,
        161,
        143,
        188,
        348,
        261,
        373,
        201,
        204,
        207,
        81,
        295,
        403,
        225,
        301,
        253,
        131,
        321,
        17,
        346,
        132,
        365,
        29,
        330,
        118,
        439,
        215,
        355,
        292,
        280,
        103,
        357,
        216,
        215],
    [   338,
        353,
        388,
        370,
        354,
        266,
        289,
        461,
        407,
        283,
        194,
        394,
        399,
        0,
        324,
        360,
        327,
        240,
        229,
        362,
        313,
        547,
        194,
        368,
        37,
        598,
        462,
        538,
        383,
        564,
        571,
        435,
        595,
        257,
        488,
        73,
        238,
        321,
        541,
        230,
        55,
        614,
        428,
        231,
        563,
        567,
        473,
        416,
        438,
        194,
        100,
        603,
        315,
        96,
        397,
        81,
        319,
        389,
        425,
        108,
        415,
        53,
        184,
        307,
        468,
        134,
        503,
        340,
        286,
        585],
    [   144,
        127,
        225,
        160,
        207,
        224,
        271,
        138,
        102,
        46,
        212,
        271,
        128,
        324,
        0,
        180,
        64,
        236,
        260,
        241,
        261,
        226,
        219,
        200,
        338,
        274,
        196,
        220,
        237,
        240,
        246,
        112,
        275,
        141,
        281,
        252,
        168,
        217,
        238,
        93,
        282,
        290,
        257,
        95,
        239,
        243,
        207,
        188,
        286,
        201,
        224,
        279,
        8,
        232,
        140,
        255,
        5,
        243,
        138,
        233,
        90,
        353,
        153,
        226,
        205,
        191,
        218,
        230,
        252,
        262],
    [   37,
        308,
        405,
        340,
        33,
        381,
        142,
        253,
        263,
        204,
        342,
        91,
        96,
        360,
        180,
        0,
        116,
        384,
        174,
        66,
        116,
        267,
        174,
        380,
        389,
        347,
        364,
        248,
        56,
        317,
        316,
        229,
        300,
        299,
        459,
        308,
        122,
        67,
        219,
        195,
        305,
        356,
        438,
        213,
        299,
        301,
        129,
        366,
        467,
        168,
        272,
        348,
        179,
        299,
        80,
        324,
        182,
        423,
        122,
        315,
        207,
        407,
        188,
        394,
        374,
        264,
        168,
        404,
        126,
        308],
    [   80,
        192,
        289,
        224,
        144,
        277,
        217,
        165,
        154,
        93,
        252,
        207,
        80,
        327,
        64,
        116,
        0,
        285,
        217,
        177,
        203,
        225,
        186,
        264,
        347,
        288,
        254,
        213,
        172,
        255,
        258,
        138,
        270,
        193,
        344,
        260,
        127,
        157,
        214,
        109,
        278,
        302,
        321,
        121,
        247,
        250,
        161,
        251,
        350,
        169,
        227,
        292,
        62,
        243,
        86,
        268,
        65,
        307,
        100,
        251,
        113,
        363,
        143,
        284,
        263,
        202,
        182,
        291,
        198,
        265],
    [   348,
        170,
        159,
        169,
        399,
        29,
        403,
        331,
        260,
        192,
        54,
        460,
        361,
        240,
        236,
        384,
        285,
        0,
        358,
        425,
        411,
        440,
        303,
        146,
        226,
        460,
        266,
        441,
        433,
        430,
        441,
        314,
        490,
        94,
        259,
        186,
        297,
        388,
        470,
        189,
        241,
        478,
        195,
        170,
        442,
        446,
        442,
        210,
        200,
        287,
        195,
        467,
        231,
        166,
        370,
        166,
        231,
        155,
        374,
        142,
        305,
        230,
        223,
        70,
        270,
        163,
        454,
        104,
        389,
        469],
    [   173,
        365,
        445,
        394,
        152,
        369,
        60,
        383,
        363,
        250,
        305,
        173,
        254,
        229,
        260,
        174,
        217,
        358,
        0,
        147,
        87,
        428,
        54,
        419,
        265,
        501,
        454,
        412,
        172,
        468,
        470,
        356,
        467,
        306,
        525,
        206,
        92,
        113,
        391,
        202,
        175,
        513,
        485,
        220,
        456,
        459,
        303,
        434,
        507,
        72,
        177,
        504,
        253,
        211,
        243,
        229,
        258,
        456,
        283,
        236,
        331,
        281,
        140,
        398,
        463,
        197,
        342,
        421,
        61,
        469],
    [   97,
        368,
        463,
        400,
        34,
        426,
        97,
        319,
        329,
        258,
        379,
        35,
        162,
        362,
        241,
        66,
        177,
        425,
        147,
        0,
        66,
        328,
        168,
        437,
        395,
        410,
        429,
        308,
        27,
        381,
        379,
        296,
        357,
        347,
        521,
        321,
        135,
        41,
        272,
        237,
        306,
        417,
        497,
        257,
        361,
        363,
        177,
        428,
        525,
        170,
        286,
        410,
        238,
        317,
        145,
        340,
        241,
        479,
        187,
        337,
        273,
        412,
        211,
        443,
        439,
        287,
        219,
        457,
        87,
        368],
    [   133,
        381,
        471,
        413,
        85,
        417,
        30,
        361,
        358,
        266,
        360,
        87,
        211,
        313,
        261,
        116,
        203,
        411,
        87,
        66,
        0,
        384,
        122,
        445,
        348,
        463,
        456,
        365,
        94,
        433,
        432,
        336,
        416,
        343,
        540,
        282,
        114,
        50,
        334,
        232,
        258,
        472,
        509,
        252,
        416,
        418,
        240,
        447,
        534,
        131,
        249,
        464,
        256,
        282,
        196,
        303,
        260,
        486,
        239,
        305,
        311,
        365,
        188,
        439,
        466,
        259,
        282,
        457,
        26,
        424],
    [   256,
        278,
        356,
        296,
        300,
        420,
        409,
        112,
        184,
        271,
        430,
        338,
        175,
        547,
        226,
        267,
        225,
        440,
        428,
        328,
        384,
        0,
        407,
        342,
        564,
        84,
        241,
        22,
        306,
        64,
        56,
        126,
        50,
        349,
        346,
        476,
        346,
        334,
        81,
        318,
        501,
        89,
        366,
        321,
        36,
        36,
        161,
        285,
        397,
        392,
        447,
        82,
        234,
        457,
        188,
        481,
        231,
        377,
        146,
        459,
        138,
        579,
        367,
        406,
        247,
        416,
        124,
        393,
        391,
        40],
    [   161,
        315,
        392,
        344,
        162,
        314,
        105,
        350,
        322,
        203,
        250,
        200,
        237,
        194,
        219,
        174,
        186,
        303,
        54,
        168,
        122,
        407,
        0,
        367,
        227,
        474,
        409,
        392,
        190,
        441,
        444,
        322,
        449,
        252,
        475,
        159,
        61,
        128,
        379,
        151,
        138,
        487,
        432,
        168,
        432,
        435,
        298,
        385,
        454,
        19,
        127,
        478,
        212,
        161,
        229,
        181,
        216,
        403,
        266,
        185,
        298,
        245,
        86,
        343,
        418,
        143,
        334,
        367,
        96,
        448],
    [   343,
        74,
        26,
        47,
        405,
        117,
        448,
        231,
        161,
        180,
        176,
        469,
        322,
        368,
        200,
        380,
        264,
        146,
        419,
        437,
        445,
        342,
        367,
        0,
        361,
        341,
        127,
        349,
        436,
        316,
        328,
        224,
        389,
        118,
        119,
        301,
        336,
        408,
        393,
        217,
        354,
        360,
        65,
        199,
        334,
        338,
        394,
        68,
        88,
        347,
        296,
        349,
        201,
        278,
        337,
        288,
        198,
        42,
        324,
        260,
        226,
        369,
        280,
        81,
        128,
        255,
        392,
        54,
        431,
        362],
    [   365,
        354,
        380,
        368,
        385,
        253,
        325,
        473,
        416,
        295,
        184,
        428,
        423,
        37,
        338,
        389,
        347,
        226,
        265,
        395,
        348,
        564,
        227,
        361,
        0,
        610,
        462,
        556,
        415,
        577,
        584,
        448,
        612,
        256,
        480,
        87,
        268,
        354,
        562,
        246,
        89,
        627,
        419,
        243,
        578,
        582,
        498,
        414,
        425,
        225,
        121,
        616,
        330,
        106,
        422,
        84,
        333,
        379,
        447,
        109,
        429,
        17,
        208,
        295,
        468,
        147,
        526,
        328,
        321,
        601],
    [   332,
        290,
        349,
        299,
        380,
        436,
        486,
        137,
        202,
        315,
        459,
        421,
        251,
        598,
        274,
        347,
        288,
        460,
        501,
        410,
        463,
        84,
        474,
        341,
        610,
        0,
        221,
        106,
        388,
        33,
        31,
        162,
        86,
        375,
        315,
        525,
        414,
        413,
        162,
        367,
        556,
        18,
        349,
        367,
        48,
        47,
        245,
        276,
        378,
        458,
        498,
        8,
        282,
        504,
        267,
        526,
        279,
        369,
        224,
        502,
        183,
        624,
        424,
        414,
        225,
        464,
        208,
        395,
        468,
        54],
    [   332,
        108,
        130,
        97,
        395,
        239,
        467,
        142,
        101,
        206,
        284,
        456,
        282,
        462,
        196,
        364,
        254,
        266,
        454,
        429,
        456,
        241,
        409,
        127,
        462,
        221,
        0,
        253,
        420,
        200,
        213,
        150,
        282,
        206,
        107,
        389,
        362,
        411,
        306,
        261,
        435,
        239,
        128,
        249,
        224,
        227,
        336,
        59,
        158,
        389,
        374,
        230,
        202,
        366,
        300,
        381,
        197,
        149,
        272,
        354,
        165,
        472,
        330,
        207,
        9,
        333,
        321,
        182,
        448,
        251],
    [   239,
        282,
        364,
        302,
        280,
        422,
        390,
        117,
        188,
        266,
        427,
        316,
        157,
        538,
        220,
        248,
        213,
        441,
        412,
        308,
        365,
        22,
        392,
        349,
        556,
        106,
        253,
        0,
        285,
        86,
        78,
        127,
        57,
        348,
        359,
        468,
        331,
        315,
        60,
        310,
        490,
        110,
        376,
        314,
        58,
        58,
        139,
        294,
        407,
        378,
        437,
        104,
        227,
        449,
        170,
        473,
        225,
        385,
        128,
        453,
        136,
        571,
        356,
        409,
        260,
        408,
        102,
        398,
        373,
        59],
    [   92,
        364,
        461,
        397,
        33,
        432,
        124,
        304,
        319,
        258,
        389,
        35,
        145,
        383,
        237,
        56,
        172,
        433,
        172,
        27,
        94,
        306,
        190,
        436,
        415,
        388,
        420,
        285,
        0,
        361,
        358,
        282,
        333,
        351,
        515,
        339,
        151,
        62,
        247,
        244,
        327,
        395,
        494,
        263,
        340,
        341,
        152,
        423,
        522,
        189,
        303,
        389,
        234,
        333,
        128,
        357,
        238,
        478,
        168,
        352,
        260,
        433,
        225,
        447,
        430,
        302,
        194,
        458,
        114,
        345],
    [   301,
        261,
        326,
        272,
        350,
        407,
        455,
        104,
        170,
        281,
        427,
        394,
        221,
        564,
        240,
        317,
        255,
        430,
        468,
        381,
        433,
        64,
        441,
        316,
        577,
        33,
        200,
        86,
        361,
        0,
        13,
        128,
        86,
        344,
        300,
        491,
        381,
        382,
        146,
        333,
        522,
        50,
        329,
        333,
        30,
        32,
        222,
        252,
        358,
        425,
        464,
        39,
        248,
        470,
        237,
        492,
        245,
        346,
        194,
        469,
        149,
        591,
        390,
        386,
        205,
        430,
        187,
        369,
        437,
        52],
    [   301,
        272,
        338,
        284,
        349,
        418,
        455,
        112,
        181,
        288,
        437,
        390,
        220,
        571,
        246,
        316,
        258,
        441,
        470,
        379,
        432,
        56,
        444,
        328,
        584,
        31,
        213,
        78,
        358,
        13,
        0,
        136,
        73,
        354,
        313,
        498,
        384,
        381,
        137,
        340,
        528,
        43,
        342,
        340,
        20,
        21,
        216,
        265,
        371,
        428,
        471,
        33,
        255,
        477,
        236,
        500,
        251,
        358,
        193,
        477,
        155,
        598,
        395,
        398,
        218,
        437,
        180,
        381,
        437,
        39],
    [   203,
        155,
        242,
        177,
        262,
        294,
        353,
        27,
        63,
        152,
        304,
        318,
        138,
        435,
        112,
        229,
        138,
        314,
        356,
        296,
        336,
        126,
        322,
        224,
        448,
        162,
        150,
        127,
        282,
        128,
        136,
        0,
        176,
        223,
        256,
        362,
        265,
        286,
        168,
        205,
        394,
        178,
        260,
        204,
        131,
        135,
        185,
        177,
        291,
        304,
        336,
        168,
        120,
        342,
        156,
        364,
        116,
        263,
        123,
        341,
        24,
        462,
        264,
        282,
        159,
        301,
        173,
        272,
        334,
        156],
    [   293,
        327,
        402,
        343,
        331,
        470,
        442,
        160,
        232,
        321,
        480,
        362,
        212,
        595,
        275,
        300,
        270,
        490,
        467,
        357,
        416,
        50,
        449,
        389,
        612,
        86,
        282,
        57,
        333,
        86,
        73,
        176,
        0,
        399,
        384,
        525,
        388,
        367,
        88,
        366,
        548,
        80,
        409,
        370,
        58,
        54,
        182,
        330,
        439,
        435,
        494,
        80,
        283,
        506,
        224,
        529,
        280,
        422,
        183,
        508,
        188,
        627,
        413,
        454,
        287,
        465,
        140,
        440,
        426,
        33],
    [   262,
        98,
        143,
        113,
        318,
        83,
        342,
        242,
        173,
        99,
        83,
        381,
        268,
        257,
        141,
        299,
        193,
        94,
        306,
        347,
        343,
        349,
        252,
        118,
        256,
        375,
        206,
        348,
        351,
        344,
        354,
        223,
        399,
        0,
        236,
        187,
        229,
        313,
        376,
        111,
        237,
        393,
        184,
        91,
        353,
        357,
        349,
        159,
        202,
        234,
        178,
        382,
        137,
        163,
        278,
        176,
        137,
        151,
        280,
        148,
        212,
        266,
        166,
        96,
        212,
        137,
        359,
        114,
        325,
        379],
    [   424,
        160,
        100,
        131,
        488,
        230,
        547,
        249,
        201,
        276,
        295,
        550,
        383,
        488,
        281,
        459,
        344,
        259,
        525,
        521,
        540,
        346,
        475,
        119,
        480,
        315,
        107,
        359,
        515,
        300,
        313,
        256,
        384,
        236,
        0,
        421,
        437,
        498,
        414,
        323,
        473,
        332,
        65,
        307,
        325,
        329,
        442,
        93,
        77,
        455,
        414,
        324,
        285,
        397,
        400,
        407,
        281,
        105,
        376,
        380,
        269,
        487,
        391,
        189,
        99,
        373,
        428,
        156,
        529,
        352],
    [   281,
        281,
        323,
        300,
        307,
        208,
        264,
        388,
        334,
        210,
        134,
        355,
        335,
        73,
        252,
        308,
        260,
        186,
        206,
        321,
        282,
        476,
        159,
        301,
        87,
        525,
        389,
        468,
        339,
        491,
        498,
        362,
        525,
        187,
        421,
        0,
        188,
        280,
        474,
        159,
        55,
        541,
        364,
        158,
        491,
        495,
        412,
        346,
        376,
        152,
        36,
        531,
        243,
        23,
        335,
        23,
        247,
        326,
        359,
        43,
        343,
        103,
        122,
        247,
        396,
        61,
        439,
        278,
        256,
        514],
    [   103,
        276,
        362,
        307,
        118,
        302,
        112,
        292,
        270,
        160,
        248,
        170,
        177,
        238,
        168,
        122,
        127,
        297,
        92,
        135,
        114,
        346,
        61,
        336,
        268,
        414,
        362,
        331,
        151,
        381,
        384,
        265,
        388,
        229,
        437,
        188,
        0,
        94,
        319,
        119,
        183,
        427,
        400,
        139,
        371,
        374,
        240,
        344,
        424,
        48,
        152,
        418,
        161,
        182,
        169,
        206,
        165,
        375,
        205,
        202,
        240,
        285,
        76,
        325,
        371,
        152,
        274,
        344,
        95,
        387],
    [   83,
        341,
        434,
        373,
        40,
        390,
        75,
        311,
        311,
        228,
        340,
        76,
        161,
        321,
        217,
        67,
        157,
        388,
        113,
        41,
        50,
        334,
        128,
        408,
        354,
        413,
        411,
        315,
        62,
        382,
        381,
        286,
        367,
        313,
        498,
        280,
        94,
        0,
        286,
        202,
        266,
        422,
        470,
        222,
        365,
        367,
        194,
        405,
        497,
        129,
        244,
        414,
        213,
        276,
        146,
        299,
        217,
        450,
        188,
        296,
        262,
        372,
        171,
        410,
        420,
        247,
        235,
        425,
        59,
        374],
    [   219,
        322,
        410,
        345,
        248,
        454,
        361,
        166,
        231,
        285,
        450,
        275,
        143,
        541,
        238,
        219,
        214,
        470,
        391,
        272,
        334,
        81,
        379,
        393,
        562,
        162,
        306,
        60,
        247,
        146,
        137,
        168,
        88,
        376,
        414,
        474,
        319,
        286,
        0,
        320,
        490,
        162,
        426,
        329,
        117,
        116,
        95,
        343,
        457,
        368,
        441,
        158,
        245,
        458,
        150,
        483,
        243,
        431,
        116,
        464,
        168,
        578,
        356,
        446,
        314,
        417,
        53,
        439,
        346,
        109],
    [   159,
        163,
        243,
        192,
        210,
        188,
        232,
        231,
        185,
        57,
        148,
        272,
        188,
        230,
        93,
        195,
        109,
        189,
        202,
        237,
        232,
        318,
        151,
        217,
        246,
        367,
        261,
        310,
        244,
        333,
        340,
        205,
        366,
        111,
        323,
        159,
        119,
        202,
        320,
        0,
        189,
        383,
        282,
        19,
        333,
        336,
        269,
        233,
        305,
        132,
        130,
        373,
        84,
        139,
        193,
        163,
        88,
        256,
        209,
        144,
        184,
        261,
        69,
        208,
        269,
        98,
        290,
        225,
        215,
        355],
    [   284,
        328,
        376,
        349,
        298,
        263,
        236,
        420,
        372,
        245,
        189,
        339,
        348,
        55,
        282,
        305,
        278,
        241,
        175,
        306,
        258,
        501,
        138,
        354,
        89,
        556,
        435,
        490,
        327,
        522,
        528,
        394,
        548,
        237,
        473,
        55,
        183,
        266,
        490,
        189,
        0,
        571,
        417,
        193,
        519,
        523,
        420,
        395,
        430,
        138,
        61,
        561,
        273,
        76,
        345,
        76,
        277,
        380,
        374,
        99,
        372,
        106,
        134,
        302,
        443,
        102,
        451,
        333,
        231,
        540],
    [   342,
        308,
        368,
        317,
        388,
        455,
        496,
        154,
        220,
        331,
        477,
        427,
        261,
        614,
        290,
        356,
        302,
        478,
        513,
        417,
        472,
        89,
        487,
        360,
        627,
        18,
        239,
        110,
        395,
        50,
        43,
        178,
        80,
        393,
        332,
        541,
        427,
        422,
        162,
        383,
        571,
        0,
        367,
        383,
        56,
        54,
        249,
        294,
        396,
        472,
        514,
        10,
        298,
        520,
        276,
        543,
        295,
        387,
        233,
        519,
        199,
        641,
        439,
        433,
        243,
        480,
        211,
        414,
        478,
        53],
    [   401,
        129,
        41,
        97,
        464,
        166,
        512,
        260,
        198,
        242,
        234,
        528,
        373,
        428,
        257,
        438,
        321,
        195,
        485,
        497,
        509,
        366,
        432,
        65,
        419,
        349,
        128,
        376,
        494,
        329,
        342,
        260,
        409,
        184,
        65,
        364,
        400,
        470,
        426,
        282,
        417,
        367,
        0,
        264,
        351,
        355,
        439,
        82,
        31,
        413,
        360,
        358,
        259,
        341,
        388,
        349,
        256,
        40,
        370,
        321,
        267,
        424,
        346,
        125,
        124,
        320,
        432,
        91,
        495,
        379],
    [   177,
        148,
        225,
        176,
        229,
        169,
        251,
        230,
        178,
        52,
        131,
        292,
        201,
        231,
        95,
        213,
        121,
        170,
        220,
        257,
        252,
        321,
        168,
        199,
        243,
        367,
        249,
        314,
        263,
        333,
        340,
        204,
        370,
        91,
        307,
        158,
        139,
        222,
        329,
        19,
        193,
        383,
        264,
        0,
        334,
        338,
        282,
        218,
        287,
        148,
        133,
        373,
        87,
        137,
        207,
        159,
        90,
        237,
        219,
        138,
        185,
        258,
        83,
        188,
        257,
        96,
        301,
        205,
        234,
        357],
    [   286,
        275,
        345,
        289,
        332,
        420,
        439,
        111,
        182,
        283,
        435,
        372,
        204,
        563,
        239,
        299,
        247,
        442,
        456,
        361,
        416,
        36,
        432,
        334,
        578,
        48,
        224,
        58,
        340,
        30,
        20,
        131,
        58,
        353,
        325,
        491,
        371,
        365,
        117,
        333,
        519,
        56,
        351,
        334,
        0,
        4,
        197,
        273,
        381,
        416,
        463,
        48,
        248,
        471,
        219,
        494,
        245,
        366,
        177,
        471,
        149,
        592,
        386,
        402,
        229,
        431,
        160,
        386,
        421,
        28],
    [   288,
        279,
        350,
        293,
        334,
        424,
        441,
        115,
        186,
        287,
        439,
        373,
        207,
        567,
        243,
        301,
        250,
        446,
        459,
        363,
        418,
        36,
        435,
        338,
        582,
        47,
        227,
        58,
        341,
        32,
        21,
        135,
        54,
        357,
        329,
        495,
        374,
        367,
        116,
        336,
        523,
        54,
        355,
        338,
        4,
        0,
        197,
        277,
        385,
        419,
        467,
        47,
        252,
        475,
        221,
        498,
        248,
        370,
        179,
        475,
        153,
        596,
        389,
        406,
        233,
        434,
        161,
        391,
        424,
        23],
    [   137,
        319,
        416,
        348,
        155,
        432,
        268,
        197,
        242,
        250,
        413,
        180,
        81,
        473,
        207,
        129,
        161,
        442,
        303,
        177,
        240,
        161,
        298,
        394,
        498,
        245,
        336,
        139,
        152,
        222,
        216,
        185,
        182,
        349,
        442,
        412,
        240,
        194,
        95,
        269,
        420,
        249,
        439,
        282,
        197,
        197,
        0,
        358,
        471,
        289,
        377,
        244,
        211,
        399,
        77,
        424,
        212,
        436,
        70,
        410,
        173,
        515,
        290,
        432,
        344,
        359,
        41,
        433,
        254,
        197],
    [   331,
        69,
        73,
        45,
        395,
        181,
        454,
        178,
        116,
        184,
        232,
        458,
        295,
        416,
        188,
        366,
        251,
        210,
        434,
        428,
        447,
        285,
        385,
        68,
        414,
        276,
        59,
        294,
        423,
        252,
        265,
        177,
        330,
        159,
        93,
        346,
        344,
        405,
        343,
        233,
        395,
        294,
        82,
        218,
        273,
        277,
        358,
        0,
        113,
        365,
        335,
        284,
        191,
        322,
        311,
        335,
        187,
        93,
        291,
        308,
        186,
        423,
        302,
        148,
        60,
        293,
        350,
        123,
        436,
        301],
    [   430,
        158,
        62,
        126,
        492,
        172,
        537,
        291,
        229,
        268,
        244,
        556,
        403,
        438,
        286,
        467,
        350,
        200,
        507,
        525,
        534,
        397,
        454,
        88,
        425,
        378,
        158,
        407,
        522,
        358,
        371,
        291,
        439,
        202,
        77,
        376,
        424,
        497,
        457,
        305,
        430,
        396,
        31,
        287,
        381,
        385,
        471,
        113,
        0,
        435,
        375,
        387,
        288,
        353,
        419,
        359,
        284,
        51,
        401,
        333,
        298,
        430,
        367,
        130,
        153,
        336,
        464,
        97,
        519,
        409],
    [   151,
        295,
        373,
        324,
        160,
        297,
        117,
        332,
        303,
        183,
        235,
        203,
        225,
        194,
        201,
        168,
        169,
        287,
        72,
        170,
        131,
        392,
        19,
        347,
        225,
        458,
        389,
        378,
        189,
        425,
        428,
        304,
        435,
        234,
        455,
        152,
        48,
        129,
        368,
        132,
        138,
        472,
        413,
        148,
        416,
        419,
        289,
        365,
        435,
        0,
        118,
        462,
        193,
        151,
        218,
        172,
        197,
        384,
        253,
        174,
        280,
        243,
        67,
        325,
        398,
        129,
        323,
        348,
        106,
        433],
    [   246,
        267,
        319,
        289,
        271,
        214,
        232,
        362,
        311,
        185,
        141,
        320,
        301,
        100,
        224,
        272,
        227,
        195,
        177,
        286,
        249,
        447,
        127,
        296,
        121,
        498,
        374,
        437,
        303,
        464,
        471,
        336,
        494,
        178,
        414,
        36,
        152,
        244,
        441,
        130,
        61,
        514,
        360,
        133,
        463,
        467,
        377,
        335,
        375,
        118,
        0,
        503,
        215,
        34,
        300,
        54,
        219,
        325,
        326,
        60,
        315,
        137,
        87,
        250,
        382,
        41,
        405,
        280,
        223,
        485],
    [   334,
        297,
        358,
        307,
        381,
        444,
        488,
        143,
        209,
        320,
        466,
        420,
        253,
        603,
        279,
        348,
        292,
        467,
        504,
        410,
        464,
        82,
        478,
        349,
        616,
        8,
        230,
        104,
        389,
        39,
        33,
        168,
        80,
        382,
        324,
        531,
        418,
        414,
        158,
        373,
        561,
        10,
        358,
        373,
        48,
        47,
        244,
        284,
        387,
        462,
        503,
        0,
        288,
        510,
        268,
        532,
        284,
        378,
        225,
        508,
        188,
        630,
        429,
        422,
        233,
        469,
        206,
        403,
        470,
        50],
    [   142,
        130,
        226,
        162,
        205,
        220,
        265,
        147,
        110,
        40,
        206,
        269,
        131,
        315,
        8,
        179,
        62,
        231,
        253,
        238,
        256,
        234,
        212,
        201,
        330,
        282,
        202,
        227,
        234,
        248,
        255,
        120,
        283,
        137,
        285,
        243,
        161,
        213,
        245,
        84,
        273,
        298,
        259,
        87,
        248,
        252,
        211,
        191,
        288,
        193,
        215,
        288,
        0,
        223,
        142,
        246,
        4,
        244,
        143,
        225,
        99,
        344,
        145,
        224,
        211,
        182,
        223,
        229,
        246,
        270],
    [   271,
        257,
        300,
        276,
        301,
        187,
        266,
        367,
        311,
        189,
        113,
        352,
        321,
        96,
        232,
        299,
        243,
        166,
        211,
        317,
        282,
        457,
        161,
        278,
        106,
        504,
        366,
        449,
        333,
        470,
        477,
        342,
        506,
        163,
        397,
        23,
        182,
        276,
        458,
        139,
        76,
        520,
        341,
        137,
        471,
        475,
        399,
        322,
        353,
        151,
        34,
        510,
        223,
        0,
        321,
        25,
        226,
        303,
        344,
        26,
        322,
        121,
        111,
        225,
        372,
        41,
        424,
        256,
        257,
        494],
    [   69,
        262,
        360,
        293,
        113,
        362,
        220,
        177,
        199,
        178,
        338,
        163,
        17,
        397,
        140,
        80,
        86,
        370,
        243,
        145,
        196,
        188,
        229,
        337,
        422,
        267,
        300,
        170,
        128,
        237,
        236,
        156,
        224,
        278,
        400,
        335,
        169,
        146,
        150,
        193,
        345,
        276,
        388,
        207,
        219,
        221,
        77,
        311,
        419,
        218,
        300,
        268,
        142,
        321,
        0,
        346,
        143,
        379,
        42,
        332,
        135,
        438,
        213,
        366,
        309,
        282,
        106,
        370,
        202,
        229],
    [   296,
        273,
        308,
        289,
        325,
        189,
        286,
        388,
        331,
        211,
        115,
        375,
        346,
        81,
        255,
        324,
        268,
        166,
        229,
        340,
        303,
        481,
        181,
        288,
        84,
        526,
        381,
        473,
        357,
        492,
        500,
        364,
        529,
        176,
        407,
        23,
        206,
        299,
        483,
        163,
        76,
        543,
        349,
        159,
        494,
        498,
        424,
        335,
        359,
        172,
        54,
        532,
        246,
        25,
        346,
        0,
        249,
        310,
        369,
        27,
        345,
        98,
        136,
        229,
        388,
        65,
        449,
        262,
        277,
        517],
    [   145,
        126,
        223,
        158,
        208,
        220,
        270,
        143,
        105,
        41,
        207,
        272,
        132,
        319,
        5,
        182,
        65,
        231,
        258,
        241,
        260,
        231,
        216,
        198,
        333,
        279,
        197,
        225,
        238,
        245,
        251,
        116,
        280,
        137,
        281,
        247,
        165,
        217,
        243,
        88,
        277,
        295,
        256,
        90,
        245,
        248,
        212,
        187,
        284,
        197,
        219,
        284,
        4,
        226,
        143,
        249,
        0,
        241,
        143,
        228,
        96,
        348,
        149,
        222,
        207,
        186,
        223,
        227,
        251,
        267],
    [   385,
        117,
        20,
        87,
        447,
        126,
        488,
        267,
        200,
        221,
        195,
        511,
        365,
        389,
        243,
        423,
        307,
        155,
        456,
        479,
        486,
        377,
        403,
        42,
        379,
        369,
        149,
        385,
        478,
        346,
        358,
        263,
        422,
        151,
        105,
        326,
        375,
        450,
        431,
        256,
        380,
        387,
        40,
        237,
        366,
        370,
        436,
        93,
        51,
        384,
        325,
        378,
        244,
        303,
        379,
        310,
        241,
        0,
        366,
        283,
        267,
        384,
        316,
        84,
        147,
        285,
        433,
        50,
        470,
        394],
    [   110,
        249,
        346,
        278,
        156,
        362,
        262,
        141,
        175,
        182,
        347,
        202,
        29,
        425,
        138,
        122,
        100,
        374,
        283,
        187,
        239,
        146,
        266,
        324,
        447,
        224,
        272,
        128,
        168,
        194,
        193,
        123,
        183,
        280,
        376,
        359,
        205,
        188,
        116,
        209,
        374,
        233,
        370,
        219,
        177,
        179,
        70,
        291,
        401,
        253,
        326,
        225,
        143,
        344,
        42,
        369,
        143,
        366,
        0,
        352,
        107,
        463,
        240,
        362,
        281,
        303,
        81,
        362,
        245,
        187],
    [   285,
        245,
        281,
        262,
        319,
        164,
        290,
        365,
        306,
        188,
        90,
        372,
        330,
        108,
        233,
        315,
        251,
        142,
        236,
        337,
        305,
        459,
        185,
        260,
        109,
        502,
        354,
        453,
        352,
        469,
        477,
        341,
        508,
        148,
        380,
        43,
        202,
        296,
        464,
        144,
        99,
        519,
        321,
        138,
        471,
        475,
        410,
        308,
        333,
        174,
        60,
        508,
        225,
        26,
        332,
        27,
        228,
        283,
        352,
        0,
        322,
        122,
        128,
        203,
        360,
        51,
        433,
        235,
        280,
        495],
    [   179,
        154,
        246,
        179,
        239,
        287,
        329,
        51,
        69,
        134,
        291,
        296,
        118,
        415,
        90,
        207,
        113,
        305,
        331,
        273,
        311,
        138,
        298,
        226,
        429,
        183,
        165,
        136,
        260,
        149,
        155,
        24,
        188,
        212,
        269,
        343,
        240,
        262,
        168,
        184,
        372,
        199,
        267,
        185,
        149,
        153,
        173,
        186,
        298,
        280,
        315,
        188,
        99,
        322,
        135,
        345,
        96,
        267,
        107,
        322,
        0,
        443,
        241,
        278,
        174,
        282,
        166,
        271,
        309,
        172],
    [   383,
        365,
        386,
        378,
        402,
        258,
        342,
        487,
        428,
        309,
        192,
        445,
        439,
        53,
        353,
        407,
        363,
        230,
        281,
        412,
        365,
        579,
        245,
        369,
        17,
        624,
        472,
        571,
        433,
        591,
        598,
        462,
        627,
        266,
        487,
        103,
        285,
        372,
        578,
        261,
        106,
        641,
        424,
        258,
        592,
        596,
        515,
        423,
        430,
        243,
        137,
        630,
        344,
        121,
        438,
        98,
        348,
        384,
        463,
        122,
        443,
        0,
        225,
        300,
        478,
        162,
        543,
        333,
        338,
        615],
    [   159,
        232,
        306,
        260,
        191,
        231,
        180,
        291,
        251,
        125,
        172,
        247,
        215,
        184,
        153,
        188,
        143,
        223,
        140,
        211,
        188,
        367,
        86,
        280,
        208,
        424,
        330,
        356,
        225,
        390,
        395,
        264,
        413,
        166,
        391,
        122,
        76,
        171,
        356,
        69,
        134,
        439,
        346,
        83,
        386,
        389,
        290,
        302,
        367,
        67,
        87,
        429,
        145,
        111,
        213,
        136,
        149,
        316,
        240,
        128,
        241,
        225,
        0,
        258,
        339,
        76,
        318,
        280,
        166,
        406],
    [   357,
        127,
        90,
        115,
        414,
        41,
        437,
        294,
        221,
        191,
        113,
        478,
        355,
        307,
        226,
        394,
        284,
        70,
        398,
        443,
        439,
        406,
        343,
        81,
        295,
        414,
        207,
        409,
        447,
        386,
        398,
        282,
        454,
        96,
        189,
        247,
        325,
        410,
        446,
        208,
        302,
        433,
        125,
        188,
        402,
        406,
        432,
        148,
        130,
        325,
        250,
        422,
        224,
        225,
        366,
        229,
        222,
        84,
        362,
        203,
        278,
        300,
        258,
        0,
        209,
        213,
        438,
        33,
        421,
        429],
    [   341,
        114,
        129,
        101,
        405,
        241,
        477,
        150,
        110,
        214,
        289,
        465,
        292,
        468,
        205,
        374,
        263,
        270,
        463,
        439,
        466,
        247,
        418,
        128,
        468,
        225,
        9,
        260,
        430,
        205,
        218,
        159,
        287,
        212,
        99,
        396,
        371,
        420,
        314,
        269,
        443,
        243,
        124,
        257,
        229,
        233,
        344,
        60,
        153,
        398,
        382,
        233,
        211,
        372,
        309,
        388,
        207,
        147,
        281,
        360,
        174,
        478,
        339,
        209,
        0,
        340,
        330,
        183,
        458,
        256],
    [   234,
        226,
        279,
        247,
        268,
        178,
        247,
        327,
        273,
        149,
        109,
        323,
        280,
        134,
        191,
        264,
        202,
        163,
        197,
        287,
        259,
        416,
        143,
        255,
        147,
        464,
        333,
        408,
        302,
        430,
        437,
        301,
        465,
        137,
        373,
        61,
        152,
        247,
        417,
        98,
        102,
        480,
        320,
        96,
        431,
        434,
        359,
        293,
        336,
        129,
        41,
        469,
        182,
        41,
        282,
        65,
        186,
        285,
        303,
        51,
        282,
        162,
        76,
        213,
        340,
        0,
        384,
        241,
        235,
        453],
    [   172,
        319,
        412,
        345,
        196,
        441,
        310,
        179,
        234,
        263,
        429,
        222,
        103,
        503,
        218,
        168,
        182,
        454,
        342,
        219,
        282,
        124,
        334,
        392,
        526,
        208,
        321,
        102,
        194,
        187,
        180,
        173,
        140,
        359,
        428,
        439,
        274,
        235,
        53,
        290,
        451,
        211,
        432,
        301,
        160,
        161,
        41,
        350,
        464,
        323,
        405,
        206,
        223,
        424,
        106,
        449,
        223,
        433,
        81,
        433,
        166,
        543,
        318,
        438,
        330,
        384,
        0,
        434,
        294,
        158],
    [   367,
        117,
        58,
        97,
        426,
        75,
        456,
        281,
        210,
        200,
        146,
        490,
        357,
        340,
        230,
        404,
        291,
        104,
        421,
        457,
        457,
        393,
        367,
        54,
        328,
        395,
        182,
        398,
        458,
        369,
        381,
        272,
        440,
        114,
        156,
        278,
        344,
        425,
        439,
        225,
        333,
        414,
        91,
        205,
        386,
        391,
        433,
        123,
        97,
        348,
        280,
        403,
        229,
        256,
        370,
        262,
        227,
        50,
        362,
        235,
        271,
        333,
        280,
        33,
        183,
        241,
        434,
        0,
        440,
        414],
    [   136,
        369,
        457,
        400,
        99,
        396,
        19,
        360,
        352,
        253,
        338,
        112,
        216,
        286,
        252,
        126,
        198,
        389,
        61,
        87,
        26,
        391,
        96,
        431,
        321,
        468,
        448,
        373,
        114,
        437,
        437,
        334,
        426,
        325,
        529,
        256,
        95,
        59,
        346,
        215,
        231,
        478,
        495,
        234,
        421,
        424,
        254,
        436,
        519,
        106,
        223,
        470,
        246,
        257,
        202,
        277,
        251,
        470,
        245,
        280,
        309,
        338,
        166,
        421,
        458,
        235,
        294,
        440,
        0,
        432],
    [   297,
        302,
        373,
        317,
        339,
        447,
        449,
        137,
        209,
        306,
        461,
        376,
        215,
        585,
        262,
        308,
        265,
        469,
        469,
        368,
        424,
        40,
        448,
        362,
        601,
        54,
        251,
        59,
        345,
        52,
        39,
        156,
        33,
        379,
        352,
        514,
        387,
        374,
        109,
        355,
        540,
        53,
        379,
        357,
        28,
        23,
        197,
        301,
        409,
        433,
        485,
        50,
        270,
        494,
        229,
        517,
        267,
        394,
        187,
        495,
        172,
        615,
        406,
        429,
        256,
        453,
        158,
        414,
        432,
        0]]
;
task=[   425,
    313,
    74,
    389,
    24,
    188,
    183,
    113,
    231,
    568,
    237,
    37,
    126,
    80,
    602,
    348,
    56,
    173,
    104,
    183,
    185,
    97,
    243,
    288,
    4,
    86,
    207,
    39,
    104,
    26,
    94,
    296,
    15,
    9,
    15,
    189,
    214,
    238,
    28,
    294,
    170,
    9,
    172,
    446,
    100,
    132,
    178,
    129,
    99,
    220,
    227,
    124,
    0,
    146,
    1,
    120,
    631,
    17,
    228,
    16,
    342,
    20,
    316,
    31,
    247,
    279,
    236,
    115,
    203,
    33]
;
minW=[   46,
    11,
    127,
    95,
    50,
    163,
    53,
    71,
    8,
    11,
    198,
    28,
    107,
    278,
    3,
    79,
    40,
    97,
    174,
    147,
    43,
    116,
    184,
    13,
    114,
    179,
    162,
    176,
    207,
    227,
    227,
    25,
    92,
    78,
    198,
    112,
    60,
    88,
    157,
    69,
    69,
    76,
    170,
    1,
    51,
    7,
    87,
    95,
    270,
    61,
    75,
    50,
    0,
    123,
    9,
    238,
    2,
    86,
    87,
    23,
    22,
    336,
    119,
    52,
    57,
    75,
    119,
    188,
    201,
    123]
;
maxW=[   471,
    333,
    509,
    243,
    544,
    665,
    484,
    524,
    714,
    556,
    400,
    386,
    358,
    610,
    406,
    192,
    564,
    695,
    292,
    543,
    345,
    371,
    393,
    331,
    683,
    703,
    301,
    625,
    255,
    585,
    419,
    623,
    646,
    620,
    578,
    593,
    480,
    705,
    403,
    473,
    310,
    645,
    286,
    211,
    437,
    455,
    603,
    214,
    373,
    447,
    285,
    601,
    720,
    307,
    525,
    346,
    408,
    424,
    348,
    452,
    189,
    651,
    685,
    337,
    607,
    382,
    468,
    472,
    574,
    399]
;