// Generated by InstanceGenerator.py v0.1
// Juan Francisco Martinez Vera
// AMMM - MIRI, FIB UPC
//
// RAND_SEED=1484825674

bigM=100000;

nLocations=70;
startLocation=57;
distances=[   [   0,
        94,
        152,
        140,
        30,
        120,
        74,
        60,
        103,
        176,
        176,
        64,
        66,
        93,
        104,
        105,
        46,
        71,
        79,
        48,
        28,
        144,
        199,
        105,
        84,
        152,
        87,
        48,
        25,
        124,
        141,
        97,
        150,
        89,
        84,
        150,
        177,
        120,
        161,
        99,
        142,
        15,
        49,
        146,
        208,
        164,
        33,
        103,
        132,
        88,
        194,
        45,
        47,
        98,
        225,
        61,
        101,
        34,
        96,
        89,
        70,
        140,
        71,
        138,
        171,
        181,
        227,
        190,
        68,
        37],
    [   94,
        0,
        194,
        46,
        70,
        46,
        168,
        84,
        34,
        189,
        138,
        147,
        99,
        151,
        23,
        188,
        139,
        130,
        171,
        116,
        83,
        49,
        265,
        172,
        160,
        211,
        162,
        113,
        86,
        210,
        213,
        188,
        183,
        164,
        164,
        59,
        142,
        204,
        216,
        4,
        75,
        82,
        140,
        63,
        202,
        217,
        124,
        195,
        146,
        60,
        255,
        128,
        137,
        20,
        207,
        116,
        194,
        101,
        142,
        62,
        150,
        50,
        23,
        52,
        245,
        221,
        217,
        251,
        53,
        98],
    [   152,
        194,
        0,
        231,
        173,
        178,
        148,
        112,
        172,
        58,
        142,
        195,
        98,
        59,
        183,
        222,
        164,
        80,
        130,
        103,
        179,
        228,
        85,
        60,
        83,
        39,
        81,
        103,
        132,
        112,
        67,
        197,
        20,
        79,
        92,
        217,
        137,
        101,
        31,
        197,
        175,
        164,
        171,
        198,
        104,
        29,
        167,
        134,
        60,
        136,
        71,
        184,
        175,
        180,
        133,
        211,
        145,
        185,
        56,
        135,
        203,
        242,
        177,
        201,
        89,
        28,
        121,
        67,
        141,
        189],
    [   140,
        46,
        231,
        0,
        114,
        56,
        214,
        126,
        59,
        217,
        147,
        190,
        140,
        194,
        48,
        229,
        184,
        173,
        218,
        161,
        126,
        10,
        307,
        216,
        205,
        252,
        207,
        158,
        132,
        256,
        256,
        232,
        218,
        209,
        210,
        33,
        153,
        250,
        255,
        41,
        77,
        127,
        185,
        53,
        222,
        256,
        169,
        241,
        178,
        94,
        296,
        171,
        181,
        52,
        220,
        155,
        241,
        143,
        183,
        96,
        191,
        17,
        70,
        41,
        289,
        257,
        233,
        292,
        94,
        140],
    [   30,
        70,
        173,
        114,
        0,
        104,
        102,
        68,
        87,
        190,
        174,
        78,
        79,
        117,
        84,
        119,
        70,
        94,
        109,
        72,
        14,
        119,
        227,
        132,
        112,
        177,
        115,
        71,
        41,
        154,
        169,
        118,
        169,
        117,
        113,
        128,
        176,
        150,
        186,
        74,
        129,
        14,
        70,
        128,
        217,
        189,
        54,
        133,
        145,
        82,
        221,
        58,
        66,
        78,
        231,
        55,
        130,
        32,
        117,
        83,
        81,
        112,
        48,
        119,
        200,
        202,
        235,
        216,
        61,
        31],
    [   120,
        46,
        178,
        56,
        104,
        0,
        189,
        84,
        16,
        161,
        95,
        181,
        96,
        148,
        22,
        222,
        167,
        130,
        188,
        124,
        118,
        51,
        257,
        171,
        165,
        203,
        167,
        120,
        103,
        219,
        211,
        218,
        163,
        168,
        171,
        39,
        99,
        211,
        204,
        44,
        29,
        112,
        169,
        26,
        166,
        204,
        153,
        210,
        122,
        45,
        246,
        161,
        167,
        27,
        166,
        156,
        212,
        136,
        134,
        46,
        185,
        71,
        56,
        23,
        243,
        202,
        178,
        242,
        55,
        135],
    [   74,
        168,
        148,
        214,
        102,
        189,
        0,
        112,
        173,
        193,
        226,
        60,
        108,
        93,
        176,
        74,
        36,
        86,
        19,
        73,
        93,
        218,
        161,
        87,
        64,
        129,
        66,
        77,
        86,
        66,
        105,
        49,
        156,
        68,
        56,
        222,
        224,
        69,
        142,
        173,
        208,
        87,
        41,
        216,
        234,
        147,
        51,
        35,
        158,
        150,
        161,
        61,
        47,
        170,
        258,
        96,
        28,
        84,
        108,
        150,
        67,
        214,
        144,
        210,
        125,
        173,
        254,
        158,
        134,
        88],
    [   60,
        84,
        112,
        126,
        68,
        84,
        112,
        0,
        71,
        122,
        117,
        124,
        14,
        67,
        79,
        163,
        100,
        47,
        107,
        41,
        78,
        126,
        181,
        89,
        81,
        127,
        83,
        37,
        34,
        135,
        129,
        150,
        104,
        84,
        87,
        122,
        117,
        127,
        132,
        88,
        97,
        64,
        105,
        110,
        149,
        133,
        91,
        128,
        76,
        39,
        171,
        106,
        105,
        74,
        165,
        119,
        132,
        92,
        58,
        39,
        130,
        134,
        64,
        107,
        162,
        141,
        167,
        167,
        31,
        94],
    [   103,
        34,
        172,
        59,
        87,
        16,
        173,
        71,
        0,
        160,
        104,
        164,
        84,
        137,
        12,
        205,
        150,
        118,
        173,
        110,
        101,
        56,
        249,
        160,
        152,
        194,
        154,
        106,
        87,
        206,
        200,
        201,
        159,
        155,
        158,
        51,
        108,
        198,
        197,
        34,
        43,
        95,
        153,
        42,
        170,
        197,
        137,
        196,
        119,
        35,
        238,
        145,
        150,
        13,
        173,
        140,
        197,
        120,
        125,
        37,
        168,
        71,
        40,
        36,
        233,
        197,
        183,
        234,
        41,
        118],
    [   176,
        189,
        58,
        217,
        190,
        161,
        193,
        122,
        160,
        0,
        97,
        231,
        111,
        99,
        172,
        263,
        201,
        111,
        177,
        132,
        199,
        212,
        137,
        110,
        129,
        97,
        128,
        130,
        152,
        168,
        125,
        242,
        40,
        127,
        139,
        196,
        91,
        156,
        87,
        192,
        148,
        185,
        208,
        175,
        45,
        83,
        199,
        185,
        45,
        129,
        121,
        216,
        210,
        171,
        75,
        237,
        195,
        211,
        85,
        127,
        238,
        231,
        178,
        181,
        146,
        60,
        64,
        118,
        141,
        213],
    [   176,
        138,
        142,
        147,
        174,
        95,
        226,
        117,
        104,
        97,
        0,
        241,
        117,
        147,
        115,
        281,
        217,
        143,
        216,
        152,
        188,
        139,
        227,
        169,
        176,
        178,
        176,
        148,
        151,
        228,
        199,
        267,
        122,
        176,
        185,
        118,
        6,
        218,
        173,
        138,
        70,
        176,
        222,
        95,
        80,
        171,
        209,
        233,
        85,
        92,
        212,
        222,
        222,
        117,
        72,
        230,
        240,
        205,
        129,
        90,
        247,
        164,
        139,
        106,
        227,
        155,
        87,
        209,
        112,
        205],
    [   64,
        147,
        195,
        190,
        78,
        181,
        60,
        124,
        164,
        231,
        241,
        0,
        127,
        136,
        162,
        41,
        31,
        120,
        78,
        99,
        64,
        196,
        220,
        138,
        114,
        183,
        116,
        101,
        89,
        127,
        163,
        44,
        199,
        118,
        108,
        206,
        241,
        129,
        195,
        151,
        205,
        68,
        24,
        206,
        268,
        200,
        32,
        95,
        190,
        152,
        220,
        19,
        21,
        156,
        287,
        42,
        86,
        46,
        146,
        154,
        7,
        184,
        127,
        197,
        185,
        223,
        286,
        216,
        133,
        49],
    [   66,
        99,
        98,
        140,
        79,
        96,
        108,
        14,
        84,
        111,
        117,
        127,
        0,
        53,
        92,
        165,
        101,
        34,
        101,
        34,
        88,
        139,
        166,
        76,
        69,
        112,
        71,
        30,
        41,
        124,
        116,
        150,
        91,
        72,
        77,
        135,
        117,
        116,
        117,
        102,
        106,
        73,
        106,
        121,
        142,
        119,
        95,
        120,
        66,
        50,
        156,
        110,
        107,
        88,
        159,
        127,
        125,
        100,
        43,
        50,
        134,
        148,
        79,
        119,
        148,
        126,
        160,
        152,
        46,
        102],
    [   93,
        151,
        59,
        194,
        117,
        148,
        93,
        67,
        137,
        99,
        147,
        136,
        53,
        0,
        146,
        165,
        105,
        22,
        78,
        45,
        121,
        193,
        114,
        23,
        31,
        61,
        31,
        45,
        76,
        81,
        62,
        142,
        63,
        30,
        41,
        187,
        144,
        70,
        68,
        155,
        154,
        106,
        112,
        172,
        141,
        71,
        107,
        89,
        68,
        102,
        105,
        124,
        115,
        141,
        166,
        152,
        98,
        126,
        18,
        101,
        144,
        201,
        130,
        171,
        95,
        88,
        160,
        101,
        99,
        130],
    [   104,
        23,
        183,
        48,
        84,
        22,
        176,
        79,
        12,
        172,
        115,
        162,
        92,
        146,
        0,
        203,
        151,
        126,
        177,
        116,
        99,
        47,
        258,
        168,
        159,
        204,
        161,
        112,
        91,
        212,
        208,
        201,
        170,
        162,
        164,
        46,
        119,
        205,
        207,
        23,
        51,
        94,
        153,
        43,
        182,
        208,
        136,
        200,
        131,
        46,
        248,
        143,
        150,
        6,
        185,
        135,
        201,
        117,
        134,
        48,
        166,
        59,
        36,
        34,
        241,
        209,
        195,
        243,
        47,
        115],
    [   105,
        188,
        222,
        229,
        119,
        222,
        74,
        163,
        205,
        263,
        281,
        41,
        165,
        165,
        203,
        0,
        64,
        152,
        94,
        133,
        105,
        236,
        232,
        162,
        138,
        203,
        140,
        137,
        129,
        135,
        179,
        28,
        228,
        142,
        130,
        247,
        280,
        140,
        217,
        192,
        247,
        110,
        58,
        247,
        302,
        222,
        71,
        102,
        224,
        193,
        235,
        60,
        58,
        197,
        323,
        76,
        90,
        86,
        177,
        194,
        38,
        223,
        168,
        238,
        196,
        247,
        321,
        231,
        174,
        89],
    [   46,
        139,
        164,
        184,
        70,
        167,
        36,
        100,
        150,
        201,
        217,
        31,
        101,
        105,
        151,
        64,
        0,
        90,
        51,
        70,
        59,
        189,
        191,
        107,
        82,
        152,
        85,
        73,
        67,
        101,
        133,
        51,
        168,
        87,
        77,
        196,
        217,
        101,
        164,
        144,
        189,
        57,
        7,
        193,
        238,
        169,
        16,
        72,
        161,
        133,
        190,
        25,
        11,
        144,
        259,
        60,
        65,
        47,
        115,
        134,
        38,
        182,
        116,
        185,
        157,
        191,
        258,
        186,
        114,
        52],
    [   71,
        130,
        80,
        173,
        94,
        130,
        86,
        47,
        118,
        111,
        143,
        120,
        34,
        22,
        126,
        152,
        90,
        0,
        74,
        23,
        99,
        173,
        136,
        42,
        35,
        84,
        37,
        23,
        53,
        90,
        82,
        132,
        80,
        37,
        43,
        169,
        141,
        81,
        91,
        134,
        140,
        84,
        96,
        156,
        150,
        94,
        89,
        90,
        72,
        85,
        128,
        106,
        99,
        121,
        172,
        131,
        97,
        105,
        25,
        84,
        127,
        180,
        108,
        154,
        115,
        109,
        169,
        124,
        79,
        109],
    [   79,
        171,
        130,
        218,
        109,
        188,
        19,
        107,
        173,
        177,
        216,
        78,
        101,
        78,
        177,
        94,
        51,
        74,
        0,
        66,
        103,
        220,
        142,
        69,
        48,
        109,
        49,
        70,
        86,
        49,
        85,
        67,
        139,
        50,
        38,
        223,
        215,
        50,
        123,
        176,
        204,
        94,
        57,
        215,
        220,
        128,
        64,
        23,
        145,
        146,
        142,
        77,
        62,
        171,
        244,
        111,
        24,
        96,
        94,
        147,
        85,
        219,
        147,
        209,
        107,
        154,
        239,
        138,
        132,
        100],
    [   48,
        116,
        103,
        161,
        72,
        124,
        73,
        41,
        110,
        132,
        152,
        99,
        34,
        45,
        116,
        133,
        70,
        23,
        66,
        0,
        76,
        162,
        155,
        60,
        44,
        105,
        46,
        4,
        32,
        96,
        99,
        116,
        103,
        48,
        48,
        161,
        151,
        88,
        113,
        120,
        138,
        61,
        76,
        150,
        168,
        116,
        67,
        87,
        91,
        80,
        148,
        84,
        78,
        110,
        189,
        108,
        91,
        82,
        48,
        80,
        106,
        166,
        93,
        146,
        130,
        132,
        187,
        144,
        69,
        85],
    [   28,
        83,
        179,
        126,
        14,
        118,
        93,
        78,
        101,
        199,
        188,
        64,
        88,
        121,
        99,
        105,
        59,
        99,
        103,
        76,
        0,
        132,
        227,
        133,
        112,
        180,
        115,
        75,
        47,
        150,
        169,
        105,
        176,
        117,
        112,
        142,
        189,
        147,
        189,
        87,
        144,
        14,
        59,
        142,
        228,
        192,
        43,
        126,
        154,
        95,
        222,
        45,
        54,
        93,
        243,
        41,
        122,
        18,
        122,
        97,
        67,
        123,
        63,
        133,
        198,
        208,
        246,
        218,
        75,
        17],
    [   144,
        49,
        228,
        10,
        119,
        51,
        218,
        126,
        56,
        212,
        139,
        196,
        139,
        193,
        47,
        236,
        189,
        173,
        220,
        162,
        132,
        0,
        305,
        215,
        205,
        250,
        208,
        159,
        135,
        258,
        255,
        237,
        214,
        209,
        211,
        23,
        144,
        251,
        253,
        45,
        69,
        132,
        190,
        43,
        215,
        254,
        174,
        244,
        174,
        92,
        294,
        177,
        186,
        51,
        212,
        162,
        244,
        149,
        181,
        93,
        198,
        27,
        73,
        33,
        288,
        253,
        225,
        290,
        94,
        146],
    [   199,
        265,
        85,
        307,
        227,
        257,
        161,
        181,
        249,
        137,
        227,
        220,
        166,
        114,
        258,
        232,
        191,
        136,
        142,
        155,
        227,
        305,
        0,
        95,
        115,
        54,
        112,
        157,
        188,
        97,
        58,
        204,
        105,
        110,
        116,
        297,
        222,
        92,
        54,
        269,
        257,
        214,
        198,
        280,
        179,
        56,
        200,
        131,
        145,
        213,
        16,
        216,
        203,
        254,
        209,
        249,
        142,
        228,
        123,
        212,
        227,
        315,
        244,
        281,
        37,
        77,
        193,
        18,
        212,
        232],
    [   105,
        172,
        60,
        216,
        132,
        171,
        87,
        89,
        160,
        110,
        169,
        138,
        76,
        23,
        168,
        162,
        107,
        42,
        69,
        60,
        133,
        215,
        95,
        0,
        24,
        46,
        21,
        62,
        93,
        60,
        40,
        137,
        71,
        19,
        31,
        210,
        165,
        49,
        57,
        176,
        178,
        120,
        114,
        196,
        155,
        62,
        112,
        74,
        87,
        126,
        88,
        129,
        118,
        163,
        182,
        159,
        85,
        136,
        40,
        125,
        145,
        222,
        151,
        195,
        72,
        85,
        174,
        84,
        121,
        140],
    [   84,
        160,
        83,
        205,
        112,
        165,
        64,
        81,
        152,
        129,
        176,
        114,
        69,
        31,
        159,
        138,
        82,
        35,
        48,
        44,
        112,
        205,
        115,
        24,
        0,
        70,
        3,
        47,
        76,
        55,
        56,
        114,
        91,
        4,
        9,
        203,
        173,
        46,
        81,
        164,
        175,
        99,
        90,
        191,
        172,
        86,
        88,
        58,
        99,
        120,
        110,
        105,
        94,
        153,
        197,
        136,
        67,
        113,
        48,
        119,
        121,
        210,
        137,
        188,
        87,
        109,
        191,
        106,
        111,
        118],
    [   152,
        211,
        39,
        252,
        177,
        203,
        129,
        127,
        194,
        97,
        178,
        183,
        112,
        61,
        204,
        203,
        152,
        84,
        109,
        105,
        180,
        250,
        54,
        46,
        70,
        0,
        67,
        106,
        137,
        80,
        31,
        177,
        58,
        65,
        75,
        242,
        174,
        70,
        13,
        215,
        204,
        166,
        159,
        225,
        142,
        19,
        159,
        107,
        94,
        158,
        44,
        175,
        164,
        200,
        172,
        206,
        119,
        183,
        69,
        157,
        191,
        261,
        191,
        226,
        49,
        49,
        160,
        40,
        158,
        187],
    [   87,
        162,
        81,
        207,
        115,
        167,
        66,
        83,
        154,
        128,
        176,
        116,
        71,
        31,
        161,
        140,
        85,
        37,
        49,
        46,
        115,
        208,
        112,
        21,
        3,
        67,
        0,
        49,
        78,
        53,
        53,
        116,
        90,
        2,
        10,
        205,
        174,
        44,
        79,
        167,
        177,
        102,
        92,
        193,
        171,
        83,
        91,
        58,
        99,
        122,
        107,
        108,
        96,
        156,
        197,
        139,
        67,
        116,
        48,
        121,
        124,
        212,
        140,
        190,
        84,
        107,
        191,
        103,
        114,
        121],
    [   48,
        113,
        103,
        158,
        71,
        120,
        77,
        37,
        106,
        130,
        148,
        101,
        30,
        45,
        112,
        137,
        73,
        23,
        70,
        4,
        75,
        159,
        157,
        62,
        47,
        106,
        49,
        0,
        31,
        99,
        101,
        120,
        102,
        51,
        52,
        157,
        147,
        92,
        114,
        117,
        134,
        61,
        79,
        146,
        166,
        117,
        69,
        91,
        88,
        76,
        150,
        86,
        80,
        107,
        186,
        109,
        95,
        83,
        47,
        76,
        108,
        163,
        90,
        142,
        133,
        132,
        185,
        145,
        65,
        86],
    [   25,
        86,
        132,
        132,
        41,
        103,
        86,
        34,
        87,
        152,
        151,
        89,
        41,
        76,
        91,
        129,
        67,
        53,
        86,
        32,
        47,
        135,
        188,
        93,
        76,
        137,
        78,
        31,
        0,
        124,
        131,
        118,
        128,
        80,
        78,
        137,
        152,
        118,
        145,
        91,
        122,
        32,
        71,
        130,
        183,
        148,
        57,
        109,
        107,
        65,
        181,
        71,
        70,
        85,
        199,
        85,
        110,
        58,
        75,
        66,
        95,
        135,
        63,
        124,
        163,
        161,
        201,
        177,
        48,
        61],
    [   124,
        210,
        112,
        256,
        154,
        219,
        66,
        135,
        206,
        168,
        228,
        127,
        124,
        81,
        212,
        135,
        101,
        90,
        49,
        96,
        150,
        258,
        97,
        60,
        55,
        80,
        53,
        99,
        124,
        0,
        49,
        106,
        127,
        53,
        47,
        257,
        225,
        11,
        94,
        215,
        231,
        140,
        107,
        246,
        213,
        99,
        114,
        33,
        147,
        175,
        101,
        127,
        112,
        206,
        241,
        161,
        45,
        145,
        99,
        174,
        133,
        260,
        187,
        242,
        60,
        129,
        232,
        98,
        165,
        149],
    [   141,
        213,
        67,
        256,
        169,
        211,
        105,
        129,
        200,
        125,
        199,
        163,
        116,
        62,
        208,
        179,
        133,
        82,
        85,
        99,
        169,
        255,
        58,
        40,
        56,
        31,
        53,
        101,
        131,
        49,
        0,
        151,
        85,
        52,
        57,
        250,
        195,
        40,
        44,
        217,
        216,
        156,
        140,
        235,
        171,
        50,
        142,
        79,
        114,
        165,
        56,
        158,
        145,
        204,
        200,
        190,
        91,
        169,
        77,
        164,
        170,
        263,
        191,
        234,
        32,
        80,
        189,
        53,
        161,
        174],
    [   97,
        188,
        197,
        232,
        118,
        218,
        49,
        150,
        201,
        242,
        267,
        44,
        150,
        142,
        201,
        28,
        51,
        132,
        67,
        116,
        105,
        237,
        204,
        137,
        114,
        177,
        116,
        120,
        118,
        106,
        151,
        0,
        205,
        117,
        105,
        246,
        267,
        112,
        190,
        192,
        240,
        106,
        48,
        244,
        282,
        195,
        64,
        73,
        205,
        184,
        207,
        60,
        51,
        195,
        305,
        86,
        61,
        88,
        156,
        185,
        46,
        228,
        166,
        235,
        167,
        222,
        301,
        203,
        166,
        92],
    [   150,
        183,
        20,
        218,
        169,
        163,
        156,
        104,
        159,
        40,
        122,
        199,
        91,
        63,
        170,
        228,
        168,
        80,
        139,
        103,
        176,
        214,
        105,
        71,
        91,
        58,
        90,
        102,
        128,
        127,
        85,
        205,
        0,
        88,
        101,
        202,
        117,
        116,
        51,
        186,
        158,
        161,
        175,
        182,
        86,
        48,
        169,
        146,
        42,
        124,
        90,
        186,
        178,
        167,
        115,
        211,
        156,
        185,
        54,
        122,
        207,
        229,
        167,
        186,
        108,
        38,
        104,
        87,
        130,
        188],
    [   89,
        164,
        79,
        209,
        117,
        168,
        68,
        84,
        155,
        127,
        176,
        118,
        72,
        30,
        162,
        142,
        87,
        37,
        50,
        48,
        117,
        209,
        110,
        19,
        4,
        65,
        2,
        51,
        80,
        53,
        52,
        117,
        88,
        0,
        12,
        206,
        173,
        44,
        77,
        168,
        177,
        104,
        94,
        193,
        170,
        81,
        93,
        59,
        98,
        123,
        105,
        110,
        98,
        157,
        196,
        141,
        69,
        118,
        47,
        122,
        126,
        214,
        141,
        191,
        82,
        105,
        189,
        101,
        115,
        123],
    [   84,
        164,
        92,
        210,
        113,
        171,
        56,
        87,
        158,
        139,
        185,
        108,
        77,
        41,
        164,
        130,
        77,
        43,
        38,
        48,
        112,
        211,
        116,
        31,
        9,
        75,
        10,
        52,
        78,
        47,
        57,
        105,
        101,
        12,
        0,
        209,
        183,
        40,
        87,
        168,
        183,
        100,
        84,
        198,
        182,
        92,
        84,
        48,
        109,
        127,
        113,
        101,
        88,
        159,
        207,
        133,
        57,
        111,
        58,
        126,
        115,
        214,
        141,
        194,
        86,
        117,
        201,
        109,
        117,
        116],
    [   150,
        59,
        217,
        33,
        128,
        39,
        222,
        122,
        51,
        196,
        118,
        206,
        135,
        187,
        46,
        247,
        196,
        169,
        223,
        161,
        142,
        23,
        297,
        210,
        203,
        242,
        205,
        157,
        137,
        257,
        250,
        246,
        202,
        206,
        209,
        0,
        124,
        249,
        244,
        55,
        49,
        140,
        198,
        22,
        195,
        244,
        182,
        246,
        160,
        84,
        285,
        187,
        195,
        52,
        191,
        176,
        247,
        160,
        174,
        85,
        209,
        51,
        80,
        16,
        283,
        241,
        205,
        281,
        92,
        158],
    [   177,
        142,
        137,
        153,
        176,
        99,
        224,
        117,
        108,
        91,
        6,
        241,
        117,
        144,
        119,
        280,
        217,
        141,
        215,
        151,
        189,
        144,
        222,
        165,
        173,
        174,
        174,
        147,
        152,
        225,
        195,
        267,
        117,
        173,
        183,
        124,
        0,
        214,
        168,
        142,
        75,
        178,
        222,
        101,
        74,
        166,
        209,
        231,
        80,
        94,
        207,
        223,
        222,
        121,
        67,
        231,
        238,
        206,
        126,
        92,
        247,
        169,
        142,
        111,
        223,
        149,
        81,
        204,
        114,
        206],
    [   120,
        204,
        101,
        250,
        150,
        211,
        69,
        127,
        198,
        156,
        218,
        129,
        116,
        70,
        205,
        140,
        101,
        81,
        50,
        88,
        147,
        251,
        92,
        49,
        46,
        70,
        44,
        92,
        118,
        11,
        40,
        112,
        116,
        44,
        40,
        249,
        214,
        0,
        84,
        209,
        221,
        136,
        108,
        237,
        202,
        89,
        113,
        39,
        136,
        166,
        94,
        127,
        113,
        199,
        230,
        161,
        51,
        143,
        88,
        166,
        136,
        254,
        181,
        234,
        56,
        119,
        221,
        91,
        157,
        148],
    [   161,
        216,
        31,
        255,
        186,
        204,
        142,
        132,
        197,
        87,
        173,
        195,
        117,
        68,
        207,
        217,
        164,
        91,
        123,
        113,
        189,
        253,
        54,
        57,
        81,
        13,
        79,
        114,
        145,
        94,
        44,
        190,
        51,
        77,
        87,
        244,
        168,
        84,
        0,
        219,
        203,
        175,
        172,
        226,
        132,
        5,
        170,
        121,
        90,
        161,
        41,
        187,
        176,
        203,
        162,
        217,
        133,
        193,
        73,
        159,
        203,
        265,
        196,
        228,
        58,
        36,
        149,
        37,
        162,
        197],
    [   99,
        4,
        197,
        41,
        74,
        44,
        173,
        88,
        34,
        192,
        138,
        151,
        102,
        155,
        23,
        192,
        144,
        134,
        176,
        120,
        87,
        45,
        269,
        176,
        164,
        215,
        167,
        117,
        91,
        215,
        217,
        192,
        186,
        168,
        168,
        55,
        142,
        209,
        219,
        0,
        74,
        86,
        145,
        61,
        204,
        221,
        128,
        199,
        149,
        63,
        259,
        132,
        141,
        21,
        207,
        120,
        199,
        105,
        146,
        65,
        154,
        46,
        28,
        49,
        249,
        224,
        218,
        255,
        57,
        102],
    [   142,
        75,
        175,
        77,
        129,
        29,
        208,
        97,
        43,
        148,
        70,
        205,
        106,
        154,
        51,
        247,
        189,
        140,
        204,
        138,
        144,
        69,
        257,
        178,
        175,
        204,
        177,
        134,
        122,
        231,
        216,
        240,
        158,
        177,
        183,
        49,
        75,
        221,
        203,
        74,
        0,
        137,
        192,
        27,
        146,
        202,
        176,
        225,
        115,
        57,
        244,
        186,
        190,
        56,
        142,
        183,
        229,
        162,
        138,
        57,
        210,
        94,
        84,
        36,
        247,
        196,
        156,
        241,
        74,
        161],
    [   15,
        82,
        164,
        127,
        14,
        112,
        87,
        64,
        95,
        185,
        176,
        68,
        73,
        106,
        94,
        110,
        57,
        84,
        94,
        61,
        14,
        132,
        214,
        120,
        99,
        166,
        102,
        61,
        32,
        140,
        156,
        106,
        161,
        104,
        100,
        140,
        178,
        136,
        175,
        86,
        137,
        0,
        58,
        138,
        214,
        178,
        42,
        118,
        140,
        85,
        209,
        49,
        55,
        88,
        229,
        54,
        115,
        28,
        107,
        87,
        73,
        126,
        59,
        129,
        186,
        193,
        232,
        204,
        65,
        29],
    [   49,
        140,
        171,
        185,
        70,
        169,
        41,
        105,
        153,
        208,
        222,
        24,
        106,
        112,
        153,
        58,
        7,
        96,
        57,
        76,
        59,
        190,
        198,
        114,
        90,
        159,
        92,
        79,
        71,
        107,
        140,
        48,
        175,
        94,
        84,
        198,
        222,
        108,
        172,
        145,
        192,
        58,
        0,
        195,
        245,
        176,
        16,
        77,
        167,
        137,
        197,
        20,
        5,
        146,
        265,
        55,
        69,
        45,
        122,
        138,
        31,
        182,
        118,
        187,
        164,
        199,
        264,
        193,
        118,
        49],
    [   146,
        63,
        198,
        53,
        128,
        26,
        216,
        110,
        42,
        175,
        95,
        206,
        121,
        172,
        43,
        247,
        193,
        156,
        215,
        150,
        142,
        43,
        280,
        196,
        191,
        225,
        193,
        146,
        130,
        246,
        235,
        244,
        182,
        193,
        198,
        22,
        101,
        237,
        226,
        61,
        27,
        138,
        195,
        0,
        173,
        226,
        179,
        237,
        140,
        70,
        267,
        187,
        193,
        49,
        168,
        179,
        239,
        161,
        158,
        71,
        209,
        70,
        80,
        12,
        267,
        221,
        183,
        263,
        82,
        159],
    [   208,
        202,
        104,
        222,
        217,
        166,
        234,
        149,
        170,
        45,
        80,
        268,
        142,
        141,
        182,
        302,
        238,
        150,
        220,
        168,
        228,
        215,
        179,
        155,
        172,
        142,
        171,
        166,
        183,
        213,
        171,
        282,
        86,
        170,
        182,
        195,
        74,
        202,
        132,
        204,
        146,
        214,
        245,
        173,
        0,
        128,
        235,
        229,
        77,
        145,
        162,
        251,
        246,
        182,
        30,
        268,
        239,
        242,
        126,
        142,
        274,
        237,
        196,
        182,
        191,
        101,
        19,
        161,
        161,
        244],
    [   164,
        217,
        29,
        256,
        189,
        204,
        147,
        133,
        197,
        83,
        171,
        200,
        119,
        71,
        208,
        222,
        169,
        94,
        128,
        116,
        192,
        254,
        56,
        62,
        86,
        19,
        83,
        117,
        148,
        99,
        50,
        195,
        48,
        81,
        92,
        244,
        166,
        89,
        5,
        221,
        202,
        178,
        176,
        226,
        128,
        0,
        174,
        126,
        89,
        161,
        42,
        191,
        180,
        204,
        158,
        221,
        138,
        197,
        75,
        160,
        207,
        266,
        198,
        228,
        63,
        30,
        144,
        38,
        163,
        200],
    [   33,
        124,
        167,
        169,
        54,
        153,
        51,
        91,
        137,
        199,
        209,
        32,
        95,
        107,
        136,
        71,
        16,
        89,
        64,
        67,
        43,
        174,
        200,
        112,
        88,
        159,
        91,
        69,
        57,
        114,
        142,
        64,
        169,
        93,
        84,
        182,
        209,
        113,
        170,
        128,
        176,
        42,
        16,
        179,
        235,
        174,
        0,
        86,
        158,
        121,
        198,
        17,
        13,
        130,
        254,
        48,
        80,
        32,
        115,
        123,
        39,
        166,
        102,
        171,
        168,
        195,
        254,
        194,
        102,
        37],
    [   103,
        195,
        134,
        241,
        133,
        210,
        35,
        128,
        196,
        185,
        233,
        95,
        120,
        89,
        200,
        102,
        72,
        90,
        23,
        87,
        126,
        244,
        131,
        74,
        58,
        107,
        58,
        91,
        109,
        33,
        79,
        73,
        146,
        59,
        48,
        246,
        231,
        39,
        121,
        199,
        225,
        118,
        77,
        237,
        229,
        126,
        86,
        0,
        157,
        168,
        133,
        97,
        82,
        194,
        255,
        132,
        12,
        118,
        107,
        168,
        101,
        243,
        171,
        232,
        94,
        155,
        248,
        130,
        155,
        123],
    [   132,
        146,
        60,
        178,
        145,
        122,
        158,
        76,
        119,
        45,
        85,
        190,
        66,
        68,
        131,
        224,
        161,
        72,
        145,
        91,
        154,
        174,
        145,
        87,
        99,
        94,
        99,
        88,
        107,
        147,
        114,
        205,
        42,
        98,
        109,
        160,
        80,
        136,
        90,
        149,
        115,
        140,
        167,
        140,
        77,
        89,
        158,
        157,
        0,
        86,
        131,
        174,
        169,
        129,
        99,
        193,
        166,
        166,
        50,
        84,
        197,
        190,
        133,
        144,
        142,
        80,
        96,
        127,
        96,
        168],
    [   88,
        60,
        136,
        94,
        82,
        45,
        150,
        39,
        35,
        129,
        92,
        152,
        50,
        102,
        46,
        193,
        133,
        85,
        146,
        80,
        95,
        92,
        213,
        126,
        120,
        158,
        122,
        76,
        65,
        175,
        165,
        184,
        124,
        123,
        127,
        84,
        94,
        166,
        161,
        63,
        57,
        85,
        137,
        70,
        145,
        161,
        121,
        168,
        86,
        0,
        202,
        133,
        135,
        43,
        153,
        137,
        171,
        113,
        89,
        2,
        157,
        105,
        50,
        68,
        198,
        162,
        161,
        198,
        20,
        113],
    [   194,
        255,
        71,
        296,
        221,
        246,
        161,
        171,
        238,
        121,
        212,
        220,
        156,
        105,
        248,
        235,
        190,
        128,
        142,
        148,
        222,
        294,
        16,
        88,
        110,
        44,
        107,
        150,
        181,
        101,
        56,
        207,
        90,
        105,
        113,
        285,
        207,
        94,
        41,
        259,
        244,
        209,
        197,
        267,
        162,
        42,
        198,
        133,
        131,
        202,
        0,
        214,
        201,
        244,
        193,
        246,
        146,
        224,
        113,
        200,
        227,
        305,
        235,
        269,
        44,
        61,
        177,
        4,
        202,
        228],
    [   45,
        128,
        184,
        171,
        58,
        161,
        61,
        106,
        145,
        216,
        222,
        19,
        110,
        124,
        143,
        60,
        25,
        106,
        77,
        84,
        45,
        177,
        216,
        129,
        105,
        175,
        108,
        86,
        71,
        127,
        158,
        60,
        186,
        110,
        101,
        187,
        223,
        127,
        187,
        132,
        186,
        49,
        20,
        187,
        251,
        191,
        17,
        97,
        174,
        133,
        214,
        0,
        14,
        137,
        270,
        34,
        90,
        28,
        132,
        134,
        24,
        167,
        107,
        177,
        183,
        212,
        270,
        210,
        113,
        32],
    [   47,
        137,
        175,
        181,
        66,
        167,
        47,
        105,
        150,
        210,
        222,
        21,
        107,
        115,
        150,
        58,
        11,
        99,
        62,
        78,
        54,
        186,
        203,
        118,
        94,
        164,
        96,
        80,
        70,
        112,
        145,
        51,
        178,
        98,
        88,
        195,
        222,
        113,
        176,
        141,
        190,
        55,
        5,
        193,
        246,
        180,
        13,
        82,
        169,
        135,
        201,
        14,
        0,
        143,
        266,
        49,
        75,
        40,
        125,
        136,
        28,
        178,
        115,
        184,
        169,
        202,
        265,
        197,
        116,
        44],
    [   98,
        20,
        180,
        52,
        78,
        27,
        170,
        74,
        13,
        171,
        117,
        156,
        88,
        141,
        6,
        197,
        144,
        121,
        171,
        110,
        93,
        51,
        254,
        163,
        153,
        200,
        156,
        107,
        85,
        206,
        204,
        195,
        167,
        157,
        159,
        52,
        121,
        199,
        203,
        21,
        56,
        88,
        146,
        49,
        182,
        204,
        130,
        194,
        129,
        43,
        244,
        137,
        143,
        0,
        186,
        130,
        195,
        111,
        130,
        45,
        159,
        62,
        30,
        40,
        236,
        206,
        196,
        239,
        42,
        109],
    [   225,
        207,
        133,
        220,
        231,
        166,
        258,
        165,
        173,
        75,
        72,
        287,
        159,
        166,
        185,
        323,
        259,
        172,
        244,
        189,
        243,
        212,
        209,
        182,
        197,
        172,
        197,
        186,
        199,
        241,
        200,
        305,
        115,
        196,
        207,
        191,
        67,
        230,
        162,
        207,
        142,
        229,
        265,
        168,
        30,
        158,
        254,
        255,
        99,
        153,
        193,
        270,
        266,
        186,
        0,
        284,
        265,
        257,
        150,
        151,
        293,
        236,
        203,
        179,
        221,
        132,
        20,
        191,
        171,
        259],
    [   61,
        116,
        211,
        155,
        55,
        156,
        96,
        119,
        140,
        237,
        230,
        42,
        127,
        152,
        135,
        76,
        60,
        131,
        111,
        108,
        41,
        162,
        249,
        159,
        136,
        206,
        139,
        109,
        85,
        161,
        190,
        86,
        211,
        141,
        133,
        176,
        231,
        161,
        217,
        120,
        183,
        54,
        55,
        179,
        268,
        221,
        48,
        132,
        193,
        137,
        246,
        34,
        49,
        130,
        284,
        0,
        124,
        26,
        156,
        139,
        40,
        147,
        100,
        168,
        217,
        240,
        287,
        242,
        117,
        25],
    [   101,
        194,
        145,
        241,
        130,
        212,
        28,
        132,
        197,
        195,
        240,
        86,
        125,
        98,
        201,
        90,
        65,
        97,
        24,
        91,
        122,
        244,
        142,
        85,
        67,
        119,
        67,
        95,
        110,
        45,
        91,
        61,
        156,
        69,
        57,
        247,
        238,
        51,
        133,
        199,
        229,
        115,
        69,
        239,
        239,
        138,
        80,
        12,
        166,
        171,
        146,
        90,
        75,
        195,
        265,
        124,
        0,
        113,
        115,
        171,
        92,
        241,
        171,
        234,
        105,
        166,
        258,
        142,
        157,
        117],
    [   34,
        101,
        185,
        143,
        32,
        136,
        84,
        92,
        120,
        211,
        205,
        46,
        100,
        126,
        117,
        86,
        47,
        105,
        96,
        82,
        18,
        149,
        228,
        136,
        113,
        183,
        116,
        83,
        58,
        145,
        169,
        88,
        185,
        118,
        111,
        160,
        206,
        143,
        193,
        105,
        162,
        28,
        45,
        161,
        242,
        197,
        32,
        118,
        166,
        113,
        224,
        28,
        40,
        111,
        257,
        26,
        113,
        0,
        130,
        114,
        48,
        139,
        81,
        151,
        197,
        214,
        260,
        220,
        93,
        4],
    [   96,
        142,
        56,
        183,
        117,
        134,
        108,
        58,
        125,
        85,
        129,
        146,
        43,
        18,
        134,
        177,
        115,
        25,
        94,
        48,
        122,
        181,
        123,
        40,
        48,
        69,
        48,
        47,
        75,
        99,
        77,
        156,
        54,
        47,
        58,
        174,
        126,
        88,
        73,
        146,
        138,
        107,
        122,
        158,
        126,
        75,
        115,
        107,
        50,
        89,
        113,
        132,
        125,
        130,
        150,
        156,
        115,
        130,
        0,
        88,
        153,
        191,
        123,
        158,
        109,
        85,
        145,
        109,
        89,
        133],
    [   89,
        62,
        135,
        96,
        83,
        46,
        150,
        39,
        37,
        127,
        90,
        154,
        50,
        101,
        48,
        194,
        134,
        84,
        147,
        80,
        97,
        93,
        212,
        125,
        119,
        157,
        121,
        76,
        66,
        174,
        164,
        185,
        122,
        122,
        126,
        85,
        92,
        166,
        159,
        65,
        57,
        87,
        138,
        71,
        142,
        160,
        123,
        168,
        84,
        2,
        200,
        134,
        136,
        45,
        151,
        139,
        171,
        114,
        88,
        0,
        159,
        107,
        53,
        69,
        197,
        160,
        158,
        196,
        22,
        114],
    [   70,
        150,
        203,
        191,
        81,
        185,
        67,
        130,
        168,
        238,
        247,
        7,
        134,
        144,
        166,
        38,
        38,
        127,
        85,
        106,
        67,
        198,
        227,
        145,
        121,
        191,
        124,
        108,
        95,
        133,
        170,
        46,
        207,
        126,
        115,
        209,
        247,
        136,
        203,
        154,
        210,
        73,
        31,
        209,
        274,
        207,
        39,
        101,
        197,
        157,
        227,
        24,
        28,
        159,
        293,
        40,
        92,
        48,
        153,
        159,
        0,
        185,
        130,
        200,
        192,
        230,
        293,
        223,
        137,
        51],
    [   140,
        50,
        242,
        17,
        112,
        71,
        214,
        134,
        71,
        231,
        164,
        184,
        148,
        201,
        59,
        223,
        182,
        180,
        219,
        166,
        123,
        27,
        315,
        222,
        210,
        261,
        212,
        163,
        135,
        260,
        263,
        228,
        229,
        214,
        214,
        51,
        169,
        254,
        265,
        46,
        94,
        126,
        182,
        70,
        237,
        266,
        166,
        243,
        190,
        105,
        305,
        167,
        178,
        62,
        236,
        147,
        241,
        139,
        191,
        107,
        185,
        0,
        73,
        58,
        295,
        268,
        249,
        301,
        102,
        135],
    [   71,
        23,
        177,
        70,
        48,
        56,
        144,
        64,
        40,
        178,
        139,
        127,
        79,
        130,
        36,
        168,
        116,
        108,
        147,
        93,
        63,
        73,
        244,
        151,
        137,
        191,
        140,
        90,
        63,
        187,
        191,
        166,
        167,
        141,
        141,
        80,
        142,
        181,
        196,
        28,
        84,
        59,
        118,
        80,
        196,
        198,
        102,
        171,
        133,
        50,
        235,
        107,
        115,
        30,
        203,
        100,
        171,
        81,
        123,
        53,
        130,
        73,
        0,
        70,
        223,
        204,
        211,
        231,
        36,
        79],
    [   138,
        52,
        201,
        41,
        119,
        23,
        210,
        107,
        36,
        181,
        106,
        197,
        119,
        171,
        34,
        238,
        185,
        154,
        209,
        146,
        133,
        33,
        281,
        195,
        188,
        226,
        190,
        142,
        124,
        242,
        234,
        235,
        186,
        191,
        194,
        16,
        111,
        234,
        228,
        49,
        36,
        129,
        187,
        12,
        182,
        228,
        171,
        232,
        144,
        68,
        269,
        177,
        184,
        40,
        179,
        168,
        234,
        151,
        158,
        69,
        200,
        58,
        70,
        0,
        267,
        224,
        192,
        265,
        77,
        149],
    [   171,
        245,
        89,
        289,
        200,
        243,
        125,
        162,
        233,
        146,
        227,
        185,
        148,
        95,
        241,
        196,
        157,
        115,
        107,
        130,
        198,
        288,
        37,
        72,
        87,
        49,
        84,
        133,
        163,
        60,
        32,
        167,
        108,
        82,
        86,
        283,
        223,
        56,
        58,
        249,
        247,
        186,
        164,
        267,
        191,
        63,
        168,
        94,
        142,
        198,
        44,
        183,
        169,
        236,
        221,
        217,
        105,
        197,
        109,
        197,
        192,
        295,
        223,
        267,
        0,
        92,
        208,
        42,
        194,
        201],
    [   181,
        221,
        28,
        257,
        202,
        202,
        173,
        141,
        197,
        60,
        155,
        223,
        126,
        88,
        209,
        247,
        191,
        109,
        154,
        132,
        208,
        253,
        77,
        85,
        109,
        49,
        107,
        132,
        161,
        129,
        80,
        222,
        38,
        105,
        117,
        241,
        149,
        119,
        36,
        224,
        196,
        193,
        199,
        221,
        101,
        30,
        195,
        155,
        80,
        162,
        61,
        212,
        202,
        206,
        132,
        240,
        166,
        214,
        85,
        160,
        230,
        268,
        204,
        224,
        92,
        0,
        116,
        59,
        168,
        218],
    [   227,
        217,
        121,
        233,
        235,
        178,
        254,
        167,
        183,
        64,
        87,
        286,
        160,
        160,
        195,
        321,
        258,
        169,
        239,
        187,
        246,
        225,
        193,
        174,
        191,
        160,
        191,
        185,
        201,
        232,
        189,
        301,
        104,
        189,
        201,
        205,
        81,
        221,
        149,
        218,
        156,
        232,
        264,
        183,
        19,
        144,
        254,
        248,
        96,
        161,
        177,
        270,
        265,
        196,
        20,
        287,
        258,
        260,
        145,
        158,
        293,
        249,
        211,
        192,
        208,
        116,
        0,
        175,
        178,
        262],
    [   190,
        251,
        67,
        292,
        216,
        242,
        158,
        167,
        234,
        118,
        209,
        216,
        152,
        101,
        243,
        231,
        186,
        124,
        138,
        144,
        218,
        290,
        18,
        84,
        106,
        40,
        103,
        145,
        177,
        98,
        53,
        203,
        87,
        101,
        109,
        281,
        204,
        91,
        37,
        255,
        241,
        204,
        193,
        263,
        161,
        38,
        194,
        130,
        127,
        198,
        4,
        210,
        197,
        239,
        191,
        242,
        142,
        220,
        109,
        196,
        223,
        301,
        231,
        265,
        42,
        59,
        175,
        0,
        198,
        224],
    [   68,
        53,
        141,
        94,
        61,
        55,
        134,
        31,
        41,
        141,
        112,
        133,
        46,
        99,
        47,
        174,
        114,
        79,
        132,
        69,
        75,
        94,
        212,
        121,
        111,
        158,
        114,
        65,
        48,
        165,
        161,
        166,
        130,
        115,
        117,
        92,
        114,
        157,
        162,
        57,
        74,
        65,
        118,
        82,
        161,
        163,
        102,
        155,
        96,
        20,
        202,
        113,
        116,
        42,
        171,
        117,
        157,
        93,
        89,
        22,
        137,
        102,
        36,
        77,
        194,
        168,
        178,
        198,
        0,
        92],
    [   37,
        98,
        189,
        140,
        31,
        135,
        88,
        94,
        118,
        213,
        205,
        49,
        102,
        130,
        115,
        89,
        52,
        109,
        100,
        85,
        17,
        146,
        232,
        140,
        118,
        187,
        121,
        86,
        61,
        149,
        174,
        92,
        188,
        123,
        116,
        158,
        206,
        148,
        197,
        102,
        161,
        29,
        49,
        159,
        244,
        200,
        37,
        123,
        168,
        113,
        228,
        32,
        44,
        109,
        259,
        25,
        117,
        4,
        133,
        114,
        51,
        135,
        79,
        149,
        201,
        218,
        262,
        224,
        92,
        0]]
;
task=[   489,
    185,
    12,
    115,
    306,
    157,
    24,
    430,
    295,
    123,
    123,
    100,
    398,
    225,
    44,
    342,
    206,
    26,
    598,
    249,
    53,
    195,
    266,
    109,
    339,
    228,
    513,
    71,
    370,
    384,
    324,
    55,
    75,
    345,
    421,
    188,
    23,
    267,
    231,
    108,
    237,
    252,
    255,
    195,
    80,
    54,
    73,
    355,
    43,
    151,
    392,
    226,
    171,
    107,
    76,
    237,
    0,
    113,
    250,
    339,
    426,
    186,
    359,
    187,
    251,
    161,
    36,
    340,
    345,
    480]
;
minW=[   61,
    26,
    82,
    93,
    89,
    162,
    20,
    83,
    78,
    169,
    92,
    68,
    122,
    31,
    21,
    34,
    49,
    57,
    4,
    13,
    86,
    66,
    65,
    50,
    16,
    88,
    43,
    90,
    23,
    14,
    79,
    7,
    13,
    53,
    53,
    153,
    63,
    35,
    115,
    84,
    9,
    74,
    20,
    73,
    52,
    60,
    6,
    4,
    27,
    54,
    135,
    33,
    23,
    62,
    184,
    10,
    0,
    46,
    110,
    34,
    87,
    186,
    139,
    162,
    79,
    112,
    23,
    107,
    8,
    58]
;
maxW=[   522,
    715,
    192,
    496,
    282,
    335,
    215,
    181,
    406,
    699,
    641,
    466,
    254,
    456,
    593,
    463,
    221,
    215,
    112,
    355,
    506,
    630,
    146,
    238,
    481,
    528,
    340,
    523,
    182,
    362,
    187,
    584,
    564,
    487,
    667,
    639,
    479,
    617,
    551,
    610,
    422,
    568,
    471,
    532,
    418,
    418,
    414,
    56,
    181,
    172,
    285,
    627,
    253,
    362,
    670,
    533,
    720,
    637,
    482,
    671,
    619,
    712,
    701,
    370,
    612,
    625,
    635,
    454,
    423,
    442]
;