// Generated by InstanceGenerator.py v0.1
// Juan Francisco Martinez Vera
// AMMM - MIRI, FIB UPC
//
// RAND_SEED=1484822401

bigM=100000;

nLocations=50;
startLocation=12;
distances=[   [   0,
        370,
        239,
        342,
        250,
        175,
        180,
        295,
        82,
        311,
        198,
        109,
        185,
        221,
        213,
        78,
        88,
        287,
        169,
        338,
        192,
        277,
        129,
        74,
        222,
        47,
        322,
        270,
        266,
        198,
        49,
        357,
        318,
        284,
        55,
        159,
        83,
        86,
        408,
        333,
        233,
        122,
        180,
        160,
        330,
        170,
        375,
        404,
        295,
        303],
    [   370,
        0,
        354,
        182,
        404,
        456,
        430,
        203,
        371,
        176,
        222,
        298,
        189,
        347,
        548,
        423,
        283,
        130,
        211,
        444,
        366,
        532,
        440,
        438,
        238,
        398,
        471,
        295,
        193,
        409,
        367,
        182,
        469,
        411,
        395,
        330,
        315,
        297,
        404,
        103,
        462,
        479,
        358,
        384,
        377,
        211,
        46,
        46,
        81,
        410],
    [   239,
        354,
        0,
        212,
        49,
        414,
        120,
        165,
        162,
        195,
        330,
        148,
        265,
        422,
        263,
        211,
        204,
        224,
        190,
        111,
        406,
        190,
        178,
        247,
        117,
        285,
        121,
        73,
        163,
        425,
        282,
        225,
        118,
        62,
        204,
        80,
        165,
        261,
        170,
        262,
        468,
        345,
        61,
        386,
        92,
        187,
        329,
        400,
        320,
        72],
    [   342,
        182,
        212,
        0,
        260,
        486,
        318,
        51,
        302,
        31,
        296,
        236,
        228,
        425,
        458,
        362,
        259,
        83,
        183,
        278,
        428,
        402,
        355,
        390,
        126,
        385,
        312,
        139,
        75,
        464,
        363,
        15,
        311,
        256,
        340,
        226,
        262,
        304,
        222,
        80,
        517,
        464,
        242,
        429,
        205,
        181,
        142,
        226,
        197,
        249],
    [   250,
        404,
        49,
        260,
        0,
        425,
        95,
        214,
        168,
        244,
        366,
        175,
        305,
        449,
        232,
        207,
        232,
        274,
        232,
        88,
        429,
        143,
        163,
        243,
        165,
        293,
        79,
        120,
        213,
        444,
        296,
        273,
        76,
        36,
        206,
        105,
        187,
        287,
        181,
        312,
        483,
        345,
        73,
        405,
        105,
        229,
        379,
        449,
        367,
        57],
    [   175,
        456,
        414,
        486,
        425,
        0,
        348,
        446,
        256,
        454,
        235,
        275,
        274,
        146,
        327,
        229,
        231,
        415,
        302,
        513,
        109,
        430,
        285,
        198,
        381,
        131,
        495,
        440,
        414,
        73,
        133,
        500,
        491,
        460,
        220,
        334,
        252,
        181,
        582,
        455,
        68,
        114,
        356,
        75,
        505,
        305,
        477,
        477,
        374,
        479],
    [   180,
        430,
        120,
        318,
        95,
        348,
        0,
        268,
        102,
        295,
        339,
        147,
        292,
        397,
        144,
        121,
        196,
        308,
        229,
        177,
        372,
        109,
        70,
        155,
        200,
        218,
        149,
        189,
        255,
        378,
        229,
        333,
        144,
        130,
        128,
        100,
        145,
        240,
        277,
        352,
        411,
        257,
        76,
        341,
        200,
        227,
        415,
        473,
        377,
        152],
    [   295,
        203,
        165,
        51,
        214,
        446,
        268,
        0,
        252,
        29,
        273,
        188,
        201,
        397,
        407,
        311,
        216,
        78,
        145,
        242,
        396,
        355,
        304,
        340,
        76,
        339,
        272,
        96,
        33,
        429,
        320,
        66,
        271,
        215,
        290,
        175,
        214,
        265,
        208,
        101,
        481,
        418,
        191,
        393,
        173,
        142,
        170,
        249,
        197,
        210],
    [   82,
        371,
        162,
        302,
        168,
        256,
        102,
        252,
        0,
        273,
        244,
        73,
        207,
        295,
        178,
        59,
        103,
        265,
        160,
        256,
        270,
        206,
        72,
        90,
        175,
        125,
        240,
        205,
        228,
        279,
        130,
        317,
        236,
        203,
        42,
        88,
        56,
        140,
        333,
        312,
        315,
        184,
        101,
        241,
        254,
        159,
        366,
        411,
        306,
        223],
    [   311,
        176,
        195,
        31,
        244,
        454,
        295,
        29,
        273,
        0,
        268,
        206,
        199,
        396,
        433,
        333,
        228,
        59,
        152,
        271,
        398,
        384,
        329,
        360,
        99,
        353,
        302,
        126,
        45,
        433,
        331,
        46,
        301,
        245,
        310,
        201,
        232,
        273,
        230,
        73,
        485,
        433,
        219,
        398,
        201,
        149,
        141,
        221,
        178,
        240],
    [   198,
        222,
        330,
        296,
        366,
        235,
        339,
        273,
        244,
        268,
        0,
        195,
        71,
        131,
        410,
        273,
        143,
        214,
        143,
        442,
        144,
        448,
        314,
        272,
        237,
        207,
        446,
        314,
        241,
        186,
        173,
        307,
        442,
        392,
        245,
        262,
        193,
        112,
        462,
        242,
        240,
        278,
        295,
        162,
        400,
        147,
        249,
        241,
        141,
        403],
    [   109,
        298,
        148,
        236,
        175,
        275,
        147,
        188,
        73,
        206,
        195,
        0,
        144,
        275,
        250,
        129,
        57,
        193,
        87,
        258,
        258,
        257,
        142,
        154,
        113,
        155,
        255,
        164,
        161,
        279,
        142,
        252,
        251,
        205,
        105,
        70,
        26,
        113,
        308,
        239,
        323,
        230,
        102,
        239,
        234,
        86,
        292,
        338,
        235,
        220],
    [   185,
        189,
        265,
        228,
        305,
        274,
        292,
        201,
        207,
        199,
        71,
        144,
        0,
        197,
        383,
        248,
        106,
        148,
        75,
        376,
        201,
        401,
        279,
        257,
        166,
        209,
        384,
        243,
        169,
        239,
        177,
        240,
        381,
        328,
        220,
        204,
        151,
        107,
        391,
        182,
        293,
        289,
        238,
        208,
        331,
        78,
        204,
        220,
        110,
        337],
    [   221,
        347,
        422,
        425,
        449,
        146,
        397,
        397,
        295,
        396,
        131,
        275,
        197,
        0,
        424,
        297,
        218,
        344,
        256,
        533,
        38,
        498,
        351,
        280,
        350,
        199,
        527,
        423,
        364,
        76,
        174,
        437,
        523,
        480,
        276,
        345,
        262,
        162,
        573,
        374,
        121,
        237,
        375,
        80,
        504,
        260,
        378,
        358,
        268,
        495],
    [   213,
        548,
        263,
        458,
        232,
        327,
        144,
        407,
        178,
        433,
        410,
        250,
        383,
        424,
        0,
        137,
        277,
        437,
        338,
        298,
        391,
        135,
        108,
        144,
        334,
        225,
        257,
        333,
        390,
        381,
        253,
        473,
        253,
        262,
        165,
        232,
        235,
        298,
        411,
        482,
        395,
        213,
        217,
        351,
        338,
        337,
        541,
        589,
        485,
        284],
    [   78,
        423,
        211,
        362,
        207,
        229,
        121,
        311,
        59,
        333,
        273,
        129,
        248,
        297,
        137,
        0,
        143,
        323,
        212,
        294,
        267,
        204,
        56,
        36,
        235,
        103,
        270,
        262,
        287,
        266,
        123,
        377,
        265,
        243,
        28,
        145,
        108,
        161,
        382,
        369,
        293,
        137,
        151,
        231,
        303,
        212,
        421,
        461,
        354,
        264],
    [   88,
        283,
        204,
        259,
        232,
        231,
        196,
        216,
        103,
        228,
        143,
        57,
        106,
        218,
        277,
        143,
        0,
        200,
        80,
        314,
        203,
        304,
        174,
        155,
        149,
        126,
        311,
        212,
        185,
        226,
        103,
        274,
        308,
        262,
        114,
        127,
        50,
        57,
        360,
        244,
        273,
        207,
        158,
        187,
        288,
        82,
        287,
        319,
        211,
        276],
    [   287,
        130,
        224,
        83,
        274,
        415,
        308,
        78,
        265,
        59,
        214,
        193,
        148,
        344,
        437,
        323,
        200,
        0,
        119,
        315,
        350,
        406,
        329,
        346,
        110,
        326,
        340,
        165,
        62,
        387,
        300,
        93,
        338,
        281,
        297,
        208,
        216,
        236,
        286,
        46,
        440,
        407,
        233,
        354,
        250,
        118,
        107,
        176,
        119,
        280],
    [   169,
        211,
        190,
        183,
        232,
        302,
        229,
        145,
        160,
        152,
        143,
        87,
        75,
        256,
        338,
        212,
        80,
        119,
        0,
        301,
        252,
        337,
        230,
        231,
        94,
        206,
        310,
        170,
        112,
        284,
        181,
        197,
        307,
        253,
        185,
        134,
        104,
        121,
        319,
        164,
        335,
        288,
        167,
        247,
        257,
        3,
        209,
        251,
        149,
        262],
    [   338,
        444,
        111,
        278,
        88,
        513,
        177,
        242,
        256,
        271,
        442,
        258,
        376,
        533,
        298,
        294,
        314,
        315,
        301,
        0,
        515,
        180,
        247,
        330,
        218,
        382,
        47,
        149,
        252,
        531,
        384,
        287,
        49,
        53,
        295,
        188,
        272,
        371,
        120,
        344,
        571,
        432,
        159,
        492,
        74,
        298,
        413,
        490,
        422,
        39],
    [   192,
        366,
        406,
        428,
        429,
        109,
        372,
        396,
        270,
        398,
        144,
        258,
        201,
        38,
        391,
        267,
        203,
        350,
        252,
        515,
        0,
        469,
        321,
        247,
        343,
        166,
        507,
        413,
        363,
        43,
        144,
        441,
        503,
        462,
        247,
        327,
        242,
        145,
        562,
        383,
        96,
        199,
        356,
        42,
        491,
        255,
        393,
        381,
        285,
        478],
    [   277,
        532,
        190,
        402,
        143,
        430,
        109,
        355,
        206,
        384,
        448,
        257,
        401,
        498,
        135,
        204,
        304,
        406,
        337,
        180,
        469,
        0,
        148,
        231,
        296,
        307,
        134,
        263,
        348,
        470,
        325,
        415,
        130,
        160,
        222,
        204,
        254,
        346,
        299,
        447,
        496,
        325,
        174,
        435,
        237,
        335,
        513,
        577,
        484,
        178],
    [   129,
        440,
        178,
        355,
        163,
        285,
        70,
        304,
        72,
        329,
        314,
        142,
        279,
        351,
        108,
        56,
        174,
        329,
        230,
        247,
        321,
        148,
        0,
        88,
        229,
        159,
        218,
        239,
        285,
        322,
        177,
        370,
        214,
        199,
        74,
        128,
        128,
        205,
        343,
        375,
        350,
        189,
        122,
        287,
        265,
        229,
        432,
        481,
        378,
        221],
    [   74,
        438,
        247,
        390,
        243,
        198,
        155,
        340,
        90,
        360,
        272,
        154,
        257,
        280,
        144,
        36,
        155,
        346,
        231,
        330,
        247,
        231,
        88,
        0,
        264,
        81,
        305,
        296,
        314,
        242,
        108,
        405,
        300,
        279,
        49,
        178,
        129,
        160,
        418,
        392,
        265,
        102,
        186,
        209,
        338,
        231,
        440,
        475,
        366,
        301],
    [   222,
        238,
        117,
        126,
        165,
        381,
        200,
        76,
        175,
        99,
        237,
        113,
        166,
        350,
        334,
        235,
        149,
        110,
        94,
        218,
        343,
        296,
        229,
        264,
        0,
        267,
        237,
        77,
        55,
        372,
        250,
        142,
        234,
        177,
        214,
        102,
        139,
        203,
        225,
        152,
        421,
        344,
        124,
        334,
        165,
        91,
        217,
        284,
        204,
        181],
    [   47,
        398,
        285,
        385,
        293,
        131,
        218,
        339,
        125,
        353,
        207,
        155,
        209,
        199,
        225,
        103,
        126,
        326,
        206,
        382,
        166,
        307,
        159,
        81,
        267,
        0,
        364,
        317,
        309,
        163,
        34,
        399,
        359,
        329,
        89,
        206,
        129,
        102,
        454,
        370,
        192,
        81,
        226,
        129,
        377,
        208,
        408,
        430,
        320,
        348],
    [   322,
        471,
        121,
        312,
        79,
        495,
        149,
        272,
        240,
        302,
        446,
        255,
        384,
        527,
        257,
        270,
        311,
        340,
        310,
        47,
        507,
        134,
        218,
        305,
        237,
        364,
        0,
        176,
        277,
        519,
        370,
        322,
        4,
        59,
        274,
        185,
        265,
        365,
        167,
        373,
        555,
        407,
        152,
        480,
        116,
        307,
        442,
        517,
        441,
        63],
    [   270,
        295,
        73,
        139,
        120,
        440,
        189,
        96,
        205,
        126,
        314,
        164,
        243,
        423,
        333,
        262,
        212,
        165,
        170,
        149,
        413,
        263,
        239,
        296,
        77,
        317,
        176,
        0,
        103,
        439,
        307,
        152,
        175,
        118,
        248,
        117,
        188,
        270,
        149,
        197,
        486,
        387,
        117,
        400,
        89,
        167,
        265,
        341,
        274,
        115],
    [   266,
        193,
        163,
        75,
        213,
        414,
        255,
        33,
        228,
        45,
        241,
        161,
        169,
        364,
        390,
        287,
        185,
        62,
        112,
        252,
        363,
        348,
        285,
        314,
        55,
        309,
        277,
        103,
        0,
        396,
        288,
        90,
        276,
        218,
        265,
        158,
        186,
        232,
        232,
        99,
        448,
        388,
        178,
        360,
        188,
        109,
        166,
        239,
        174,
        217],
    [   198,
        409,
        425,
        464,
        444,
        73,
        378,
        429,
        279,
        433,
        186,
        279,
        239,
        76,
        381,
        266,
        226,
        387,
        284,
        531,
        43,
        470,
        322,
        242,
        372,
        163,
        519,
        439,
        396,
        0,
        149,
        477,
        515,
        478,
        250,
        345,
        260,
        169,
        586,
        422,
        53,
        177,
        371,
        39,
        513,
        287,
        435,
        424,
        328,
        495],
    [   49,
        367,
        282,
        363,
        296,
        133,
        229,
        320,
        130,
        331,
        173,
        142,
        177,
        174,
        253,
        123,
        103,
        300,
        181,
        384,
        144,
        325,
        177,
        108,
        250,
        34,
        370,
        307,
        288,
        149,
        0,
        377,
        366,
        331,
        103,
        202,
        119,
        70,
        449,
        343,
        186,
        111,
        225,
        111,
        372,
        183,
        378,
        397,
        288,
        349],
    [   357,
        182,
        225,
        15,
        273,
        500,
        333,
        66,
        317,
        46,
        307,
        252,
        240,
        437,
        473,
        377,
        274,
        93,
        197,
        287,
        441,
        415,
        370,
        405,
        142,
        399,
        322,
        152,
        90,
        477,
        377,
        0,
        322,
        268,
        355,
        241,
        277,
        318,
        225,
        82,
        529,
        479,
        256,
        442,
        213,
        195,
        139,
        223,
        203,
        259],
    [   318,
        469,
        118,
        311,
        76,
        491,
        144,
        271,
        236,
        301,
        442,
        251,
        381,
        523,
        253,
        265,
        308,
        338,
        307,
        49,
        503,
        130,
        214,
        300,
        234,
        359,
        4,
        175,
        276,
        515,
        366,
        322,
        0,
        57,
        270,
        181,
        261,
        362,
        170,
        372,
        551,
        402,
        149,
        476,
        117,
        304,
        441,
        515,
        439,
        62],
    [   284,
        411,
        62,
        256,
        36,
        460,
        130,
        215,
        203,
        245,
        392,
        205,
        328,
        480,
        262,
        243,
        262,
        281,
        253,
        53,
        462,
        160,
        199,
        279,
        177,
        329,
        59,
        118,
        218,
        478,
        331,
        268,
        57,
        0,
        242,
        135,
        219,
        318,
        149,
        315,
        517,
        381,
        106,
        438,
        77,
        250,
        384,
        458,
        382,
        22],
    [   55,
        395,
        204,
        340,
        206,
        220,
        128,
        290,
        42,
        310,
        245,
        105,
        220,
        276,
        165,
        28,
        114,
        297,
        185,
        295,
        247,
        222,
        74,
        49,
        214,
        89,
        274,
        248,
        265,
        250,
        103,
        355,
        270,
        242,
        0,
        131,
        81,
        133,
        375,
        344,
        282,
        141,
        143,
        214,
        296,
        185,
        394,
        433,
        325,
        263],
    [   159,
        330,
        80,
        226,
        105,
        334,
        100,
        175,
        88,
        201,
        262,
        70,
        204,
        345,
        232,
        145,
        127,
        208,
        134,
        188,
        327,
        204,
        128,
        178,
        102,
        206,
        185,
        117,
        158,
        345,
        202,
        241,
        181,
        135,
        131,
        0,
        85,
        183,
        248,
        253,
        387,
        271,
        33,
        306,
        170,
        132,
        315,
        374,
        280,
        150],
    [   83,
        315,
        165,
        262,
        187,
        252,
        145,
        214,
        56,
        232,
        193,
        26,
        151,
        262,
        235,
        108,
        50,
        216,
        104,
        272,
        242,
        254,
        128,
        129,
        139,
        129,
        265,
        188,
        186,
        260,
        119,
        277,
        261,
        219,
        81,
        85,
        0,
        100,
        330,
        262,
        302,
        204,
        113,
        220,
        254,
        104,
        313,
        355,
        249,
        235],
    [   86,
        297,
        261,
        304,
        287,
        181,
        240,
        265,
        140,
        273,
        112,
        113,
        107,
        162,
        298,
        161,
        57,
        236,
        121,
        371,
        145,
        346,
        205,
        160,
        203,
        102,
        365,
        270,
        232,
        169,
        70,
        318,
        362,
        318,
        133,
        183,
        100,
        0,
        418,
        277,
        218,
        182,
        213,
        130,
        346,
        123,
        309,
        327,
        218,
        333],
    [   408,
        404,
        170,
        222,
        181,
        582,
        277,
        208,
        333,
        230,
        462,
        308,
        391,
        573,
        411,
        382,
        360,
        286,
        319,
        120,
        562,
        299,
        343,
        418,
        225,
        454,
        167,
        149,
        232,
        586,
        449,
        225,
        170,
        149,
        375,
        248,
        330,
        418,
        0,
        300,
        632,
        516,
        232,
        547,
        79,
        316,
        364,
        448,
        405,
        127],
    [   333,
        103,
        262,
        80,
        312,
        455,
        352,
        101,
        312,
        73,
        242,
        239,
        182,
        374,
        482,
        369,
        244,
        46,
        164,
        344,
        383,
        447,
        375,
        392,
        152,
        370,
        373,
        197,
        99,
        422,
        343,
        82,
        372,
        315,
        344,
        253,
        262,
        277,
        300,
        0,
        476,
        452,
        276,
        390,
        275,
        163,
        68,
        148,
        123,
        312],
    [   233,
        462,
        468,
        517,
        483,
        68,
        411,
        481,
        315,
        485,
        240,
        323,
        293,
        121,
        395,
        293,
        273,
        440,
        335,
        571,
        96,
        496,
        350,
        265,
        421,
        192,
        555,
        486,
        448,
        53,
        186,
        529,
        551,
        517,
        282,
        387,
        302,
        218,
        632,
        476,
        0,
        183,
        412,
        88,
        557,
        338,
        489,
        477,
        381,
        535],
    [   122,
        479,
        345,
        464,
        345,
        114,
        257,
        418,
        184,
        433,
        278,
        230,
        289,
        237,
        213,
        137,
        207,
        407,
        288,
        432,
        199,
        325,
        189,
        102,
        344,
        81,
        407,
        387,
        388,
        177,
        111,
        479,
        402,
        381,
        141,
        271,
        204,
        182,
        516,
        452,
        183,
        0,
        284,
        157,
        437,
        289,
        490,
        509,
        399,
        402],
    [   180,
        358,
        61,
        242,
        73,
        356,
        76,
        191,
        101,
        219,
        295,
        102,
        238,
        375,
        217,
        151,
        158,
        233,
        167,
        159,
        356,
        174,
        122,
        186,
        124,
        226,
        152,
        117,
        178,
        371,
        225,
        256,
        149,
        106,
        143,
        33,
        113,
        213,
        232,
        276,
        412,
        284,
        0,
        332,
        153,
        165,
        340,
        403,
        311,
        123],
    [   160,
        384,
        386,
        429,
        405,
        75,
        341,
        393,
        241,
        398,
        162,
        239,
        208,
        80,
        351,
        231,
        187,
        354,
        247,
        492,
        42,
        435,
        287,
        209,
        334,
        129,
        480,
        400,
        360,
        39,
        111,
        442,
        476,
        438,
        214,
        306,
        220,
        130,
        547,
        390,
        88,
        157,
        332,
        0,
        473,
        250,
        408,
        403,
        302,
        456],
    [   330,
        377,
        92,
        205,
        105,
        505,
        200,
        173,
        254,
        201,
        400,
        234,
        331,
        504,
        338,
        303,
        288,
        250,
        257,
        74,
        491,
        237,
        265,
        338,
        165,
        377,
        116,
        89,
        188,
        513,
        372,
        213,
        117,
        77,
        296,
        170,
        254,
        346,
        79,
        275,
        557,
        437,
        153,
        473,
        0,
        253,
        343,
        423,
        362,
        58],
    [   170,
        211,
        187,
        181,
        229,
        305,
        227,
        142,
        159,
        149,
        147,
        86,
        78,
        260,
        337,
        212,
        82,
        118,
        3,
        298,
        255,
        335,
        229,
        231,
        91,
        208,
        307,
        167,
        109,
        287,
        183,
        195,
        304,
        250,
        185,
        132,
        104,
        123,
        316,
        163,
        338,
        289,
        165,
        250,
        253,
        0,
        209,
        252,
        150,
        259],
    [   375,
        46,
        329,
        142,
        379,
        477,
        415,
        170,
        366,
        141,
        249,
        292,
        204,
        378,
        541,
        421,
        287,
        107,
        209,
        413,
        393,
        513,
        432,
        440,
        217,
        408,
        442,
        265,
        166,
        435,
        378,
        139,
        441,
        384,
        394,
        315,
        313,
        309,
        364,
        68,
        489,
        490,
        340,
        408,
        343,
        209,
        0,
        84,
        109,
        380],
    [   404,
        46,
        400,
        226,
        449,
        477,
        473,
        249,
        411,
        221,
        241,
        338,
        220,
        358,
        589,
        461,
        319,
        176,
        251,
        490,
        381,
        577,
        481,
        475,
        284,
        430,
        517,
        341,
        239,
        424,
        397,
        223,
        515,
        458,
        433,
        374,
        355,
        327,
        448,
        148,
        477,
        509,
        403,
        403,
        423,
        252,
        84,
        0,
        109,
        456],
    [   295,
        81,
        320,
        197,
        367,
        374,
        377,
        197,
        306,
        178,
        141,
        235,
        110,
        268,
        485,
        354,
        211,
        119,
        149,
        422,
        285,
        484,
        378,
        366,
        204,
        320,
        441,
        274,
        174,
        328,
        288,
        203,
        439,
        382,
        325,
        280,
        249,
        218,
        405,
        123,
        381,
        399,
        311,
        302,
        362,
        150,
        109,
        109,
        0,
        385],
    [   303,
        410,
        72,
        249,
        57,
        479,
        152,
        210,
        223,
        240,
        403,
        220,
        337,
        495,
        284,
        264,
        276,
        280,
        262,
        39,
        478,
        178,
        221,
        301,
        181,
        348,
        63,
        115,
        217,
        495,
        349,
        259,
        62,
        22,
        263,
        150,
        235,
        333,
        127,
        312,
        535,
        402,
        123,
        456,
        58,
        259,
        380,
        456,
        385,
        0]]
;
task=[   472,
    68,
    24,
    124,
    78,
    49,
    44,
    298,
    219,
    141,
    65,
    0,
    287,
    67,
    1,
    275,
    234,
    147,
    447,
    104,
    68,
    27,
    303,
    394,
    447,
    302,
    7,
    179,
    352,
    58,
    42,
    63,
    109,
    229,
    468,
    340,
    137,
    176,
    102,
    49,
    20,
    70,
    408,
    155,
    54,
    214,
    14,
    19,
    78,
    132]
;
minW=[   94,
    268,
    114,
    168,
    78,
    127,
    145,
    65,
    55,
    32,
    7,
    0,
    83,
    81,
    88,
    34,
    24,
    95,
    3,
    71,
    89,
    19,
    73,
    85,
    99,
    81,
    171,
    37,
    81,
    270,
    57,
    193,
    94,
    92,
    75,
    55,
    3,
    20,
    216,
    1,
    292,
    206,
    79,
    116,
    107,
    14,
    149,
    235,
    83,
    70]
;
maxW=[   618,
    477,
    562,
    336,
    404,
    321,
    178,
    483,
    138,
    588,
    660,
    720,
    483,
    406,
    338,
    243,
    456,
    413,
    453,
    395,
    637,
    289,
    515,
    480,
    642,
    272,
    662,
    412,
    189,
    484,
    642,
    367,
    559,
    640,
    355,
    595,
    443,
    525,
    552,
    315,
    539,
    311,
    564,
    569,
    698,
    409,
    665,
    548,
    410,
    685]
;