// Generated by InstanceGenerator.py v0.1
// Juan Francisco Martinez Vera
// AMMM - MIRI, FIB UPC
//
// RAND_SEED=1484822403

bigM=100000;

nLocations=60;
startLocation=35;
distances=[   [   0,
        277,
        310,
        214,
        367,
        45,
        332,
        204,
        220,
        45,
        233,
        171,
        145,
        194,
        413,
        103,
        183,
        253,
        172,
        90,
        226,
        267,
        175,
        246,
        101,
        177,
        126,
        132,
        144,
        473,
        133,
        430,
        96,
        243,
        167,
        426,
        178,
        416,
        27,
        295,
        133,
        322,
        158,
        341,
        192,
        343,
        152,
        385,
        377,
        291,
        216,
        400,
        93,
        69,
        340,
        368,
        263,
        54,
        200,
        40],
    [   277,
        0,
        273,
        325,
        357,
        247,
        395,
        72,
        58,
        321,
        145,
        363,
        405,
        471,
        373,
        277,
        119,
        196,
        110,
        237,
        52,
        105,
        269,
        358,
        176,
        240,
        246,
        171,
        363,
        297,
        360,
        467,
        222,
        331,
        219,
        257,
        370,
        204,
        292,
        51,
        227,
        107,
        252,
        388,
        247,
        235,
        409,
        290,
        289,
        195,
        362,
        271,
        349,
        214,
        187,
        243,
        453,
        282,
        398,
        311],
    [   310,
        273,
        0,
        153,
        84,
        321,
        142,
        255,
        269,
        326,
        133,
        241,
        344,
        433,
        110,
        219,
        195,
        81,
        281,
        351,
        253,
        168,
        146,
        161,
        263,
        133,
        185,
        321,
        269,
        206,
        276,
        195,
        342,
        131,
        142,
        169,
        243,
        211,
        338,
        233,
        177,
        197,
        156,
        128,
        120,
        76,
        339,
        84,
        74,
        80,
        195,
        117,
        402,
        302,
        124,
        99,
        284,
        356,
        261,
        348],
    [   214,
        325,
        153,
        0,
        172,
        244,
        117,
        274,
        293,
        212,
        190,
        90,
        199,
        288,
        223,
        111,
        209,
        159,
        277,
        287,
        284,
        243,
        59,
        36,
        222,
        85,
        103,
        286,
        123,
        358,
        132,
        215,
        284,
        30,
        107,
        318,
        91,
        346,
        240,
        307,
        114,
        296,
        79,
        129,
        78,
        222,
        192,
        236,
        226,
        194,
        44,
        270,
        295,
        240,
        253,
        247,
        139,
        268,
        108,
        243],
    [   367,
        357,
        84,
        172,
        0,
        386,
        96,
        338,
        353,
        375,
        217,
        260,
        371,
        459,
        52,
        267,
        276,
        164,
        362,
        421,
        337,
        252,
        192,
        162,
        336,
        192,
        241,
        397,
        295,
        238,
        305,
        114,
        413,
        142,
        207,
        214,
        260,
        272,
        395,
        317,
        238,
        277,
        209,
        75,
        177,
        141,
        364,
        111,
        103,
        163,
        203,
        156,
        456,
        371,
        197,
        154,
        274,
        417,
        270,
        402],
    [   45,
        247,
        321,
        244,
        386,
        0,
        360,
        175,
        189,
        88,
        227,
        212,
        189,
        232,
        428,
        134,
        168,
        256,
        138,
        46,
        197,
        253,
        198,
        278,
        77,
        193,
        147,
        90,
        187,
        469,
        177,
        457,
        50,
        271,
        179,
        421,
        219,
        403,
        46,
        272,
        147,
        305,
        178,
        368,
        209,
        345,
        198,
        391,
        384,
        291,
        252,
        400,
        103,
        33,
        334,
        368,
        306,
        38,
        243,
        66],
    [   332,
        395,
        142,
        117,
        96,
        360,
        0,
        359,
        376,
        329,
        249,
        191,
        302,
        387,
        143,
        228,
        292,
        200,
        372,
        401,
        363,
        296,
        164,
        90,
        328,
        178,
        214,
        393,
        229,
        330,
        240,
        97,
        397,
        89,
        199,
        301,
        189,
        351,
        358,
        363,
        220,
        335,
        185,
        21,
        164,
        216,
        293,
        201,
        192,
        217,
        131,
        245,
        412,
        353,
        266,
        235,
        183,
        385,
        192,
        361],
    [   204,
        72,
        255,
        274,
        338,
        175,
        359,
        0,
        19,
        248,
        122,
        300,
        334,
        398,
        363,
        211,
        66,
        174,
        44,
        169,
        21,
        109,
        215,
        309,
        103,
        189,
        185,
        106,
        296,
        330,
        292,
        441,
        154,
        285,
        167,
        285,
        307,
        247,
        220,
        99,
        166,
        144,
        196,
        356,
        200,
        238,
        338,
        293,
        290,
        188,
        306,
        284,
        278,
        142,
        203,
        253,
        393,
        211,
        335,
        239],
    [   220,
        58,
        269,
        293,
        353,
        189,
        376,
        19,
        0,
        264,
        136,
        320,
        352,
        414,
        376,
        230,
        84,
        188,
        52,
        179,
        18,
        116,
        235,
        328,
        119,
        208,
        204,
        113,
        315,
        333,
        311,
        457,
        164,
        304,
        186,
        289,
        327,
        246,
        234,
        94,
        186,
        143,
        216,
        373,
        218,
        248,
        357,
        303,
        300,
        199,
        326,
        292,
        291,
        156,
        209,
        261,
        413,
        223,
        354,
        253],
    [   45,
        321,
        326,
        212,
        375,
        88,
        329,
        248,
        264,
        0,
        265,
        151,
        102,
        150,
        423,
        108,
        221,
        278,
        217,
        129,
        269,
        303,
        184,
        239,
        145,
        193,
        141,
        177,
        118,
        502,
        106,
        426,
        137,
        242,
        188,
        455,
        158,
        450,
        47,
        336,
        153,
        360,
        171,
        341,
        206,
        368,
        111,
        405,
        397,
        318,
        204,
        424,
        83,
        114,
        370,
        393,
        236,
        80,
        175,
        37],
    [   233,
        145,
        133,
        190,
        217,
        227,
        249,
        122,
        136,
        265,
        0,
        249,
        321,
        402,
        241,
        180,
        68,
        52,
        152,
        245,
        119,
        52,
        141,
        220,
        155,
        111,
        141,
        200,
        260,
        241,
        261,
        323,
        233,
        190,
        96,
        194,
        254,
        185,
        258,
        117,
        122,
        108,
        131,
        243,
        113,
        123,
        321,
        175,
        171,
        69,
        231,
        176,
        325,
        200,
        106,
        143,
        327,
        265,
        280,
        273],
    [   171,
        363,
        241,
        90,
        260,
        212,
        191,
        300,
        320,
        151,
        249,
        0,
        111,
        199,
        312,
        91,
        244,
        231,
        290,
        259,
        315,
        300,
        110,
        102,
        220,
        138,
        116,
        279,
        37,
        444,
        50,
        286,
        260,
        118,
        152,
        402,
        7,
        422,
        192,
        356,
        136,
        357,
        117,
        208,
        141,
        305,
        103,
        325,
        315,
        270,
        60,
        356,
        232,
        221,
        330,
        332,
        96,
        224,
        34,
        188],
    [   145,
        405,
        344,
        199,
        371,
        189,
        302,
        334,
        352,
        102,
        321,
        111,
        0,
        89,
        422,
        140,
        294,
        318,
        310,
        232,
        354,
        367,
        200,
        213,
        235,
        223,
        180,
        277,
        75,
        540,
        67,
        394,
        239,
        228,
        228,
        495,
        112,
        504,
        149,
        412,
        199,
        426,
        198,
        319,
        230,
        401,
        11,
        427,
        418,
        358,
        171,
        455,
        157,
        213,
        416,
        427,
        160,
        181,
        113,
        135],
    [   194,
        471,
        433,
        288,
        459,
        232,
        387,
        398,
        414,
        150,
        402,
        199,
        89,
        0,
        511,
        223,
        366,
        403,
        367,
        265,
        419,
        445,
        288,
        300,
        295,
        309,
        263,
        323,
        165,
        627,
        156,
        477,
        277,
        317,
        312,
        582,
        200,
        587,
        186,
        484,
        281,
        503,
        284,
        405,
        318,
        488,
        95,
        516,
        507,
        444,
        258,
        543,
        159,
        262,
        501,
        515,
        228,
        210,
        195,
        167],
    [   413,
        373,
        110,
        223,
        52,
        428,
        143,
        363,
        376,
        423,
        241,
        312,
        422,
        511,
        0,
        315,
        305,
        190,
        392,
        460,
        359,
        268,
        239,
        214,
        374,
        235,
        286,
        431,
        346,
        206,
        356,
        130,
        452,
        193,
        248,
        191,
        312,
        257,
        440,
        328,
        281,
        283,
        254,
        122,
        220,
        141,
        416,
        95,
        90,
        178,
        255,
        136,
        503,
        411,
        197,
        145,
        324,
        461,
        322,
        448],
    [   103,
        277,
        219,
        111,
        267,
        134,
        228,
        211,
        230,
        108,
        180,
        91,
        140,
        223,
        315,
        0,
        159,
        180,
        198,
        179,
        227,
        227,
        75,
        143,
        129,
        88,
        39,
        190,
        85,
        404,
        83,
        326,
        177,
        139,
        88,
        358,
        98,
        364,
        130,
        276,
        58,
        286,
        64,
        238,
        99,
        267,
        140,
        300,
        291,
        221,
        118,
        322,
        188,
        135,
        277,
        293,
        187,
        157,
        125,
        135],
    [   183,
        119,
        195,
        209,
        276,
        168,
        292,
        66,
        84,
        221,
        68,
        244,
        294,
        366,
        305,
        159,
        0,
        115,
        86,
        180,
        74,
        85,
        151,
        244,
        91,
        123,
        127,
        132,
        245,
        303,
        243,
        376,
        167,
        219,
        102,
        256,
        250,
        235,
        204,
        118,
        107,
        139,
        133,
        290,
        133,
        191,
        296,
        244,
        239,
        137,
        244,
        243,
        270,
        137,
        169,
        211,
        333,
        206,
        278,
        222],
    [   253,
        196,
        81,
        159,
        164,
        256,
        200,
        174,
        188,
        278,
        52,
        231,
        318,
        403,
        190,
        180,
        115,
        0,
        201,
        281,
        172,
        95,
        121,
        183,
        191,
        95,
        141,
        244,
        250,
        224,
        253,
        271,
        270,
        152,
        92,
        178,
        236,
        190,
        280,
        163,
        125,
        139,
        120,
        192,
        90,
        89,
        316,
        135,
        128,
        40,
        202,
        146,
        347,
        233,
        99,
        114,
        298,
        293,
        259,
        293],
    [   172,
        110,
        281,
        277,
        362,
        138,
        372,
        44,
        52,
        217,
        152,
        290,
        310,
        367,
        392,
        198,
        86,
        201,
        0,
        127,
        64,
        149,
        218,
        313,
        74,
        195,
        179,
        62,
        280,
        372,
        274,
        459,
        112,
        292,
        174,
        327,
        297,
        291,
        184,
        143,
        164,
        188,
        198,
        372,
        208,
        273,
        315,
        327,
        323,
        221,
        304,
        322,
        239,
        105,
        242,
        290,
        385,
        172,
        324,
        203],
    [   90,
        237,
        351,
        287,
        421,
        46,
        401,
        169,
        179,
        129,
        245,
        259,
        232,
        265,
        460,
        179,
        180,
        281,
        127,
        0,
        191,
        262,
        237,
        322,
        90,
        229,
        186,
        66,
        234,
        483,
        223,
        497,
        14,
        312,
        213,
        436,
        266,
        411,
        82,
        269,
        184,
        309,
        217,
        408,
        245,
        367,
        241,
        416,
        409,
        312,
        297,
        421,
        118,
        49,
        349,
        388,
        353,
        55,
        289,
        100],
    [   226,
        52,
        253,
        284,
        337,
        197,
        363,
        21,
        18,
        269,
        119,
        315,
        354,
        419,
        359,
        227,
        74,
        172,
        64,
        191,
        0,
        97,
        226,
        318,
        124,
        198,
        199,
        127,
        313,
        314,
        309,
        442,
        176,
        293,
        177,
        270,
        322,
        229,
        241,
        78,
        180,
        125,
        208,
        359,
        207,
        229,
        357,
        285,
        282,
        181,
        318,
        273,
        300,
        164,
        190,
        242,
        407,
        233,
        350,
        260],
    [   267,
        105,
        168,
        243,
        252,
        253,
        296,
        109,
        116,
        303,
        52,
        300,
        367,
        445,
        268,
        227,
        85,
        95,
        149,
        262,
        97,
        0,
        193,
        272,
        176,
        163,
        189,
        207,
        310,
        223,
        310,
        363,
        248,
        242,
        148,
        177,
        306,
        150,
        289,
        67,
        169,
        58,
        183,
        287,
        166,
        133,
        368,
        188,
        186,
        89,
        284,
        176,
        355,
        222,
        93,
        145,
        380,
        291,
        332,
        306],
    [   175,
        269,
        146,
        59,
        192,
        198,
        164,
        215,
        235,
        184,
        141,
        110,
        200,
        288,
        239,
        75,
        151,
        121,
        218,
        237,
        226,
        193,
        0,
        95,
        165,
        30,
        51,
        230,
        129,
        339,
        134,
        259,
        232,
        76,
        49,
        296,
        114,
        312,
        203,
        254,
        56,
        249,
        21,
        170,
        31,
        200,
        197,
        228,
        219,
        161,
        93,
        254,
        263,
        189,
        221,
        227,
        186,
        226,
        139,
        209],
    [   246,
        358,
        161,
        36,
        162,
        278,
        90,
        309,
        328,
        239,
        220,
        102,
        213,
        300,
        214,
        143,
        244,
        183,
        313,
        322,
        318,
        272,
        95,
        0,
        258,
        120,
        139,
        323,
        139,
        368,
        150,
        187,
        319,
        31,
        142,
        330,
        100,
        365,
        271,
        337,
        150,
        322,
        115,
        106,
        111,
        235,
        205,
        241,
        231,
        214,
        42,
        279,
        323,
        275,
        273,
        260,
        122,
        300,
        108,
        272],
    [   101,
        176,
        263,
        222,
        336,
        77,
        328,
        103,
        119,
        145,
        155,
        220,
        235,
        295,
        374,
        129,
        91,
        191,
        74,
        90,
        124,
        176,
        165,
        258,
        0,
        150,
        118,
        64,
        207,
        394,
        200,
        421,
        79,
        242,
        131,
        347,
        227,
        326,
        118,
        195,
        109,
        228,
        144,
        332,
        165,
        276,
        240,
        325,
        319,
        222,
        243,
        330,
        180,
        46,
        260,
        298,
        317,
        115,
        254,
        136],
    [   177,
        240,
        133,
        85,
        192,
        193,
        178,
        189,
        208,
        193,
        111,
        138,
        223,
        309,
        235,
        88,
        123,
        95,
        195,
        229,
        198,
        163,
        30,
        120,
        150,
        0,
        52,
        214,
        154,
        317,
        158,
        270,
        223,
        97,
        21,
        272,
        144,
        284,
        205,
        224,
        46,
        219,
        24,
        181,
        15,
        179,
        220,
        212,
        204,
        136,
        123,
        234,
        269,
        180,
        194,
        205,
        217,
        225,
        169,
        214],
    [   126,
        246,
        185,
        103,
        241,
        147,
        214,
        185,
        204,
        141,
        141,
        116,
        180,
        263,
        286,
        39,
        127,
        141,
        179,
        186,
        199,
        189,
        51,
        139,
        118,
        52,
        0,
        183,
        120,
        365,
        120,
        310,
        182,
        126,
        49,
        319,
        123,
        324,
        154,
        241,
        20,
        248,
        32,
        221,
        66,
        228,
        179,
        264,
        256,
        181,
        125,
        284,
        217,
        138,
        237,
        254,
        208,
        176,
        151,
        162],
    [   132,
        171,
        321,
        286,
        397,
        90,
        393,
        106,
        113,
        177,
        200,
        279,
        277,
        323,
        431,
        190,
        132,
        244,
        62,
        66,
        127,
        207,
        230,
        323,
        64,
        214,
        183,
        0,
        262,
        431,
        253,
        485,
        51,
        307,
        194,
        384,
        286,
        352,
        136,
        206,
        173,
        249,
        209,
        396,
        229,
        324,
        284,
        376,
        371,
        270,
        306,
        375,
        183,
        63,
        298,
        343,
        376,
        117,
        312,
        155],
    [   144,
        363,
        269,
        123,
        295,
        187,
        229,
        296,
        315,
        118,
        260,
        37,
        75,
        165,
        346,
        85,
        245,
        250,
        280,
        234,
        313,
        310,
        129,
        139,
        207,
        154,
        120,
        262,
        0,
        468,
        12,
        323,
        237,
        153,
        163,
        425,
        42,
        439,
        161,
        361,
        140,
        368,
        130,
        245,
        160,
        329,
        70,
        353,
        343,
        290,
        98,
        382,
        197,
        200,
        349,
        356,
        119,
        195,
        57,
        155],
    [   473,
        297,
        206,
        358,
        238,
        469,
        330,
        330,
        333,
        502,
        241,
        444,
        540,
        627,
        206,
        404,
        303,
        224,
        372,
        483,
        314,
        223,
        339,
        368,
        394,
        317,
        365,
        431,
        468,
        0,
        473,
        337,
        470,
        338,
        316,
        47,
        447,
        99,
        499,
        246,
        349,
        191,
        342,
        311,
        309,
        139,
        537,
        129,
        139,
        184,
        401,
        89,
        566,
        440,
        135,
        112,
        490,
        507,
        466,
        514],
    [   133,
        360,
        276,
        132,
        305,
        177,
        240,
        292,
        311,
        106,
        261,
        50,
        67,
        156,
        356,
        83,
        243,
        253,
        274,
        223,
        309,
        310,
        134,
        150,
        200,
        158,
        120,
        253,
        12,
        473,
        0,
        335,
        227,
        163,
        165,
        430,
        54,
        442,
        150,
        360,
        140,
        368,
        133,
        256,
        164,
        334,
        63,
        360,
        350,
        294,
        110,
        388,
        184,
        191,
        352,
        361,
        131,
        183,
        69,
        143],
    [   430,
        467,
        195,
        215,
        114,
        457,
        97,
        441,
        457,
        426,
        323,
        286,
        394,
        477,
        130,
        326,
        376,
        271,
        459,
        497,
        442,
        363,
        259,
        187,
        421,
        270,
        310,
        485,
        323,
        337,
        335,
        0,
        492,
        186,
        290,
        320,
        282,
        383,
        456,
        429,
        314,
        392,
        280,
        89,
        256,
        256,
        384,
        220,
        213,
        276,
        226,
        264,
        510,
        448,
        311,
        267,
        258,
        483,
        281,
        458],
    [   96,
        222,
        342,
        284,
        413,
        50,
        397,
        154,
        164,
        137,
        233,
        260,
        239,
        277,
        452,
        177,
        167,
        270,
        112,
        14,
        176,
        248,
        232,
        319,
        79,
        223,
        182,
        51,
        237,
        470,
        227,
        492,
        0,
        308,
        205,
        423,
        267,
        396,
        92,
        254,
        178,
        295,
        212,
        402,
        238,
        355,
        248,
        405,
        399,
        301,
        296,
        409,
        132,
        43,
        336,
        376,
        355,
        67,
        291,
        110],
    [   243,
        331,
        131,
        30,
        142,
        271,
        89,
        285,
        304,
        242,
        190,
        118,
        228,
        317,
        193,
        139,
        219,
        152,
        292,
        312,
        293,
        242,
        76,
        31,
        242,
        97,
        126,
        307,
        153,
        338,
        163,
        186,
        308,
        0,
        119,
        300,
        118,
        333,
        269,
        308,
        133,
        291,
        98,
        99,
        85,
        204,
        222,
        213,
        203,
        183,
        64,
        249,
        325,
        264,
        241,
        229,
        153,
        296,
        132,
        273],
    [   167,
        219,
        142,
        107,
        207,
        179,
        199,
        167,
        186,
        188,
        96,
        152,
        228,
        312,
        248,
        88,
        102,
        92,
        174,
        213,
        177,
        148,
        49,
        142,
        131,
        21,
        49,
        194,
        163,
        316,
        165,
        290,
        205,
        119,
        0,
        270,
        158,
        277,
        195,
        206,
        34,
        205,
        35,
        201,
        35,
        180,
        226,
        218,
        210,
        132,
        142,
        236,
        260,
        163,
        189,
        205,
        235,
        213,
        184,
        206],
    [   426,
        257,
        169,
        318,
        214,
        421,
        301,
        285,
        289,
        455,
        194,
        402,
        495,
        582,
        191,
        358,
        256,
        178,
        327,
        436,
        270,
        177,
        296,
        330,
        347,
        272,
        319,
        384,
        425,
        47,
        430,
        320,
        423,
        300,
        270,
        0,
        405,
        73,
        452,
        205,
        303,
        150,
        297,
        283,
        265,
        96,
        493,
        102,
        110,
        137,
        362,
        57,
        519,
        393,
        87,
        71,
        453,
        459,
        426,
        466],
    [   178,
        370,
        243,
        91,
        260,
        219,
        189,
        307,
        327,
        158,
        254,
        7,
        112,
        200,
        312,
        98,
        250,
        236,
        297,
        266,
        322,
        306,
        114,
        100,
        227,
        144,
        123,
        286,
        42,
        447,
        54,
        282,
        267,
        118,
        158,
        405,
        0,
        426,
        199,
        363,
        143,
        363,
        123,
        206,
        145,
        308,
        104,
        327,
        317,
        274,
        58,
        359,
        238,
        228,
        334,
        335,
        89,
        231,
        27,
        194],
    [   416,
        204,
        211,
        346,
        272,
        403,
        351,
        247,
        246,
        450,
        185,
        422,
        504,
        587,
        257,
        364,
        235,
        190,
        291,
        411,
        229,
        150,
        312,
        365,
        326,
        284,
        324,
        352,
        439,
        99,
        442,
        383,
        396,
        333,
        277,
        73,
        426,
        0,
        439,
        154,
        306,
        103,
        308,
        335,
        280,
        135,
        503,
        163,
        170,
        152,
        390,
        121,
        505,
        372,
        92,
        117,
        485,
        442,
        449,
        456],
    [   27,
        292,
        338,
        240,
        395,
        46,
        358,
        220,
        234,
        47,
        258,
        192,
        149,
        186,
        440,
        130,
        204,
        280,
        184,
        82,
        241,
        289,
        203,
        271,
        118,
        205,
        154,
        136,
        161,
        499,
        150,
        456,
        92,
        269,
        195,
        452,
        199,
        439,
        0,
        314,
        161,
        344,
        186,
        368,
        220,
        370,
        159,
        412,
        405,
        317,
        240,
        426,
        66,
        78,
        365,
        394,
        281,
        33,
        219,
        19],
    [   295,
        51,
        233,
        307,
        317,
        272,
        363,
        99,
        94,
        336,
        117,
        356,
        412,
        484,
        328,
        276,
        118,
        163,
        143,
        269,
        78,
        67,
        254,
        337,
        195,
        224,
        241,
        206,
        361,
        246,
        360,
        429,
        254,
        308,
        206,
        205,
        363,
        154,
        314,
        0,
        221,
        55,
        241,
        355,
        228,
        188,
        414,
        242,
        242,
        153,
        347,
        220,
        375,
        239,
        137,
        193,
        441,
        309,
        390,
        332],
    [   133,
        227,
        177,
        114,
        238,
        147,
        220,
        166,
        186,
        153,
        122,
        136,
        199,
        281,
        281,
        58,
        107,
        125,
        164,
        184,
        180,
        169,
        56,
        150,
        109,
        46,
        20,
        173,
        140,
        349,
        140,
        314,
        178,
        133,
        34,
        303,
        143,
        306,
        161,
        221,
        0,
        228,
        35,
        224,
        61,
        214,
        199,
        253,
        244,
        165,
        141,
        270,
        226,
        134,
        220,
        240,
        226,
        180,
        170,
        171],
    [   322,
        107,
        197,
        296,
        277,
        305,
        335,
        144,
        143,
        360,
        108,
        357,
        426,
        503,
        283,
        286,
        139,
        139,
        188,
        309,
        125,
        58,
        249,
        322,
        228,
        219,
        248,
        249,
        368,
        191,
        368,
        392,
        295,
        291,
        205,
        150,
        363,
        103,
        344,
        55,
        228,
        0,
        240,
        324,
        220,
        141,
        426,
        193,
        194,
        117,
        338,
        167,
        408,
        273,
        87,
        142,
        434,
        343,
        389,
        361],
    [   158,
        252,
        156,
        79,
        209,
        178,
        185,
        196,
        216,
        171,
        131,
        117,
        198,
        284,
        254,
        64,
        133,
        120,
        198,
        217,
        208,
        183,
        21,
        115,
        144,
        24,
        32,
        209,
        130,
        342,
        133,
        280,
        212,
        98,
        35,
        297,
        123,
        308,
        186,
        241,
        35,
        240,
        0,
        190,
        35,
        204,
        196,
        236,
        227,
        160,
        110,
        259,
        248,
        168,
        219,
        230,
        200,
        208,
        149,
        194],
    [   341,
        388,
        128,
        129,
        75,
        368,
        21,
        356,
        373,
        341,
        243,
        208,
        319,
        405,
        122,
        238,
        290,
        192,
        372,
        408,
        359,
        287,
        170,
        106,
        332,
        181,
        221,
        396,
        245,
        311,
        256,
        89,
        402,
        99,
        201,
        283,
        206,
        335,
        368,
        355,
        224,
        324,
        190,
        0,
        166,
        200,
        310,
        182,
        173,
        206,
        147,
        226,
        424,
        359,
        252,
        218,
        204,
        394,
        210,
        372],
    [   192,
        247,
        120,
        78,
        177,
        209,
        164,
        200,
        218,
        206,
        113,
        141,
        230,
        318,
        220,
        99,
        133,
        90,
        208,
        245,
        207,
        166,
        31,
        111,
        165,
        15,
        66,
        229,
        160,
        309,
        164,
        256,
        238,
        85,
        35,
        265,
        145,
        280,
        220,
        228,
        61,
        220,
        35,
        166,
        0,
        170,
        228,
        201,
        192,
        130,
        118,
        224,
        283,
        195,
        189,
        196,
        214,
        240,
        170,
        228],
    [   343,
        235,
        76,
        222,
        141,
        345,
        216,
        238,
        248,
        368,
        123,
        305,
        401,
        488,
        141,
        267,
        191,
        89,
        273,
        367,
        229,
        133,
        200,
        235,
        276,
        179,
        228,
        324,
        329,
        139,
        334,
        256,
        355,
        204,
        180,
        96,
        308,
        135,
        370,
        188,
        214,
        141,
        204,
        200,
        170,
        0,
        398,
        55,
        54,
        54,
        265,
        56,
        437,
        320,
        56,
        26,
        357,
        382,
        329,
        383],
    [   152,
        409,
        339,
        192,
        364,
        198,
        293,
        338,
        357,
        111,
        321,
        103,
        11,
        95,
        416,
        140,
        296,
        316,
        315,
        241,
        357,
        368,
        197,
        205,
        240,
        220,
        179,
        284,
        70,
        537,
        63,
        384,
        248,
        222,
        226,
        493,
        104,
        503,
        159,
        414,
        199,
        426,
        196,
        310,
        228,
        398,
        0,
        423,
        413,
        356,
        163,
        451,
        169,
        220,
        415,
        424,
        148,
        191,
        103,
        145],
    [   385,
        290,
        84,
        236,
        111,
        391,
        201,
        293,
        303,
        405,
        175,
        325,
        427,
        516,
        95,
        300,
        244,
        135,
        327,
        416,
        285,
        188,
        228,
        241,
        325,
        212,
        264,
        376,
        353,
        129,
        360,
        220,
        405,
        213,
        218,
        102,
        327,
        163,
        412,
        242,
        253,
        193,
        236,
        182,
        201,
        55,
        423,
        0,
        10,
        106,
        277,
        44,
        478,
        368,
        105,
        51,
        363,
        427,
        344,
        424],
    [   377,
        289,
        74,
        226,
        103,
        384,
        192,
        290,
        300,
        397,
        171,
        315,
        418,
        507,
        90,
        291,
        239,
        128,
        323,
        409,
        282,
        186,
        219,
        231,
        319,
        204,
        256,
        371,
        343,
        139,
        350,
        213,
        399,
        203,
        210,
        110,
        317,
        170,
        405,
        242,
        244,
        194,
        227,
        173,
        192,
        54,
        413,
        10,
        0,
        102,
        267,
        53,
        470,
        361,
        107,
        55,
        353,
        420,
        334,
        416],
    [   291,
        195,
        80,
        194,
        163,
        291,
        217,
        188,
        199,
        318,
        69,
        270,
        358,
        444,
        178,
        221,
        137,
        40,
        221,
        312,
        181,
        89,
        161,
        214,
        222,
        136,
        181,
        270,
        290,
        184,
        294,
        276,
        301,
        183,
        132,
        137,
        274,
        152,
        317,
        153,
        165,
        117,
        160,
        206,
        130,
        54,
        356,
        106,
        102,
        0,
        238,
        109,
        384,
        265,
        60,
        76,
        333,
        328,
        297,
        331],
    [   216,
        362,
        195,
        44,
        203,
        252,
        131,
        306,
        326,
        204,
        231,
        60,
        171,
        258,
        255,
        118,
        244,
        202,
        304,
        297,
        318,
        284,
        93,
        42,
        243,
        123,
        125,
        306,
        98,
        401,
        110,
        226,
        296,
        64,
        142,
        362,
        58,
        390,
        240,
        347,
        141,
        338,
        110,
        147,
        118,
        265,
        163,
        277,
        267,
        238,
        0,
        312,
        287,
        254,
        298,
        291,
        96,
        270,
        67,
        239],
    [   400,
        271,
        117,
        270,
        156,
        400,
        245,
        284,
        292,
        424,
        176,
        356,
        455,
        543,
        136,
        322,
        243,
        146,
        322,
        421,
        273,
        176,
        254,
        279,
        330,
        234,
        284,
        375,
        382,
        89,
        388,
        264,
        409,
        249,
        236,
        57,
        359,
        121,
        426,
        220,
        270,
        167,
        259,
        226,
        224,
        56,
        451,
        44,
        53,
        109,
        312,
        0,
        493,
        375,
        83,
        32,
        401,
        438,
        378,
        439],
    [   93,
        349,
        402,
        295,
        456,
        103,
        412,
        278,
        291,
        83,
        325,
        232,
        157,
        159,
        503,
        188,
        270,
        347,
        239,
        118,
        300,
        355,
        263,
        323,
        180,
        269,
        217,
        183,
        197,
        566,
        184,
        510,
        132,
        325,
        260,
        519,
        238,
        505,
        66,
        375,
        226,
        408,
        248,
        424,
        283,
        437,
        169,
        478,
        470,
        384,
        287,
        493,
        0,
        136,
        431,
        461,
        310,
        67,
        252,
        54],
    [   69,
        214,
        302,
        240,
        371,
        33,
        353,
        142,
        156,
        114,
        200,
        221,
        213,
        262,
        411,
        135,
        137,
        233,
        105,
        49,
        164,
        222,
        189,
        275,
        46,
        180,
        138,
        63,
        200,
        440,
        191,
        448,
        43,
        264,
        163,
        393,
        228,
        372,
        78,
        239,
        134,
        273,
        168,
        359,
        195,
        320,
        220,
        368,
        361,
        265,
        254,
        375,
        136,
        0,
        305,
        342,
        317,
        70,
        253,
        97],
    [   340,
        187,
        124,
        253,
        197,
        334,
        266,
        203,
        209,
        370,
        106,
        330,
        416,
        501,
        197,
        277,
        169,
        99,
        242,
        349,
        190,
        93,
        221,
        273,
        260,
        194,
        237,
        298,
        349,
        135,
        352,
        311,
        336,
        241,
        189,
        87,
        334,
        92,
        365,
        137,
        220,
        87,
        219,
        252,
        189,
        56,
        415,
        105,
        107,
        60,
        298,
        83,
        431,
        305,
        0,
        55,
        392,
        372,
        357,
        380],
    [   368,
        243,
        99,
        247,
        154,
        368,
        235,
        253,
        261,
        393,
        143,
        332,
        427,
        515,
        145,
        293,
        211,
        114,
        290,
        388,
        242,
        145,
        227,
        260,
        298,
        205,
        254,
        343,
        356,
        112,
        361,
        267,
        376,
        229,
        205,
        71,
        335,
        117,
        394,
        193,
        240,
        142,
        230,
        218,
        196,
        26,
        424,
        51,
        55,
        76,
        291,
        32,
        461,
        342,
        55,
        0,
        382,
        405,
        355,
        408],
    [   263,
        453,
        284,
        139,
        274,
        306,
        183,
        393,
        413,
        236,
        327,
        96,
        160,
        228,
        324,
        187,
        333,
        298,
        385,
        353,
        407,
        380,
        186,
        122,
        317,
        217,
        208,
        376,
        119,
        490,
        131,
        258,
        355,
        153,
        235,
        453,
        89,
        485,
        281,
        441,
        226,
        434,
        200,
        204,
        214,
        357,
        148,
        363,
        353,
        333,
        96,
        401,
        310,
        317,
        392,
        382,
        0,
        314,
        63,
        273],
    [   54,
        282,
        356,
        268,
        417,
        38,
        385,
        211,
        223,
        80,
        265,
        224,
        181,
        210,
        461,
        157,
        206,
        293,
        172,
        55,
        233,
        291,
        226,
        300,
        115,
        225,
        176,
        117,
        195,
        507,
        183,
        483,
        67,
        296,
        213,
        459,
        231,
        442,
        33,
        309,
        180,
        343,
        208,
        394,
        240,
        382,
        191,
        427,
        420,
        328,
        270,
        438,
        67,
        70,
        372,
        405,
        314,
        0,
        252,
        46],
    [   200,
        398,
        261,
        108,
        270,
        243,
        192,
        335,
        354,
        175,
        280,
        34,
        113,
        195,
        322,
        125,
        278,
        259,
        324,
        289,
        350,
        332,
        139,
        108,
        254,
        169,
        151,
        312,
        57,
        466,
        69,
        281,
        291,
        132,
        184,
        426,
        27,
        449,
        219,
        390,
        170,
        389,
        149,
        210,
        170,
        329,
        103,
        344,
        334,
        297,
        67,
        378,
        252,
        253,
        357,
        355,
        63,
        252,
        0,
        212],
    [   40,
        311,
        348,
        243,
        402,
        66,
        361,
        239,
        253,
        37,
        273,
        188,
        135,
        167,
        448,
        135,
        222,
        293,
        203,
        100,
        260,
        306,
        209,
        272,
        136,
        214,
        162,
        155,
        155,
        514,
        143,
        458,
        110,
        273,
        206,
        466,
        194,
        456,
        19,
        332,
        171,
        361,
        194,
        372,
        228,
        383,
        145,
        424,
        416,
        331,
        239,
        439,
        54,
        97,
        380,
        408,
        273,
        46,
        212,
        0]]
;
task=[   57,
    173,
    240,
    218,
    231,
    182,
    170,
    18,
    116,
    72,
    404,
    227,
    136,
    45,
    64,
    262,
    187,
    46,
    281,
    268,
    182,
    313,
    594,
    274,
    370,
    29,
    11,
    250,
    354,
    17,
    300,
    20,
    126,
    222,
    0,
    2,
    199,
    121,
    284,
    58,
    507,
    244,
    329,
    94,
    414,
    270,
    16,
    14,
    36,
    11,
    85,
    60,
    154,
    247,
    172,
    234,
    215,
    86,
    206,
    77]
;
minW=[   64,
    145,
    27,
    54,
    144,
    99,
    93,
    35,
    45,
    61,
    82,
    150,
    115,
    99,
    185,
    15,
    72,
    32,
    33,
    81,
    166,
    80,
    24,
    27,
    68,
    1,
    28,
    98,
    118,
    94,
    2,
    196,
    104,
    69,
    0,
    148,
    141,
    22,
    138,
    3,
    21,
    61,
    19,
    2,
    24,
    88,
    121,
    61,
    82,
    48,
    4,
    58,
    125,
    7,
    51,
    50,
    229,
    125,
    80,
    4]
;
maxW=[   388,
    229,
    536,
    218,
    332,
    292,
    530,
    277,
    308,
    565,
    162,
    169,
    285,
    641,
    586,
    260,
    679,
    683,
    290,
    398,
    407,
    439,
    305,
    533,
    668,
    355,
    202,
    480,
    335,
    533,
    346,
    610,
    664,
    422,
    720,
    624,
    692,
    393,
    674,
    518,
    210,
    391,
    622,
    341,
    442,
    577,
    314,
    471,
    657,
    392,
    570,
    272,
    599,
    307,
    289,
    524,
    420,
    644,
    215,
    401]
;