// Generated by InstanceGenerator.py v0.1
// Juan Francisco Martinez Vera
// AMMM - MIRI, FIB UPC
//
// RAND_SEED=1484822400

bigM=100000;

nLocations=50;
startLocation=46;
distances=[   [   0,
        222,
        323,
        98,
        168,
        234,
        278,
        163,
        210,
        149,
        254,
        307,
        255,
        140,
        169,
        215,
        194,
        258,
        123,
        361,
        95,
        215,
        210,
        122,
        224,
        229,
        157,
        93,
        384,
        134,
        92,
        50,
        130,
        113,
        218,
        188,
        264,
        326,
        243,
        254,
        177,
        8,
        57,
        294,
        114,
        96,
        124,
        308,
        178,
        150],
    [   222,
        0,
        201,
        234,
        121,
        440,
        116,
        327,
        333,
        342,
        93,
        84,
        173,
        356,
        84,
        283,
        254,
        211,
        145,
        280,
        269,
        361,
        248,
        345,
        304,
        266,
        373,
        313,
        308,
        176,
        267,
        219,
        280,
        307,
        103,
        101,
        77,
        105,
        365,
        365,
        52,
        216,
        213,
        381,
        198,
        126,
        107,
        204,
        45,
        98],
    [   323,
        201,
        0,
        264,
        311,
        556,
        86,
        327,
        293,
        367,
        108,
        207,
        374,
        460,
        272,
        220,
        437,
        412,
        315,
        479,
        305,
        520,
        436,
        420,
        485,
        185,
        424,
        411,
        507,
        350,
        305,
        349,
        431,
        434,
        304,
        297,
        269,
        191,
        313,
        303,
        192,
        315,
        278,
        292,
        224,
        255,
        266,
        403,
        205,
        185],
    [   98,
        234,
        264,
        0,
        230,
        304,
        244,
        93,
        119,
        112,
        227,
        313,
        323,
        206,
        215,
        117,
        288,
        335,
        194,
        436,
        41,
        312,
        302,
        156,
        321,
        134,
        160,
        158,
        462,
        216,
        41,
        147,
        229,
        203,
        269,
        241,
        297,
        324,
        154,
        162,
        181,
        92,
        43,
        198,
        42,
        131,
        170,
        374,
        190,
        137],
    [   168,
        121,
        311,
        230,
        0,
        343,
        232,
        318,
        348,
        315,
        206,
        188,
        92,
        274,
        38,
        321,
        132,
        112,
        46,
        207,
        250,
        245,
        127,
        284,
        183,
        317,
        324,
        241,
        234,
        61,
        247,
        139,
        172,
        214,
        53,
        26,
        114,
        215,
        383,
        389,
        119,
        166,
        192,
        417,
        212,
        100,
        63,
        143,
        105,
        144],
    [   234,
        440,
        556,
        304,
        343,
        0,
        511,
        300,
        366,
        253,
        486,
        521,
        392,
        98,
        365,
        409,
        259,
        368,
        301,
        455,
        272,
        145,
        282,
        156,
        238,
        435,
        189,
        146,
        468,
        282,
        270,
        220,
        173,
        132,
        394,
        369,
        457,
        544,
        387,
        404,
        403,
        242,
        279,
        452,
        338,
        319,
        332,
        437,
        399,
        382],
    [   278,
        116,
        86,
        244,
        232,
        511,
        0,
        325,
        307,
        355,
        26,
        125,
        290,
        418,
        193,
        241,
        362,
        328,
        244,
        393,
        286,
        457,
        359,
        389,
        412,
        212,
        404,
        371,
        421,
        278,
        285,
        294,
        370,
        383,
        220,
        215,
        182,
        116,
        334,
        328,
        118,
        270,
        244,
        330,
        201,
        195,
        196,
        317,
        129,
        128],
    [   163,
        327,
        327,
        93,
        318,
        300,
        325,
        0,
        66,
        49,
        311,
        405,
        410,
        210,
        307,
        122,
        356,
        418,
        279,
        521,
        68,
        350,
        373,
        144,
        381,
        156,
        117,
        174,
        545,
        296,
        72,
        212,
        279,
        235,
        361,
        332,
        390,
        414,
        90,
        105,
        274,
        161,
        126,
        152,
        130,
        222,
        261,
        462,
        284,
        229],
    [   210,
        333,
        293,
        119,
        348,
        366,
        307,
        66,
        0,
        115,
        298,
        403,
        440,
        275,
        329,
        73,
        404,
        454,
        313,
        555,
        116,
        410,
        419,
        210,
        433,
        109,
        182,
        237,
        580,
        335,
        119,
        260,
        335,
        296,
        384,
        357,
        403,
        408,
        35,
        44,
        281,
        206,
        161,
        88,
        138,
        247,
        286,
        491,
        294,
        235],
    [   149,
        342,
        367,
        112,
        315,
        253,
        355,
        49,
        115,
        0,
        338,
        423,
        404,
        166,
        310,
        170,
        334,
        407,
        272,
        510,
        73,
        313,
        353,
        98,
        354,
        203,
        67,
        136,
        534,
        284,
        74,
        194,
        250,
        200,
        362,
        332,
        399,
        436,
        134,
        151,
        290,
        150,
        130,
        199,
        154,
        226,
        263,
        457,
        297,
        248],
    [   254,
        93,
        108,
        227,
        206,
        486,
        26,
        311,
        298,
        338,
        0,
        117,
        266,
        394,
        167,
        235,
        336,
        304,
        217,
        372,
        267,
        430,
        333,
        367,
        385,
        208,
        384,
        347,
        400,
        252,
        267,
        268,
        343,
        357,
        196,
        190,
        163,
        113,
        326,
        322,
        91,
        246,
        223,
        327,
        184,
        169,
        170,
        296,
        102,
        104],
    [   307,
        84,
        207,
        313,
        188,
        521,
        125,
        405,
        403,
        423,
        117,
        0,
        205,
        440,
        157,
        346,
        317,
        248,
        222,
        290,
        350,
        434,
        306,
        430,
        366,
        323,
        457,
        398,
        315,
        248,
        349,
        302,
        357,
        389,
        149,
        162,
        86,
        28,
        434,
        432,
        134,
        301,
        296,
        442,
        275,
        211,
        189,
        217,
        129,
        176],
    [   255,
        173,
        374,
        323,
        92,
        392,
        290,
        410,
        440,
        404,
        266,
        205,
        0,
        340,
        117,
        413,
        140,
        43,
        132,
        116,
        341,
        269,
        121,
        362,
        182,
        406,
        407,
        315,
        143,
        125,
        339,
        217,
        220,
        274,
        71,
        87,
        119,
        234,
        475,
        481,
        194,
        254,
        283,
        509,
        304,
        193,
        155,
        52,
        178,
        228],
    [   140,
        356,
        460,
        206,
        274,
        98,
        418,
        210,
        275,
        166,
        394,
        440,
        340,
        0,
        290,
        313,
        225,
        326,
        229,
        423,
        174,
        157,
        248,
        67,
        224,
        337,
        113,
        48,
        441,
        218,
        172,
        138,
        127,
        67,
        327,
        299,
        385,
        461,
        299,
        316,
        315,
        148,
        182,
        363,
        239,
        231,
        251,
        390,
        314,
        290],
    [   169,
        84,
        272,
        215,
        38,
        365,
        193,
        307,
        329,
        310,
        167,
        157,
        117,
        290,
        0,
        296,
        170,
        145,
        64,
        233,
        241,
        278,
        166,
        291,
        220,
        289,
        327,
        252,
        261,
        92,
        238,
        151,
        200,
        234,
        54,
        29,
        95,
        182,
        364,
        369,
        82,
        166,
        181,
        394,
        191,
        84,
        47,
        163,
        66,
        111],
    [   215,
        283,
        220,
        117,
        321,
        409,
        241,
        122,
        73,
        170,
        235,
        346,
        413,
        313,
        296,
        0,
        400,
        433,
        294,
        529,
        138,
        429,
        412,
        253,
        436,
        35,
        237,
        269,
        556,
        322,
        141,
        263,
        346,
        319,
        350,
        326,
        358,
        348,
        94,
        87,
        235,
        209,
        159,
        98,
        112,
        222,
        258,
        460,
        250,
        191],
    [   194,
        254,
        437,
        288,
        132,
        259,
        362,
        356,
        404,
        334,
        336,
        317,
        140,
        225,
        170,
        400,
        0,
        110,
        122,
        199,
        290,
        129,
        23,
        265,
        50,
        406,
        316,
        215,
        216,
        87,
        287,
        144,
        98,
        158,
        168,
        155,
        235,
        345,
        438,
        448,
        245,
        198,
        244,
        486,
        289,
        191,
        171,
        180,
        233,
        257],
    [   258,
        211,
        412,
        335,
        112,
        368,
        328,
        418,
        454,
        407,
        304,
        248,
        43,
        326,
        145,
        433,
        110,
        0,
        141,
        103,
        349,
        237,
        88,
        355,
        146,
        430,
        403,
        306,
        126,
        123,
        346,
        215,
        201,
        259,
        108,
        117,
        162,
        277,
        489,
        497,
        226,
        258,
        294,
        528,
        322,
        210,
        175,
        70,
        210,
        256],
    [   123,
        145,
        315,
        194,
        46,
        301,
        244,
        279,
        313,
        272,
        217,
        222,
        132,
        229,
        64,
        294,
        122,
        141,
        0,
        242,
        210,
        216,
        125,
        237,
        169,
        294,
        278,
        194,
        267,
        35,
        207,
        93,
        135,
        170,
        99,
        70,
        156,
        247,
        348,
        355,
        125,
        122,
        153,
        387,
        182,
        73,
        49,
        184,
        115,
        135],
    [   361,
        280,
        479,
        436,
        207,
        455,
        393,
        521,
        555,
        510,
        372,
        290,
        116,
        423,
        233,
        529,
        199,
        103,
        242,
        0,
        452,
        315,
        176,
        457,
        219,
        522,
        505,
        407,
        27,
        226,
        449,
        318,
        296,
        356,
        184,
        204,
        211,
        316,
        590,
        596,
        308,
        361,
        395,
        625,
        420,
        308,
        271,
        76,
        292,
        344],
    [   95,
        269,
        305,
        41,
        250,
        272,
        286,
        68,
        116,
        73,
        267,
        350,
        341,
        174,
        241,
        138,
        290,
        349,
        210,
        452,
        0,
        296,
        306,
        119,
        317,
        163,
        119,
        130,
        476,
        227,
        3,
        145,
        219,
        183,
        294,
        265,
        328,
        363,
        148,
        160,
        216,
        92,
        59,
        202,
        84,
        156,
        194,
        394,
        225,
        175],
    [   215,
        361,
        520,
        312,
        245,
        145,
        457,
        350,
        410,
        313,
        430,
        434,
        269,
        157,
        278,
        429,
        129,
        237,
        216,
        315,
        296,
        0,
        149,
        220,
        95,
        445,
        270,
        176,
        326,
        185,
        293,
        174,
        89,
        114,
        290,
        271,
        357,
        460,
        439,
        453,
        339,
        223,
        273,
        498,
        330,
        264,
        261,
        307,
        330,
        335],
    [   210,
        248,
        436,
        302,
        127,
        282,
        359,
        373,
        419,
        353,
        333,
        306,
        121,
        248,
        166,
        412,
        23,
        88,
        125,
        176,
        306,
        149,
        0,
        287,
        62,
        415,
        337,
        236,
        193,
        91,
        302,
        160,
        120,
        181,
        156,
        147,
        222,
        334,
        453,
        463,
        244,
        213,
        258,
        499,
        300,
        197,
        172,
        158,
        231,
        259],
    [   122,
        345,
        420,
        156,
        284,
        156,
        389,
        144,
        210,
        98,
        367,
        430,
        362,
        67,
        291,
        253,
        265,
        355,
        237,
        457,
        119,
        220,
        287,
        0,
        274,
        281,
        51,
        50,
        477,
        237,
        118,
        145,
        171,
        113,
        336,
        306,
        386,
        448,
        233,
        249,
        298,
        128,
        144,
        297,
        196,
        218,
        246,
        414,
        300,
        265],
    [   224,
        304,
        485,
        321,
        183,
        238,
        412,
        381,
        433,
        354,
        385,
        366,
        182,
        224,
        220,
        436,
        50,
        146,
        169,
        219,
        317,
        95,
        62,
        274,
        0,
        445,
        326,
        224,
        230,
        134,
        314,
        174,
        104,
        161,
        217,
        205,
        284,
        394,
        466,
        478,
        294,
        229,
        278,
        518,
        327,
        236,
        218,
        215,
        282,
        303],
    [   229,
        266,
        185,
        134,
        317,
        435,
        212,
        156,
        109,
        203,
        208,
        323,
        406,
        337,
        289,
        35,
        406,
        430,
        294,
        522,
        163,
        445,
        415,
        281,
        445,
        0,
        268,
        291,
        550,
        325,
        165,
        275,
        360,
        337,
        340,
        318,
        342,
        322,
        127,
        118,
        220,
        222,
        172,
        119,
        117,
        221,
        254,
        451,
        236,
        179],
    [   157,
        373,
        424,
        160,
        324,
        189,
        404,
        117,
        182,
        67,
        384,
        457,
        407,
        113,
        327,
        237,
        316,
        403,
        278,
        505,
        119,
        270,
        337,
        51,
        326,
        268,
        0,
        101,
        526,
        282,
        119,
        189,
        222,
        164,
        375,
        345,
        421,
        473,
        199,
        217,
        323,
        161,
        162,
        265,
        203,
        249,
        281,
        459,
        328,
        286],
    [   93,
        313,
        411,
        158,
        241,
        146,
        371,
        174,
        237,
        136,
        347,
        398,
        315,
        48,
        252,
        269,
        215,
        306,
        194,
        407,
        130,
        176,
        236,
        50,
        224,
        291,
        101,
        0,
        427,
        190,
        127,
        101,
        120,
        64,
        293,
        264,
        347,
        418,
        264,
        280,
        270,
        100,
        133,
        326,
        191,
        187,
        210,
        367,
        270,
        243],
    [   384,
        308,
        507,
        462,
        234,
        468,
        421,
        545,
        580,
        534,
        400,
        315,
        143,
        441,
        261,
        556,
        216,
        126,
        267,
        27,
        476,
        326,
        193,
        477,
        230,
        550,
        526,
        427,
        0,
        250,
        473,
        340,
        314,
        374,
        211,
        231,
        238,
        342,
        615,
        622,
        336,
        385,
        420,
        652,
        446,
        334,
        297,
        103,
        319,
        372],
    [   134,
        176,
        350,
        216,
        61,
        282,
        278,
        296,
        335,
        284,
        252,
        248,
        125,
        218,
        92,
        322,
        87,
        123,
        35,
        226,
        227,
        185,
        91,
        237,
        134,
        325,
        282,
        190,
        250,
        0,
        224,
        92,
        110,
        155,
        112,
        88,
        176,
        275,
        370,
        378,
        160,
        135,
        173,
        413,
        210,
        106,
        84,
        177,
        149,
        170],
    [   92,
        267,
        305,
        41,
        247,
        270,
        285,
        72,
        119,
        74,
        267,
        349,
        339,
        172,
        238,
        141,
        287,
        346,
        207,
        449,
        3,
        293,
        302,
        118,
        314,
        165,
        119,
        127,
        473,
        224,
        0,
        142,
        215,
        180,
        291,
        262,
        325,
        361,
        151,
        163,
        215,
        89,
        57,
        206,
        84,
        154,
        191,
        391,
        223,
        173],
    [   50,
        219,
        349,
        147,
        139,
        220,
        294,
        212,
        260,
        194,
        268,
        302,
        217,
        138,
        151,
        263,
        144,
        215,
        93,
        318,
        145,
        174,
        160,
        145,
        174,
        275,
        189,
        101,
        340,
        92,
        142,
        0,
        86,
        89,
        192,
        163,
        247,
        324,
        294,
        305,
        182,
        55,
        104,
        344,
        157,
        99,
        113,
        270,
        179,
        166],
    [   130,
        280,
        431,
        229,
        172,
        173,
        370,
        279,
        335,
        250,
        343,
        357,
        220,
        127,
        200,
        346,
        98,
        201,
        135,
        296,
        219,
        89,
        120,
        171,
        104,
        360,
        222,
        120,
        314,
        110,
        215,
        86,
        0,
        60,
        223,
        199,
        287,
        382,
        366,
        379,
        253,
        137,
        187,
        421,
        243,
        176,
        176,
        268,
        246,
        246],
    [   113,
        307,
        434,
        203,
        214,
        132,
        383,
        235,
        296,
        200,
        357,
        389,
        274,
        67,
        234,
        319,
        158,
        259,
        170,
        356,
        183,
        114,
        181,
        113,
        161,
        337,
        164,
        64,
        374,
        155,
        180,
        89,
        60,
        0,
        266,
        240,
        327,
        412,
        325,
        339,
        271,
        121,
        167,
        384,
        227,
        188,
        200,
        324,
        268,
        254],
    [   218,
        103,
        304,
        269,
        53,
        394,
        220,
        361,
        384,
        362,
        196,
        149,
        71,
        327,
        54,
        350,
        168,
        108,
        99,
        184,
        294,
        290,
        156,
        336,
        217,
        340,
        375,
        293,
        211,
        112,
        291,
        192,
        223,
        266,
        0,
        29,
        67,
        177,
        419,
        423,
        124,
        215,
        234,
        448,
        245,
        138,
        100,
        111,
        108,
        161],
    [   188,
        101,
        297,
        241,
        26,
        369,
        215,
        332,
        357,
        332,
        190,
        162,
        87,
        299,
        29,
        326,
        155,
        117,
        70,
        204,
        265,
        271,
        147,
        306,
        205,
        318,
        345,
        264,
        231,
        88,
        262,
        163,
        199,
        240,
        29,
        0,
        88,
        190,
        392,
        397,
        109,
        185,
        205,
        423,
        219,
        110,
        71,
        134,
        93,
        141],
    [   264,
        77,
        269,
        297,
        114,
        457,
        182,
        390,
        403,
        399,
        163,
        86,
        119,
        385,
        95,
        358,
        235,
        162,
        156,
        211,
        328,
        357,
        222,
        386,
        284,
        342,
        421,
        347,
        238,
        176,
        325,
        247,
        287,
        327,
        67,
        88,
        0,
        115,
        437,
        438,
        123,
        260,
        269,
        457,
        265,
        173,
        140,
        136,
        109,
        168],
    [   326,
        105,
        191,
        324,
        215,
        544,
        116,
        414,
        408,
        436,
        113,
        28,
        234,
        461,
        182,
        348,
        345,
        277,
        247,
        316,
        363,
        460,
        334,
        448,
        394,
        322,
        473,
        418,
        342,
        275,
        361,
        324,
        382,
        412,
        177,
        190,
        115,
        0,
        438,
        435,
        150,
        320,
        310,
        441,
        284,
        230,
        211,
        244,
        148,
        188],
    [   243,
        365,
        313,
        154,
        383,
        387,
        334,
        90,
        35,
        134,
        326,
        434,
        475,
        299,
        364,
        94,
        438,
        489,
        348,
        590,
        148,
        439,
        453,
        233,
        466,
        127,
        199,
        264,
        615,
        370,
        151,
        294,
        366,
        325,
        419,
        392,
        437,
        438,
        0,
        18,
        314,
        239,
        196,
        65,
        173,
        282,
        321,
        526,
        327,
        268],
    [   254,
        365,
        303,
        162,
        389,
        404,
        328,
        105,
        44,
        151,
        322,
        432,
        481,
        316,
        369,
        87,
        448,
        497,
        355,
        596,
        160,
        453,
        463,
        249,
        478,
        118,
        217,
        280,
        622,
        378,
        163,
        305,
        379,
        339,
        423,
        397,
        438,
        435,
        18,
        0,
        315,
        250,
        205,
        48,
        177,
        288,
        326,
        531,
        329,
        270],
    [   177,
        52,
        192,
        181,
        119,
        403,
        118,
        274,
        281,
        290,
        91,
        134,
        194,
        315,
        82,
        235,
        245,
        226,
        125,
        308,
        216,
        339,
        244,
        298,
        294,
        220,
        323,
        270,
        336,
        160,
        215,
        182,
        253,
        271,
        124,
        109,
        123,
        150,
        314,
        315,
        0,
        170,
        161,
        334,
        145,
        83,
        78,
        234,
        16,
        45],
    [   8,
        216,
        315,
        92,
        166,
        242,
        270,
        161,
        206,
        150,
        246,
        301,
        254,
        148,
        166,
        209,
        198,
        258,
        122,
        361,
        92,
        223,
        213,
        128,
        229,
        222,
        161,
        100,
        385,
        135,
        89,
        55,
        137,
        121,
        215,
        185,
        260,
        320,
        239,
        250,
        170,
        0,
        50,
        289,
        107,
        90,
        120,
        307,
        172,
        142],
    [   57,
        213,
        278,
        43,
        192,
        279,
        244,
        126,
        161,
        130,
        223,
        296,
        283,
        182,
        181,
        159,
        244,
        294,
        153,
        395,
        59,
        273,
        258,
        144,
        278,
        172,
        162,
        133,
        420,
        173,
        57,
        104,
        187,
        167,
        234,
        205,
        269,
        310,
        196,
        205,
        161,
        50,
        0,
        242,
        59,
        96,
        134,
        335,
        168,
        123],
    [   294,
        381,
        292,
        198,
        417,
        452,
        330,
        152,
        88,
        199,
        327,
        442,
        509,
        363,
        394,
        98,
        486,
        528,
        387,
        625,
        202,
        498,
        499,
        297,
        518,
        119,
        265,
        326,
        652,
        413,
        206,
        344,
        421,
        384,
        448,
        423,
        457,
        441,
        65,
        48,
        334,
        289,
        242,
        0,
        205,
        317,
        354,
        558,
        348,
        289],
    [   114,
        198,
        224,
        42,
        212,
        338,
        201,
        130,
        138,
        154,
        184,
        275,
        304,
        239,
        191,
        112,
        289,
        322,
        182,
        420,
        84,
        330,
        300,
        196,
        327,
        117,
        203,
        191,
        446,
        210,
        84,
        157,
        243,
        227,
        245,
        219,
        265,
        284,
        173,
        177,
        145,
        107,
        59,
        205,
        0,
        112,
        149,
        354,
        156,
        100],
    [   96,
        126,
        255,
        131,
        100,
        319,
        195,
        222,
        247,
        226,
        169,
        211,
        193,
        231,
        84,
        222,
        191,
        210,
        73,
        308,
        156,
        264,
        197,
        218,
        236,
        221,
        249,
        187,
        334,
        106,
        154,
        99,
        176,
        188,
        138,
        110,
        173,
        230,
        282,
        288,
        83,
        90,
        96,
        317,
        112,
        0,
        38,
        243,
        82,
        70],
    [   124,
        107,
        266,
        170,
        63,
        332,
        196,
        261,
        286,
        263,
        170,
        189,
        155,
        251,
        47,
        258,
        171,
        175,
        49,
        271,
        194,
        261,
        172,
        246,
        218,
        254,
        281,
        210,
        297,
        84,
        191,
        113,
        176,
        200,
        100,
        71,
        140,
        211,
        321,
        326,
        78,
        120,
        134,
        354,
        149,
        38,
        0,
        204,
        69,
        87],
    [   308,
        204,
        403,
        374,
        143,
        437,
        317,
        462,
        491,
        457,
        296,
        217,
        52,
        390,
        163,
        460,
        180,
        70,
        184,
        76,
        394,
        307,
        158,
        414,
        215,
        451,
        459,
        367,
        103,
        177,
        391,
        270,
        268,
        324,
        111,
        134,
        136,
        244,
        526,
        531,
        234,
        307,
        335,
        558,
        354,
        243,
        204,
        0,
        218,
        272],
    [   178,
        45,
        205,
        190,
        105,
        399,
        129,
        284,
        294,
        297,
        102,
        129,
        178,
        314,
        66,
        250,
        233,
        210,
        115,
        292,
        225,
        330,
        231,
        300,
        282,
        236,
        328,
        270,
        319,
        149,
        223,
        179,
        246,
        268,
        108,
        93,
        109,
        148,
        327,
        329,
        16,
        172,
        168,
        348,
        156,
        82,
        69,
        218,
        0,
        59],
    [   150,
        98,
        185,
        137,
        144,
        382,
        128,
        229,
        235,
        248,
        104,
        176,
        228,
        290,
        111,
        191,
        257,
        256,
        135,
        344,
        175,
        335,
        259,
        265,
        303,
        179,
        286,
        243,
        372,
        170,
        173,
        166,
        246,
        254,
        161,
        141,
        168,
        188,
        268,
        270,
        45,
        142,
        123,
        289,
        100,
        70,
        87,
        272,
        59,
        0]]
;
task=[   138,
    181,
    208,
    362,
    363,
    15,
    175,
    12,
    225,
    118,
    155,
    67,
    74,
    147,
    334,
    74,
    144,
    38,
    43,
    19,
    336,
    123,
    103,
    219,
    98,
    233,
    0,
    331,
    17,
    90,
    356,
    191,
    101,
    308,
    388,
    213,
    274,
    196,
    109,
    3,
    348,
    178,
    370,
    17,
    459,
    0,
    51,
    214,
    19,
    45]
;
minW=[   23,
    118,
    207,
    80,
    48,
    277,
    177,
    3,
    241,
    12,
    36,
    161,
    146,
    209,
    48,
    17,
    108,
    49,
    57,
    195,
    68,
    263,
    22,
    132,
    111,
    20,
    13,
    123,
    142,
    90,
    103,
    48,
    130,
    175,
    99,
    37,
    157,
    204,
    267,
    175,
    38,
    28,
    69,
    38,
    93,
    0,
    20,
    152,
    68,
    24]
;
maxW=[   194,
    326,
    688,
    261,
    129,
    560,
    382,
    604,
    442,
    258,
    656,
    447,
    434,
    310,
    172,
    456,
    355,
    478,
    83,
    587,
    390,
    520,
    229,
    632,
    251,
    687,
    287,
    462,
    653,
    286,
    481,
    308,
    561,
    330,
    299,
    573,
    213,
    461,
    437,
    662,
    504,
    673,
    690,
    671,
    354,
    720,
    651,
    292,
    544,
    385]
;