// Generated by InstanceGenerator.py v0.1
// Juan Francisco Martinez Vera
// AMMM - MIRI, FIB UPC
//
// RAND_SEED=1484822398

bigM=100000;

nLocations=40;
startLocation=26;
distances=[   [   0,
        229,
        205,
        221,
        168,
        176,
        252,
        190,
        41,
        260,
        229,
        380,
        149,
        206,
        136,
        214,
        208,
        122,
        230,
        133,
        233,
        158,
        235,
        173,
        157,
        64,
        119,
        134,
        204,
        358,
        170,
        113,
        189,
        387,
        79,
        243,
        174,
        84,
        165,
        69],
    [   229,
        0,
        388,
        164,
        383,
        68,
        162,
        390,
        225,
        31,
        302,
        171,
        342,
        409,
        326,
        318,
        77,
        327,
        87,
        196,
        321,
        370,
        214,
        400,
        257,
        165,
        348,
        182,
        94,
        144,
        343,
        158,
        321,
        193,
        230,
        48,
        82,
        155,
        393,
        274],
    [   205,
        388,
        0,
        284,
        254,
        358,
        454,
        39,
        243,
        413,
        421,
        557,
        56,
        48,
        282,
        397,
        332,
        253,
        419,
        338,
        147,
        256,
        257,
        205,
        352,
        255,
        172,
        340,
        396,
        531,
        320,
        230,
        363,
        572,
        278,
        419,
        309,
        281,
        145,
        238],
    [   221,
        164,
        284,
        0,
        388,
        188,
        310,
        302,
        245,
        173,
        400,
        325,
        257,
        320,
        355,
        401,
        87,
        343,
        242,
        280,
        174,
        378,
        50,
        379,
        335,
        186,
        322,
        269,
        235,
        296,
        386,
        108,
        389,
        353,
        273,
        212,
        97,
        202,
        348,
        289],
    [   168,
        383,
        254,
        388,
        0,
        320,
        346,
        218,
        158,
        414,
        222,
        510,
        211,
        221,
        71,
        186,
        374,
        56,
        357,
        214,
        356,
        13,
        395,
        60,
        180,
        222,
        85,
        226,
        330,
        492,
        91,
        281,
        148,
        507,
        156,
        384,
        340,
        228,
        115,
        108],
    [   176,
        68,
        358,
        188,
        320,
        0,
        122,
        354,
        164,
        98,
        236,
        204,
        307,
        371,
        260,
        250,
        110,
        264,
        63,
        128,
        317,
        307,
        234,
        342,
        188,
        112,
        293,
        113,
        47,
        181,
        275,
        138,
        253,
        214,
        165,
        66,
        91,
        95,
        342,
        212],
    [   252,
        162,
        454,
        310,
        346,
        122,
        0,
        442,
        221,
        177,
        179,
        179,
        399,
        458,
        276,
        209,
        228,
        292,
        74,
        134,
        434,
        333,
        356,
        386,
        171,
        199,
        350,
        125,
        75,
        171,
        274,
        254,
        230,
        165,
        200,
        118,
        213,
        172,
        404,
        256],
    [   190,
        390,
        39,
        302,
        218,
        354,
        442,
        0,
        225,
        417,
        395,
        556,
        47,
        18,
        251,
        369,
        340,
        221,
        413,
        320,
        180,
        220,
        280,
        166,
        329,
        246,
        138,
        324,
        389,
        531,
        288,
        234,
        334,
        569,
        257,
        417,
        314,
        270,
        107,
        212],
    [   41,
        225,
        243,
        245,
        158,
        164,
        221,
        225,
        0,
        256,
        188,
        364,
        187,
        239,
        111,
        174,
        218,
        105,
        210,
        95,
        274,
        146,
        265,
        177,
        116,
        64,
        131,
        99,
        183,
        343,
        140,
        137,
        151,
        367,
        38,
        230,
        183,
        69,
        183,
        50],
    [   260,
        31,
        413,
        173,
        414,
        98,
        177,
        417,
        256,
        0,
        328,
        153,
        369,
        436,
        357,
        345,
        89,
        359,
        104,
        225,
        338,
        402,
        224,
        431,
        286,
        196,
        379,
        211,
        117,
        124,
        373,
        183,
        350,
        180,
        262,
        58,
        104,
        186,
        423,
        306],
    [   229,
        302,
        421,
        400,
        222,
        236,
        179,
        395,
        188,
        328,
        0,
        358,
        365,
        406,
        156,
        38,
        340,
        184,
        231,
        119,
        461,
        211,
        433,
        278,
        72,
        221,
        266,
        130,
        211,
        350,
        132,
        304,
        74,
        341,
        149,
        275,
        311,
        200,
        319,
        183],
    [   380,
        171,
        557,
        325,
        510,
        204,
        179,
        556,
        364,
        153,
        358,
        0,
        509,
        574,
        443,
        388,
        242,
        454,
        154,
        297,
        491,
        496,
        376,
        540,
        346,
        316,
        495,
        284,
        181,
        28,
        447,
        328,
        407,
        39,
        355,
        139,
        254,
        297,
        545,
        408],
    [   149,
        342,
        56,
        257,
        211,
        307,
        399,
        47,
        187,
        369,
        365,
        509,
        0,
        66,
        230,
        342,
        293,
        202,
        367,
        282,
        154,
        210,
        239,
        169,
        296,
        201,
        126,
        284,
        344,
        484,
        269,
        186,
        309,
        522,
        222,
        370,
        266,
        227,
        115,
        182],
    [   206,
        409,
        48,
        320,
        221,
        371,
        458,
        18,
        239,
        436,
        406,
        574,
        66,
        0,
        258,
        379,
        359,
        229,
        431,
        335,
        194,
        224,
        298,
        167,
        340,
        263,
        144,
        339,
        406,
        549,
        295,
        253,
        343,
        586,
        271,
        435,
        333,
        287,
        107,
        224],
    [   136,
        326,
        282,
        355,
        71,
        260,
        276,
        251,
        111,
        357,
        156,
        443,
        230,
        258,
        0,
        123,
        328,
        29,
        291,
        146,
        356,
        57,
        371,
        122,
        109,
        175,
        114,
        158,
        264,
        427,
        38,
        247,
        86,
        438,
        95,
        322,
        294,
        173,
        163,
        66],
    [   214,
        318,
        397,
        401,
        186,
        250,
        209,
        369,
        174,
        345,
        38,
        388,
        342,
        379,
        123,
        0,
        348,
        152,
        253,
        125,
        448,
        175,
        430,
        243,
        66,
        217,
        236,
        138,
        231,
        379,
        95,
        301,
        38,
        373,
        136,
        295,
        317,
        199,
        287,
        160],
    [   208,
        77,
        332,
        87,
        374,
        110,
        228,
        340,
        218,
        89,
        340,
        242,
        293,
        359,
        328,
        348,
        0,
        323,
        157,
        223,
        248,
        363,
        137,
        380,
        283,
        153,
        324,
        210,
        154,
        214,
        352,
        108,
        343,
        268,
        236,
        125,
        34,
        157,
        362,
        267],
    [   122,
        327,
        253,
        343,
        56,
        264,
        292,
        221,
        105,
        359,
        184,
        454,
        202,
        229,
        29,
        152,
        323,
        0,
        300,
        159,
        333,
        43,
        355,
        97,
        131,
        170,
        85,
        170,
        273,
        436,
        66,
        235,
        114,
        451,
        99,
        328,
        288,
        172,
        135,
        55],
    [   230,
        87,
        419,
        242,
        357,
        63,
        74,
        413,
        210,
        104,
        231,
        154,
        367,
        431,
        291,
        253,
        157,
        300,
        0,
        146,
        379,
        343,
        290,
        386,
        201,
        168,
        342,
        133,
        27,
        135,
        299,
        201,
        265,
        157,
        201,
        46,
        147,
        146,
        393,
        254],
    [   133,
        196,
        338,
        280,
        214,
        128,
        134,
        320,
        95,
        225,
        119,
        297,
        282,
        335,
        146,
        125,
        223,
        159,
        146,
        0,
        352,
        200,
        313,
        252,
        61,
        105,
        217,
        14,
        120,
        281,
        152,
        186,
        124,
        292,
        66,
        181,
        192,
        81,
        271,
        122],
    [   233,
        321,
        147,
        174,
        356,
        317,
        434,
        180,
        274,
        338,
        461,
        491,
        154,
        194,
        356,
        448,
        248,
        333,
        379,
        352,
        0,
        352,
        131,
        321,
        389,
        248,
        272,
        348,
        363,
        462,
        395,
        180,
        422,
        514,
        312,
        363,
        239,
        275,
        269,
        295],
    [   158,
        370,
        256,
        378,
        13,
        307,
        333,
        220,
        146,
        402,
        211,
        496,
        210,
        224,
        57,
        175,
        363,
        43,
        343,
        200,
        352,
        0,
        387,
        68,
        167,
        211,
        84,
        212,
        316,
        479,
        80,
        271,
        137,
        493,
        142,
        371,
        328,
        215,
        120,
        96],
    [   235,
        214,
        257,
        50,
        395,
        234,
        356,
        280,
        265,
        224,
        433,
        376,
        239,
        298,
        371,
        430,
        137,
        355,
        290,
        313,
        131,
        387,
        0,
        379,
        365,
        213,
        322,
        304,
        281,
        347,
        405,
        129,
        414,
        404,
        297,
        262,
        143,
        232,
        341,
        304],
    [   173,
        400,
        205,
        379,
        60,
        342,
        386,
        166,
        177,
        431,
        278,
        540,
        169,
        167,
        122,
        243,
        380,
        97,
        386,
        252,
        321,
        68,
        379,
        0,
        229,
        235,
        57,
        262,
        359,
        520,
        149,
        278,
        205,
        541,
        187,
        408,
        346,
        247,
        60,
        132],
    [   157,
        257,
        352,
        335,
        180,
        188,
        171,
        329,
        116,
        286,
        72,
        346,
        296,
        340,
        109,
        66,
        283,
        131,
        201,
        61,
        389,
        167,
        365,
        229,
        0,
        152,
        206,
        75,
        176,
        333,
        102,
        235,
        64,
        336,
        77,
        239,
        251,
        133,
        261,
        116],
    [   64,
        165,
        255,
        186,
        222,
        112,
        199,
        246,
        64,
        196,
        221,
        316,
        201,
        263,
        175,
        217,
        153,
        170,
        168,
        105,
        248,
        211,
        213,
        235,
        152,
        0,
        183,
        100,
        143,
        293,
        202,
        83,
        202,
        325,
        87,
        178,
        118,
        27,
        230,
        114],
    [   119,
        348,
        172,
        322,
        85,
        293,
        350,
        138,
        131,
        379,
        266,
        495,
        126,
        144,
        114,
        236,
        324,
        85,
        342,
        217,
        272,
        84,
        322,
        57,
        206,
        183,
        0,
        225,
        315,
        474,
        151,
        221,
        200,
        498,
        150,
        360,
        291,
        198,
        54,
        94],
    [   134,
        182,
        340,
        269,
        226,
        113,
        125,
        324,
        99,
        211,
        130,
        284,
        284,
        339,
        158,
        138,
        210,
        170,
        133,
        14,
        348,
        212,
        304,
        262,
        75,
        100,
        225,
        0,
        106,
        268,
        166,
        178,
        139,
        280,
        75,
        167,
        180,
        74,
        279,
        131],
    [   204,
        94,
        396,
        235,
        330,
        47,
        75,
        389,
        183,
        117,
        211,
        181,
        344,
        406,
        264,
        231,
        154,
        273,
        27,
        120,
        363,
        316,
        281,
        359,
        176,
        143,
        315,
        106,
        0,
        162,
        273,
        184,
        241,
        183,
        174,
        63,
        138,
        120,
        366,
        227],
    [   358,
        144,
        531,
        296,
        492,
        181,
        171,
        531,
        343,
        124,
        350,
        28,
        484,
        549,
        427,
        379,
        214,
        436,
        135,
        281,
        462,
        479,
        347,
        520,
        333,
        293,
        474,
        268,
        162,
        0,
        433,
        302,
        395,
        62,
        336,
        115,
        226,
        275,
        523,
        389],
    [   170,
        343,
        320,
        386,
        91,
        275,
        274,
        288,
        140,
        373,
        132,
        447,
        269,
        295,
        38,
        95,
        352,
        66,
        299,
        152,
        395,
        80,
        405,
        149,
        102,
        202,
        151,
        166,
        273,
        433,
        0,
        278,
        57,
        438,
        116,
        333,
        318,
        196,
        197,
        102],
    [   113,
        158,
        230,
        108,
        281,
        138,
        254,
        234,
        137,
        183,
        304,
        328,
        186,
        253,
        247,
        301,
        108,
        235,
        201,
        186,
        180,
        271,
        129,
        278,
        235,
        83,
        221,
        178,
        184,
        302,
        278,
        0,
        285,
        346,
        168,
        192,
        80,
        105,
        255,
        181],
    [   189,
        321,
        363,
        389,
        148,
        253,
        230,
        334,
        151,
        350,
        74,
        407,
        309,
        343,
        86,
        38,
        343,
        114,
        265,
        124,
        422,
        137,
        414,
        205,
        64,
        202,
        200,
        139,
        241,
        395,
        57,
        285,
        0,
        395,
        116,
        304,
        311,
        189,
        249,
        129],
    [   387,
        193,
        572,
        353,
        507,
        214,
        165,
        569,
        367,
        180,
        341,
        39,
        522,
        586,
        438,
        373,
        268,
        451,
        157,
        292,
        514,
        493,
        404,
        541,
        336,
        325,
        498,
        280,
        183,
        62,
        438,
        346,
        395,
        0,
        353,
        154,
        275,
        303,
        550,
        408],
    [   79,
        230,
        278,
        273,
        156,
        165,
        200,
        257,
        38,
        262,
        149,
        355,
        222,
        271,
        95,
        136,
        236,
        99,
        201,
        66,
        312,
        142,
        297,
        187,
        77,
        87,
        150,
        75,
        174,
        336,
        116,
        168,
        116,
        353,
        0,
        228,
        202,
        79,
        204,
        55],
    [   243,
        48,
        419,
        212,
        384,
        66,
        118,
        417,
        230,
        58,
        275,
        139,
        370,
        435,
        322,
        295,
        125,
        328,
        46,
        181,
        363,
        371,
        262,
        408,
        239,
        178,
        360,
        167,
        63,
        115,
        333,
        192,
        304,
        154,
        228,
        0,
        124,
        161,
        408,
        278],
    [   174,
        82,
        309,
        97,
        340,
        91,
        213,
        314,
        183,
        104,
        311,
        254,
        266,
        333,
        294,
        317,
        34,
        288,
        147,
        192,
        239,
        328,
        143,
        346,
        251,
        118,
        291,
        180,
        138,
        226,
        318,
        80,
        311,
        275,
        202,
        124,
        0,
        123,
        330,
        233],
    [   84,
        155,
        281,
        202,
        228,
        95,
        172,
        270,
        69,
        186,
        200,
        297,
        227,
        287,
        173,
        199,
        157,
        172,
        146,
        81,
        275,
        215,
        232,
        247,
        133,
        27,
        198,
        74,
        120,
        275,
        196,
        105,
        189,
        303,
        79,
        161,
        123,
        0,
        248,
        119],
    [   165,
        393,
        145,
        348,
        115,
        342,
        404,
        107,
        183,
        423,
        319,
        545,
        115,
        107,
        163,
        287,
        362,
        135,
        393,
        271,
        269,
        120,
        341,
        60,
        261,
        230,
        54,
        279,
        366,
        523,
        197,
        255,
        249,
        550,
        204,
        408,
        330,
        248,
        0,
        149],
    [   69,
        274,
        238,
        289,
        108,
        212,
        256,
        212,
        50,
        306,
        183,
        408,
        182,
        224,
        66,
        160,
        267,
        55,
        254,
        122,
        295,
        96,
        304,
        132,
        116,
        114,
        94,
        131,
        227,
        389,
        102,
        181,
        129,
        408,
        55,
        278,
        233,
        119,
        149,
        0]]
;
task=[   245,
    317,
    126,
    171,
    258,
    374,
    84,
    22,
    115,
    19,
    12,
    17,
    303,
    177,
    82,
    158,
    73,
    352,
    11,
    45,
    103,
    91,
    285,
    72,
    32,
    0,
    108,
    29,
    264,
    83,
    149,
    391,
    36,
    13,
    505,
    98,
    476,
    496,
    199,
    71]
;
minW=[   16,
    76,
    41,
    50,
    33,
    57,
    14,
    226,
    18,
    176,
    180,
    314,
    186,
    4,
    39,
    126,
    39,
    18,
    123,
    0,
    3,
    198,
    174,
    11,
    100,
    0,
    110,
    27,
    132,
    50,
    40,
    35,
    177,
    138,
    17,
    134,
    59,
    24,
    4,
    77]
;
maxW=[   65,
    537,
    658,
    475,
    711,
    201,
    683,
    435,
    441,
    602,
    492,
    336,
    551,
    384,
    533,
    255,
    636,
    245,
    507,
    524,
    331,
    274,
    663,
    449,
    172,
    720,
    598,
    649,
    585,
    475,
    600,
    222,
    245,
    554,
    212,
    609,
    495,
    608,
    411,
    148]
;